Length, Proportion Bugs Caught, Average Time Per Mutant, Average Paths Per Mutant
3,2,0.0975112915041,1
4,3,0.100899855296,1
5,3,0.100899855296,1
6,4,0.10611641407,1
7,4,0.10611641407,1
8,5,0.110985326767,1
9,5,0.110985326767,1
10,5,0.110985326767,1
11,7,0.116038833346,1
12,7,0.116038833346,1
13,8,0.1202057302,1
14,9,0.123608403736,1
15,9,0.123608403736,1
16,11,0.129702979868,1
17,11,0.129702979868,1
18,11,0.129702979868,1
19,12,0.13199031353,1
20,12,0.13199031353,1
21,13,0.135674366584,1
22,13,0.135674366584,1
23,14,0.138174908502,1
24,14,0.138174908502,1
25,14,0.138174908502,1
26,14,0.138174908502,1
27,14,0.138174908502,1
28,14,0.138174908502,1
29,14,0.138174908502,1
30,14,0.138174908502,1
31,14,0.138174908502,1
32,14,0.138174908502,1
33,14,0.138174908502,1
34,14,0.138174908502,1
35,14,0.138174908502,1
36,14,0.138174908502,1
37,14,0.138174908502,1
38,16,0.139830932021,1
39,16,0.139830932021,1
40,16,0.139830932021,1
41,16,0.139830932021,1
42,16,0.139830932021,1
43,16,0.139830932021,1
44,17,0.14619364458,1
45,17,0.14619364458,1
46,17,0.14619364458,1
47,17,0.14619364458,1
48,17,0.14619364458,1
49,18,0.151160438856,1
50,18,0.151160438856,1
51,20,0.16155500412,1
52,20,0.16155500412,1
53,20,0.16155500412,1
54,20,0.16155500412,1
55,20,0.16155500412,1
56,20,0.16155500412,1
57,20,0.16155500412,1
58,21,0.167528334118,1
59,21,0.167528334118,1
60,21,0.167528334118,1
61,21,0.167528334118,1
62,21,0.167528334118,1
63,22,0.174463954839,1
64,22,0.174463954839,1
65,22,0.174463954839,1
66,22,0.174463954839,1
67,22,0.174463954839,1
68,22,0.174463954839,1
69,22,0.174463954839,1
70,22,0.174463954839,1
71,22,0.174463954839,1
72,22,0.174463954839,1
73,22,0.174463954839,1
74,23,0.182223216347,1
75,23,0.182223216347,1
76,23,0.182223216347,1
77,23,0.182223216347,1
78,23,0.182223216347,1
79,23,0.182223216347,1
80,23,0.182223216347,1
81,23,0.182223216347,1
82,23,0.182223216347,1
83,23,0.182223216347,1
84,23,0.182223216347,1
85,23,0.182223216347,1
86,23,0.182223216347,1
87,23,0.182223216347,1
88,23,0.182223216347,1
89,23,0.182223216347,1
90,23,0.182223216347,1
91,23,0.182223216347,1
92,23,0.182223216347,1
93,23,0.182223216347,1
94,24,0.188868413369,1
95,24,0.188868413369,1
96,24,0.188868413369,1
97,24,0.188868413369,1
98,24,0.188868413369,1
99,24,0.188868413369,1
100,24,0.188868413369,1
101,25,0.202034282684,1
102,25,0.202034282684,1
103,25,0.202034282684,1
104,25,0.202034282684,1
105,25,0.202034282684,1
106,25,0.202034282684,1
107,25,0.202034282684,1
108,25,0.202034282684,1
109,25,0.202034282684,1
110,25,0.202034282684,1
111,25,0.202034282684,1
112,25,0.202034282684,1
113,25,0.202034282684,1
114,25,0.202034282684,1
115,25,0.202034282684,1
116,25,0.202034282684,1
117,25,0.202034282684,1
118,25,0.202034282684,1
119,25,0.202034282684,1
120,25,0.202034282684,1
121,25,0.202034282684,1
122,25,0.202034282684,1
123,25,0.202034282684,1
124,25,0.202034282684,1
125,25,0.202034282684,1
126,25,0.202034282684,1
127,25,0.202034282684,1
128,25,0.202034282684,1
129,25,0.202034282684,1
130,25,0.202034282684,1
131,25,0.202034282684,1
132,25,0.202034282684,1
133,25,0.202034282684,1
134,25,0.202034282684,1
135,25,0.202034282684,1
136,25,0.202034282684,1
137,25,0.202034282684,1
138,25,0.202034282684,1
139,25,0.202034282684,1
140,25,0.202034282684,1
141,25,0.202034282684,1
142,25,0.202034282684,1
143,25,0.202034282684,1
144,25,0.202034282684,1
145,25,0.202034282684,1
146,25,0.202034282684,1
147,25,0.202034282684,1
148,25,0.202034282684,1
149,25,0.202034282684,1
150,25,0.202034282684,1
151,25,0.202034282684,1
152,25,0.202034282684,1
153,25,0.202034282684,1
154,25,0.202034282684,1
155,25,0.202034282684,1
156,25,0.202034282684,1
157,25,0.202034282684,1
158,25,0.202034282684,1
159,25,0.202034282684,1
160,25,0.202034282684,1
161,25,0.202034282684,1
162,25,0.202034282684,1
163,25,0.202034282684,1
164,25,0.202034282684,1
165,25,0.202034282684,1
166,25,0.202034282684,1
167,25,0.202034282684,1
168,25,0.202034282684,1
169,25,0.202034282684,1
170,25,0.202034282684,1
171,25,0.202034282684,1
172,25,0.202034282684,1
173,25,0.202034282684,1
174,25,0.202034282684,1
175,25,0.202034282684,1
176,25,0.202034282684,1
177,25,0.202034282684,1
178,25,0.202034282684,1
179,25,0.202034282684,1
180,25,0.202034282684,1
181,25,0.202034282684,1
182,25,0.202034282684,1
183,25,0.202034282684,1
184,25,0.202034282684,1
185,25,0.202034282684,1
186,25,0.202034282684,1
187,25,0.202034282684,1
188,25,0.202034282684,1
189,25,0.202034282684,1
190,25,0.202034282684,1
191,25,0.202034282684,1
192,25,0.202034282684,1
193,25,0.202034282684,1
194,25,0.202034282684,1
195,25,0.202034282684,1
196,25,0.202034282684,1
197,25,0.202034282684,1
198,25,0.202034282684,1
199,25,0.202034282684,1
200,25,0.202034282684,1
201,25,0.202034282684,1
202,25,0.202034282684,1
203,25,0.202034282684,1
204,25,0.202034282684,1
205,25,0.202034282684,1
206,25,0.202034282684,1
207,25,0.202034282684,1
208,25,0.202034282684,1
209,25,0.202034282684,1
210,25,0.202034282684,1
211,25,0.202034282684,1
212,25,0.202034282684,1
213,25,0.202034282684,1
214,25,0.202034282684,1
215,25,0.202034282684,1
216,25,0.202034282684,1
217,25,0.202034282684,1
218,25,0.202034282684,1
219,25,0.202034282684,1
220,25,0.202034282684,1
221,25,0.202034282684,1
222,25,0.202034282684,1
223,25,0.202034282684,1
224,25,0.202034282684,1
225,25,0.202034282684,1
226,25,0.202034282684,1
227,25,0.202034282684,1
228,25,0.202034282684,1
229,25,0.202034282684,1
230,25,0.202034282684,1
231,25,0.202034282684,1
232,25,0.202034282684,1
233,25,0.202034282684,1
234,25,0.202034282684,1
235,25,0.202034282684,1
236,25,0.202034282684,1
237,25,0.202034282684,1
238,25,0.202034282684,1
239,25,0.202034282684,1
240,25,0.202034282684,1
241,25,0.202034282684,1
242,25,0.202034282684,1
243,25,0.202034282684,1
244,25,0.202034282684,1
245,25,0.202034282684,1
246,25,0.202034282684,1
247,25,0.202034282684,1
248,25,0.202034282684,1
249,25,0.202034282684,1
250,25,0.202034282684,1
251,25,0.202034282684,1
252,25,0.202034282684,1
253,25,0.202034282684,1
254,25,0.202034282684,1
255,25,0.202034282684,1
256,25,0.202034282684,1
257,25,0.202034282684,1
258,25,0.202034282684,1
259,25,0.202034282684,1
260,25,0.202034282684,1
261,25,0.202034282684,1
262,25,0.202034282684,1
263,25,0.202034282684,1
264,25,0.202034282684,1
265,25,0.202034282684,1
266,25,0.202034282684,1
267,25,0.202034282684,1
268,25,0.202034282684,1
269,25,0.202034282684,1
270,25,0.202034282684,1
271,25,0.202034282684,1
272,25,0.202034282684,1
273,25,0.202034282684,1
274,25,0.202034282684,1
275,25,0.202034282684,1
276,25,0.202034282684,1
277,25,0.202034282684,1
278,25,0.202034282684,1
279,25,0.202034282684,1
280,25,0.202034282684,1
281,25,0.202034282684,1
282,25,0.202034282684,1
283,25,0.202034282684,1
284,25,0.202034282684,1
285,25,0.202034282684,1
286,25,0.202034282684,1
287,25,0.202034282684,1
288,25,0.202034282684,1
289,25,0.202034282684,1
290,25,0.202034282684,1
291,25,0.202034282684,1
292,25,0.202034282684,1
293,25,0.202034282684,1
294,25,0.202034282684,1
295,25,0.202034282684,1
296,25,0.202034282684,1
297,25,0.202034282684,1
298,25,0.202034282684,1
299,25,0.202034282684,1
