0,0,0.0600709915161,1
0,0,0.0613548755646,1
0,0,0.0657379627228,1
0,0,0.0580070018768,1
0,0,0.0545570850372,1
0,0,0.0585510730743,1
0,0,0.0599858760834,1
0,0,0.0579228401184,1
0,0,0.0548799037933,1
0,0,0.0649750232697,1
1,0,0.0621449947357,1
1,0,0.0621309280396,1
1,0,0.0618751049042,1
1,0,0.0636229515076,1
1,0,0.0612590312958,1
1,0,0.0626699924469,1
1,0,0.0631248950958,1
1,0,0.0622260570526,1
1,0,0.0623509883881,1
1,0,0.0617589950562,1
2,0,0.0615818500519,1
2,0,0.0644419193268,1
2,0,0.0622510910034,1
2,0,0.0614941120148,1
2,0,0.0609219074249,1
2,0,0.0614051818848,1
2,0,0.0620641708374,1
2,0,0.0618891716003,1
2,0,0.0690331459045,1
2,0,0.06196808815,1
3,0,0.0615739822388,1
3,0,0.0646831989288,1
3,0,0.063068151474,1
3,0,0.0619039535522,1
3,0,0.065817117691,1
3,0,0.0608038902283,1
3,0,0.0616159439087,1
3,0,0.0642120838165,1
3,0,0.0647277832031,1
3,0,0.0633862018585,1
4,0,0.0653848648071,1
4,0,0.0667481422424,1
4,0,0.0655949115753,1
4,0,0.0633029937744,1
4,0,0.0662989616394,1
4,0,0.0642230510712,1
4,0,0.0642039775848,1
4,0,0.0635001659393,1
4,0,0.066547870636,1
4,0,0.0620141029358,1
5,0,0.0714559555054,1
5,0,0.0762679576874,1
5,0,0.0707120895386,1
5,0,0.080846786499,1
5,0,0.0697190761566,1
5,0,0.072340965271,1
5,0,0.0748550891876,1
5,0,0.0758678913116,1
5,0,0.077027797699,1
5,0,0.0794658660889,1
6,0,0.071142911911,1
6,0,0.0759470462799,1
6,0,0.0733561515808,1
6,0,0.0813870429993,1
6,0,0.0749788284302,1
6,0,0.0745301246643,1
6,0,0.0757250785828,1
6,0,0.0752019882202,1
6,0,0.0730531215668,1
6,0,0.0780398845673,1
7,0,0.0734691619873,1
7,0,0.0778429508209,1
7,0,0.0760960578918,1
7,0,0.0730772018433,1
7,0,0.0763499736786,1
7,0,0.0724279880524,1
7,0,0.0744099617004,1
7,0,0.0738980770111,1
7,0,0.0783228874207,1
7,0,0.0723581314087,1
8,0,0.071151971817,1
8,0,0.0748400688171,1
8,0,0.069883108139,1
8,0,0.0769920349121,1
8,0,0.0727269649506,1
8,0,0.0807161331177,1
8,0,0.0727229118347,1
8,0,0.0745139122009,1
8,0,0.0773088932037,1
8,0,0.0710408687592,1
9,0,0.0714650154114,1
9,0,0.0772728919983,1
9,0,0.0717158317566,1
9,0,0.0760037899017,1
9,0,0.0779540538788,1
9,0,0.0745320320129,1
9,0,0.0759999752045,1
9,0,0.0747790336609,1
9,0,0.076162815094,1
9,0,0.0732090473175,1
10,0,0.0770289897919,1
10,0,0.0834989547729,1
10,0,0.0832149982452,1
10,0,0.0767321586609,1
10,0,0.0795149803162,1
10,0,0.0782508850098,1
10,0,0.0842349529266,1
10,0,0.0808520317078,1
10,0,0.0780048370361,1
10,0,0.0806849002838,1
11,0,0.0799582004547,1
11,0,0.0865449905396,1
11,0,0.0873668193817,1
11,0,0.0860569477081,1
11,0,0.0813779830933,1
11,0,0.0809700489044,1
11,0,0.0862030982971,1
11,0,0.082123041153,1
11,0,0.0774269104004,1
11,0,0.0828080177307,1
12,0,0.0799460411072,1
12,0,0.080060005188,1
12,0,0.0793700218201,1
12,0,0.0793690681458,1
12,0,0.0804269313812,1
12,0,0.0802857875824,1
12,0,0.0817890167236,1
12,0,0.0841059684753,1
12,0,0.0769031047821,1
12,0,0.0809791088104,1
13,0,0.0787470340729,1
13,0,0.0861098766327,1
13,0,0.0787451267242,1
13,0,0.0790147781372,1
13,0,0.0810570716858,1
13,0,0.0815079212189,1
13,0,0.0834519863129,1
13,0,0.0819549560547,1
13,0,0.0786108970642,1
13,0,0.0833559036255,1
14,0,0.0775310993195,1
14,0,0.0809540748596,1
14,0,0.0805418491364,1
14,0,0.0766739845276,1
14,0,0.0812950134277,1
14,0,0.0821940898895,1
14,0,0.0849270820618,1
14,0,0.0809390544891,1
14,0,0.0767471790314,1
14,0,0.0838119983673,1
15,0,0.0856969356537,1
15,0,0.082456111908,1
15,0,0.0868921279907,1
15,0,0.0835809707642,1
15,0,0.0867440700531,1
15,0,0.0902409553528,1
15,0,0.0888609886169,1
15,0,0.082866191864,1
15,0,0.0891661643982,1
15,0,0.0849199295044,1
16,0,0.0859961509705,1
16,0,0.0826678276062,1
16,0,0.0846350193024,1
16,0,0.083957195282,1
16,0,0.0868639945984,1
16,0,0.0881419181824,1
16,0,0.0877838134766,1
16,0,0.0819940567017,1
16,0,0.0875020027161,1
16,0,0.0884099006653,1
17,0,0.0853998661041,1
17,0,0.0865769386292,1
17,0,0.0878360271454,1
17,0,0.0854499340057,1
17,0,0.0913200378418,1
17,0,0.0887670516968,1
17,0,0.0889019966125,1
17,0,0.0850141048431,1
17,0,0.0965411663055,1
17,0,0.0835249423981,1
18,0,0.0852401256561,1
18,0,0.0845038890839,1
18,0,0.0859889984131,1
18,0,0.0899319648743,1
18,0,0.0895199775696,1
18,0,0.0899059772491,1
18,0,0.0900821685791,1
18,0,0.0817151069641,1
18,0,0.0887200832367,1
18,0,0.0833511352539,1
19,0,0.0844850540161,1
19,0,0.083505153656,1
19,0,0.0893199443817,1
19,0,0.08069896698,1
19,0,0.0886619091034,1
19,0,0.0884220600128,1
19,0,0.0901899337769,1
19,0,0.0841519832611,1
19,0,0.0910460948944,1
19,0,0.0834197998047,1
20,0,0.0957291126251,1
20,0,0.102631092072,1
20,0,0.0963339805603,1
20,0,0.0964760780334,1
20,0,0.0897479057312,1
20,0,0.0886430740356,1
20,0,0.0945990085602,1
20,0,0.0953919887543,1
20,0,0.0926449298859,1
20,0,0.0908319950104,1
21,0,0.0979518890381,1
21,0,0.0954720973969,1
21,0,0.101093053818,1
21,0,0.100637197495,1
21,0,0.0956661701202,1
21,0,0.0907030105591,1
21,0,0.099949836731,1
21,0,0.100563764572,1
21,0,0.0949420928955,1
21,0,0.0911810398102,1
22,0,0.0987868309021,1
22,0,0.0996148586273,1
22,0,0.101988792419,1
22,0,0.100739002228,1
22,0,0.0949988365173,1
22,0,0.0936009883881,1
22,0,0.101547956467,1
22,0,0.101463794708,1
22,0,0.0948858261108,1
22,0,0.0942029953003,1
23,0,0.104110956192,1
23,0,0.0997548103333,1
23,0,0.10224199295,1
23,0,0.103167057037,1
23,0,0.0948209762573,1
23,0,0.0917239189148,1
23,0,0.0993511676788,1
23,0,0.100986003876,1
23,0,0.0970649719238,1
23,0,0.0949120521545,1
24,0,0.103738069534,1
24,0,0.102791786194,1
24,0,0.106220006943,1
24,0,0.099858045578,1
24,0,0.0943601131439,1
24,0,0.0935280323029,1
24,0,0.100973129272,1
24,0,0.101334095001,1
24,0,0.0952091217041,1
24,0,0.0952060222626,1
25,0,0.114634990692,1
25,0,0.107084035873,1
25,0,0.0986890792847,1
25,0,0.102298974991,1
25,0,0.0980491638184,1
25,0,0.112704992294,1
25,0,0.0962820053101,1
25,0,0.096403837204,1
25,0,0.102478027344,1
25,0,0.105752944946,1
26,0,0.105267763138,1
26,0,0.107748031616,1
26,0,0.10404086113,1
26,0,0.108543872833,1
26,0,0.0994679927826,1
26,0,0.11035323143,1
26,0,0.104264974594,1
26,0,0.100430965424,1
26,0,0.0989339351654,1
26,0,0.105650186539,1
27,0,0.11333990097,1
27,0,0.110355854034,1
27,0,0.101111888885,1
27,0,0.11151599884,1
27,0,0.100917816162,1
27,0,0.109981060028,1
27,0,0.102340936661,1
27,0,0.10070514679,1
27,0,0.100238084793,1
27,0,0.107513189316,1
28,0,0.107464075089,1
28,0,0.115991830826,1
28,0,0.103786945343,1
28,0,0.104140043259,1
28,0,0.0962090492249,1
28,0,0.107177972794,1
28,0,0.0991580486298,1
28,0,0.0964608192444,1
28,0,0.0962429046631,1
28,0,0.101128816605,1
29,0,0.103394031525,1
29,0,0.106147050858,1
29,0,0.0950920581818,1
29,0,0.105010032654,1
29,0,0.0967991352081,1
29,0,0.108347177505,1
29,0,0.0979280471802,1
29,0,0.0962839126587,1
29,0,0.0980041027069,1
29,0,0.104375123978,1
30,0,0.109875917435,1
30,0,0.103462934494,1
30,0,0.10604596138,1
30,0,0.108884811401,1
30,0,0.109045028687,1
30,0,0.106753110886,1
30,0,0.107662916183,1
30,0,0.107768058777,1
30,0,0.108153104782,1
30,0,0.107612848282,1
31,0,0.112153053284,1
31,0,0.0994699001312,1
31,0,0.104249954224,1
31,0,0.105541944504,1
31,0,0.106599092484,1
31,0,0.101972818375,1
31,0,0.115493059158,1
31,0,0.109830141068,1
31,0,0.107413053513,1
31,0,0.109060049057,1
32,0,0.112962961197,1
32,0,0.10147690773,1
32,0,0.105866909027,1
32,0,0.114520072937,1
32,0,0.111765146255,1
32,0,0.103468179703,1
32,0,0.111159801483,1
32,0,0.111649990082,1
32,0,0.111916065216,1
32,0,0.113332986832,1
33,0,0.113849163055,1
33,0,0.103582859039,1
33,0,0.100399017334,1
33,0,0.11411690712,1
33,0,0.12007689476,1
33,0,0.104840993881,1
33,0,0.108513116837,1
33,0,0.107378959656,1
33,0,0.112830162048,1
33,0,0.116928100586,1
34,0,0.112065076828,1
34,0,0.102489948273,1
34,0,0.106815814972,1
34,0,0.121436834335,1
34,0,0.121367931366,1
34,0,0.116008043289,1
34,0,0.126055955887,1
34,0,0.137717962265,1
34,0,0.135890960693,1
34,0,0.142254114151,1
35,0,0.154868125916,1
35,0,0.156250953674,1
35,0,0.159661054611,1
35,0,0.152893066406,1
35,0,0.118232965469,1
35,0,0.116706848145,1
35,0,0.111428022385,1
35,0,0.112012863159,1
35,0,0.110875844955,1
35,0,0.126725912094,1
36,0,0.109313011169,1
36,0,0.117547035217,1
36,0,0.122782945633,1
36,0,0.121746063232,1
36,0,0.107589006424,1
36,0,0.107222080231,1
36,0,0.108247041702,1
36,0,0.108564853668,1
36,0,0.105189085007,1
36,0,0.120599031448,1
37,0,0.1101770401,1
37,0,0.123022079468,1
37,0,0.120386123657,1
37,0,0.130012989044,1
37,0,0.116479873657,1
37,0,0.111810922623,1
37,0,0.106729984283,1
37,0,0.10763502121,1
37,0,0.104969024658,1
37,0,0.116457939148,1
38,0,0.115174055099,1
38,0,0.114634990692,1
38,0,0.122138023376,1
38,0,0.130450963974,1
38,0,0.10679101944,1
38,0,0.108346939087,1
38,0,0.10736489296,1
38,0,0.108114004135,1
38,0,0.107706069946,1
38,0,0.123158931732,1
39,0,0.108217954636,1
39,0,0.122434854507,1
39,0,0.122475862503,1
39,0,0.131126880646,1
39,0,0.1164021492,1
39,0,0.114447832108,1
39,0,0.107579946518,1
39,0,0.111723899841,1
39,0,0.109758138657,1
39,0,0.121258974075,1
40,0,0.118783950806,1
40,0,0.133641958237,1
40,0,0.118281841278,1
40,0,0.127120018005,1
40,0,0.115991830826,1
40,0,0.11391210556,1
40,0,0.118628978729,1
40,0,0.134259939194,1
40,0,0.114660024643,1
40,0,0.117269039154,1
41,0,0.116726160049,1
41,0,0.132909059525,1
41,0,0.120949983597,1
41,0,0.129486083984,1
41,0,0.117473840714,1
41,0,0.116432905197,1
41,0,0.115193128586,1
41,0,0.136615037918,1
41,0,0.119469165802,1
41,0,0.120244979858,1
42,0,0.120090961456,1
42,0,0.131383895874,1
42,0,0.11994600296,1
42,0,0.135320901871,1
42,0,0.115713834763,1
42,0,0.120271205902,1
42,0,0.118559837341,1
42,0,0.140275001526,1
42,0,0.117852926254,1
42,0,0.120092153549,1
43,0,0.12193608284,1
43,0,0.129991054535,1
43,0,0.117149829865,1
43,0,0.129323959351,1
43,0,0.115907907486,1
43,0,0.117093086243,1
43,0,0.117429018021,1
43,0,0.142433166504,1
43,0,0.117573976517,1
43,0,0.114094018936,1
44,0,0.114846944809,1
44,0,0.128739833832,1
44,0,0.116802930832,1
44,0,0.130368947983,1
44,0,0.111849069595,1
44,0,0.111391067505,1
44,0,0.118715047836,1
44,0,0.134552001953,1
44,0,0.114329099655,1
44,0,0.116319894791,1
45,0,0.131701946259,1
45,0,0.130573987961,1
45,0,0.1435110569,1
45,0,0.13080406189,1
45,0,0.135480880737,1
45,0,0.128295898438,1
45,0,0.134728908539,1
45,0,0.1329870224,1
45,0,0.122357130051,1
45,0,0.138707876205,1
46,0,0.134634017944,1
46,0,0.124795913696,1
46,0,0.142196893692,1
46,0,0.140779972076,1
46,0,0.137653827667,1
46,0,0.124022960663,1
46,0,0.132813930511,1
46,0,0.130619049072,1
46,0,0.1238489151,1
46,0,0.132246017456,1
47,0,0.141053915024,1
47,0,0.120348930359,1
47,0,0.141695022583,1
47,0,0.141289949417,1
47,0,0.136214017868,1
47,0,0.123143911362,1
47,0,0.136807918549,1
47,0,0.134044885635,1
47,0,0.125673055649,1
47,0,0.14567399025,1
48,0,0.133057117462,1
48,0,0.125298023224,1
48,0,0.150067806244,1
48,0,0.138669967651,1
48,0,0.132601976395,1
48,0,0.124353885651,1
48,0,0.135060071945,1
48,0,0.13825917244,1
48,0,0.129789113998,1
48,0,0.137532949448,1
49,0,0.138431072235,1
49,0,0.128281116486,1
49,0,0.145465135574,1
49,0,0.14056801796,1
49,0,0.135778903961,1
49,0,0.122409105301,1
49,0,0.14084482193,1
49,0,0.137387990952,1
49,0,0.119707107544,1
49,0,0.129616975784,1
50,0,0.143585205078,1
50,0,0.126596212387,1
50,0,0.127161979675,1
50,0,0.1511759758,1
50,0,0.12890291214,1
50,0,0.142484903336,1
50,0,0.129187107086,1
50,0,0.141659021378,1
50,0,0.139158010483,1
50,0,0.123984098434,1
51,0,0.144617795944,1
51,0,0.126905918121,1
51,0,0.129177093506,1
51,0,0.140997171402,1
51,0,0.12971997261,1
51,0,0.142314910889,1
51,0,0.129698991776,1
51,0,0.142294883728,1
51,0,0.140763044357,1
51,0,0.126310825348,1
52,0,0.146035909653,1
52,0,0.126802921295,1
52,0,0.127454042435,1
52,0,0.148486852646,1
52,0,0.128349065781,1
52,0,0.141397953033,1
52,0,0.127878904343,1
52,0,0.142658948898,1
52,0,0.133986949921,1
52,0,0.132593154907,1
53,0,0.146580934525,1
53,0,0.127593994141,1
53,0,0.131425142288,1
53,0,0.14253115654,1
53,0,0.127424001694,1
53,0,0.139465093613,1
53,0,0.128218889236,1
53,0,0.143049001694,1
53,0,0.149094104767,1
53,0,0.125798940659,1
54,0,0.143916845322,1
54,0,0.130357027054,1
54,0,0.127540111542,1
54,0,0.143121004105,1
54,0,0.125497817993,1
54,0,0.145945072174,1
54,0,0.128988981247,1
54,0,0.148770093918,1
54,0,0.147816896439,1
54,0,0.128376960754,1
55,0,0.137442111969,1
55,0,0.136730194092,1
55,0,0.141893863678,1
55,0,0.158286094666,1
55,0,0.154396057129,1
55,0,0.15367102623,1
55,0,0.14072394371,1
55,0,0.160567998886,1
55,0,0.137455940247,1
55,0,0.139302015305,1
56,0,0.143810987473,1
56,0,0.138155937195,1
56,0,0.136835813522,1
56,0,0.161071062088,1
56,0,0.15589594841,1
56,0,0.154237031937,1
56,0,0.141215085983,1
56,0,0.157927036285,1
56,0,0.137445926666,1
56,0,0.135901927948,1
57,0,0.135276079178,1
57,0,0.143604040146,1
57,0,0.141802072525,1
57,0,0.154978990555,1
57,0,0.154938936234,1
57,0,0.156558036804,1
57,0,0.138513088226,1
57,0,0.160933971405,1
57,0,0.134342908859,1
57,0,0.140647888184,1
58,0,0.138122081757,1
58,0,0.13757610321,1
58,0,0.139157056808,1
58,0,0.156316995621,1
58,0,0.155673027039,1
58,0,0.159059047699,1
58,0,0.138673067093,1
58,0,0.159389019012,1
58,0,0.14214682579,1
58,0,0.136132955551,1
59,0,0.135443925858,1
59,0,0.139414072037,1
59,0,0.136421918869,1
59,0,0.156162023544,1
59,0,0.154605150223,1
59,0,0.154417037964,1
59,0,0.139569044113,1
59,0,0.158790826797,1
59,0,0.131645917892,1
59,0,0.13582110405,1
60,0,0.170326948166,1
60,0,0.176445007324,1
60,0,0.165906906128,1
60,0,0.142987966537,1
60,0,0.171792030334,1
60,0,0.159788131714,1
60,0,0.16036605835,1
60,0,0.148490190506,1
60,0,0.152621030807,1
60,0,0.145617961884,1
61,0,0.163317918777,1
61,0,0.164570093155,1
61,0,0.166311979294,1
61,0,0.148530960083,1
61,0,0.166388988495,1
61,0,0.167620182037,1
61,0,0.171801805496,1
61,0,0.144948959351,1
61,0,0.14456486702,1
61,0,0.146795988083,1
62,0,0.165496110916,1
62,0,0.171766996384,1
62,0,0.168001890182,1
62,0,0.151087999344,1
62,0,0.165117025375,1
62,0,0.160238981247,1
62,0,0.164137840271,1
62,0,0.142639875412,1
62,0,0.143606185913,1
62,0,0.149839878082,1
63,0,0.161271095276,1
63,0,0.173928022385,1
63,0,0.169986009598,1
63,0,0.141793012619,1
63,0,0.163677930832,1
63,0,0.15983915329,1
63,0,0.166663169861,1
63,0,0.146414041519,1
63,0,0.143702030182,1
63,0,0.145915031433,1
64,0,0.160736083984,1
64,0,0.171355962753,1
64,0,0.168723106384,1
64,0,0.143831014633,1
64,0,0.170783996582,1
64,0,0.168673038483,1
64,0,0.164283037186,1
64,0,0.141638040543,1
64,0,0.142156839371,1
64,0,0.142524957657,1
65,0,0.180129051208,1
65,0,0.175623893738,1
65,0,0.145586013794,1
65,0,0.150791883469,1
65,0,0.174622058868,1
65,0,0.152044057846,1
65,0,0.181320905685,1
65,0,0.172196865082,1
65,0,0.173618078232,1
65,0,0.154868125916,1
66,0,0.177045106888,1
66,0,0.165605068207,1
66,0,0.150611877441,1
66,0,0.156351089478,1
66,0,0.181980848312,1
66,0,0.1591360569,1
66,0,0.171029806137,1
66,0,0.161694049835,1
66,0,0.166976928711,1
66,0,0.151263952255,1
67,0,0.17754983902,1
67,0,0.171706199646,1
67,0,0.15007185936,1
67,0,0.153934955597,1
67,0,0.178246974945,1
67,0,0.15492105484,1
67,0,0.169804096222,1
67,0,0.164613962173,1
67,0,0.175671100616,1
67,0,0.150592088699,1
68,0,0.185096025467,1
68,0,0.191644191742,1
68,0,0.147922039032,1
68,0,0.148015975952,1
68,0,0.174479007721,1
68,0,0.151181221008,1
68,0,0.169303178787,1
68,0,0.178730010986,1
68,0,0.166715860367,1
68,0,0.145867109299,1
69,0,0.176805973053,1
69,0,0.169208049774,1
69,0,0.147416114807,1
69,0,0.144155025482,1
69,0,0.167592048645,1
69,0,0.154797077179,1
69,0,0.171753168106,1
69,0,0.177175045013,1
69,0,0.167706012726,1
69,0,0.151387929916,1
70,0,0.176297903061,1
70,0,0.181827068329,1
70,0,0.156265974045,1
70,0,0.153952121735,1
70,0,0.156481981277,1
70,0,0.18190908432,1
70,0,0.179305076599,1
70,0,0.171544790268,1
70,0,0.156100988388,1
70,0,0.154948949814,1
71,0,0.176378965378,1
71,0,0.186763048172,1
71,0,0.154413938522,1
71,0,0.156682014465,1
71,0,0.150325059891,1
71,0,0.179157018661,1
71,0,0.169256210327,1
71,0,0.179442882538,1
71,0,0.156947851181,1
71,0,0.152713060379,1
72,0,0.183629989624,1
72,0,0.18119597435,1
72,0,0.151066064835,1
72,0,0.152511119843,1
72,0,0.15526509285,1
72,0,0.175523996353,1
72,0,0.176362991333,1
72,0,0.179652929306,1
72,0,0.15419793129,1
72,0,0.155878067017,1
73,0,0.173379182816,1
73,0,0.178999185562,1
73,0,0.15349817276,1
73,0,0.161196947098,1
73,0,0.153590917587,1
73,0,0.178173065186,1
73,0,0.17325091362,1
73,0,0.178906202316,1
73,0,0.150709867477,1
73,0,0.149290800095,1
74,0,0.178029060364,1
74,0,0.174851179123,1
74,0,0.161955118179,1
74,0,0.151155948639,1
74,0,0.15296292305,1
74,0,0.178122997284,1
74,0,0.167320966721,1
74,0,0.178996086121,1
74,0,0.152286052704,1
74,0,0.150133132935,1
75,0,0.162259101868,1
75,0,0.182676076889,1
75,0,0.154623985291,1
75,0,0.177933931351,1
75,0,0.155679941177,1
75,0,0.151334047318,1
75,0,0.152131795883,1
75,0,0.182868003845,1
75,0,0.181691169739,1
75,0,0.193470001221,1
76,0,0.159534931183,1
76,0,0.197556972504,1
76,0,0.162087917328,1
76,0,0.178280830383,1
76,0,0.167444944382,1
76,0,0.159213066101,1
76,0,0.17189002037,1
76,0,0.1990878582,1
76,0,0.197036981583,1
76,0,0.195626020432,1
77,0,0.163827896118,1
77,0,0.193343162537,1
77,0,0.169934988022,1
77,0,0.186782121658,1
77,0,0.164957046509,1
77,0,0.166642904282,1
77,0,0.165382862091,1
77,0,0.197964191437,1
77,0,0.183734893799,1
77,0,0.199645042419,1
78,0,0.163182020187,1
78,0,0.197579145432,1
78,0,0.161150932312,1
78,0,0.184113025665,1
78,0,0.161484956741,1
78,0,0.159241199493,1
78,0,0.165578126907,1
78,0,0.194925069809,1
78,0,0.194490909576,1
78,0,0.189895868301,1
79,0,0.156113147736,1
79,0,0.18325304985,1
79,0,0.159319162369,1
79,0,0.185178995132,1
79,0,0.158262014389,1
79,0,0.161763906479,1
79,0,0.157672166824,1
79,0,0.193156957626,1
79,0,0.183935880661,1
79,0,0.192896127701,1
80,0,0.199609994888,1
80,0,0.191931009293,1
80,0,0.199528932571,1
80,0,0.166658878326,1
80,0,0.19592499733,1
80,0,0.205775976181,1
80,0,0.211536169052,1
80,0,0.198631048203,1
80,0,0.167330980301,1
80,0,0.19606089592,1
81,0,0.195990085602,1
81,0,0.193925142288,1
81,0,0.197668075562,1
81,0,0.168620109558,1
81,0,0.197437047958,1
81,0,0.199704885483,1
81,0,0.202119112015,1
81,0,0.193692922592,1
81,0,0.167745113373,1
81,0,0.188709974289,1
82,0,0.195550203323,1
82,0,0.188824892044,1
82,0,0.200354814529,1
82,0,0.166740894318,1
82,0,0.19898891449,1
82,0,0.196496963501,1
82,0,0.205373048782,1
82,0,0.200899124146,1
82,0,0.171619176865,1
82,0,0.192049980164,1
83,0,0.19638800621,1
83,0,0.189284801483,1
83,0,0.198585987091,1
83,0,0.163303136826,1
83,0,0.201245069504,1
83,0,0.195681095123,1
83,0,0.206439971924,1
83,0,0.196640968323,1
83,0,0.164247989655,1
83,0,0.191921949387,1
84,0,0.193696022034,1
84,0,0.183986902237,1
84,0,0.192429065704,1
84,0,0.168175935745,1
84,0,0.189092159271,1
84,0,0.188602924347,1
84,0,0.199168920517,1
84,0,0.197004079819,1
84,0,0.160166978836,1
84,0,0.193717956543,1
85,0,0.212877988815,1
85,0,0.207914113998,1
85,0,0.177659034729,1
85,0,0.180414199829,1
85,0,0.17643404007,1
85,0,0.170220851898,1
85,0,0.173930883408,1
85,0,0.173179149628,1
85,0,0.212158918381,1
85,0,0.197626113892,1
86,0,0.214601993561,1
86,0,0.204107046127,1
86,0,0.171402931213,1
86,0,0.1769759655,1
86,0,0.172611951828,1
86,0,0.172987937927,1
86,0,0.186972141266,1
86,0,0.169020175934,1
86,0,0.212247848511,1
86,0,0.201079130173,1
87,0,0.220335006714,1
87,0,0.207094907761,1
87,0,0.180202960968,1
87,0,0.174986124039,1
87,0,0.174570083618,1
87,0,0.173902988434,1
87,0,0.175291061401,1
87,0,0.173086166382,1
87,0,0.220084905624,1
87,0,0.196425914764,1
88,0,0.210941076279,1
88,0,0.20179605484,1
88,0,0.179126977921,1
88,0,0.17415189743,1
88,0,0.172080993652,1
88,0,0.172347068787,1
88,0,0.171123981476,1
88,0,0.166855812073,1
88,0,0.205307006836,1
88,0,0.20795083046,1
89,0,0.206072092056,1
89,0,0.209969997406,1
89,0,0.168172836304,1
89,0,0.170372962952,1
89,0,0.168184041977,1
89,0,0.170918941498,1
89,0,0.171881914139,1
89,0,0.174329042435,1
89,0,0.217409849167,1
89,0,0.220236063004,1
90,0,0.213183879852,1
90,0,0.219470977783,1
90,0,0.208770990372,1
90,0,0.212646007538,1
90,0,0.212656021118,1
90,0,0.180860996246,1
90,0,0.209962129593,1
90,0,0.18114900589,1
90,0,0.216315031052,1
90,0,0.211743831635,1
91,0,0.212443828583,1
91,0,0.211645841599,1
91,0,0.213660001755,1
91,0,0.21267914772,1
91,0,0.215291023254,1
91,0,0.177078962326,1
91,0,0.221445083618,1
91,0,0.182833194733,1
91,0,0.22066783905,1
91,0,0.217465877533,1
92,0,0.212538957596,1
92,0,0.212261915207,1
92,0,0.212760925293,1
92,0,0.210654020309,1
92,0,0.210464954376,1
92,0,0.176697969437,1
92,0,0.207607984543,1
92,0,0.17612195015,1
92,0,0.21702003479,1
92,0,0.21097278595,1
93,0,0.226143836975,1
93,0,0.213876008987,1
93,0,0.20222902298,1
93,0,0.218991994858,1
93,0,0.231352090836,1
93,0,0.178574085236,1
93,0,0.216140985489,1
93,0,0.179862976074,1
93,0,0.211147069931,1
93,0,0.217678070068,1
94,0,0.215474843979,1
94,0,0.211221933365,1
94,0,0.215723991394,1
94,0,0.213841915131,1
94,0,0.210037946701,1
94,0,0.184321880341,1
94,0,0.209666967392,1
94,0,0.186022043228,1
94,0,0.208354949951,1
94,0,0.210193872452,1
95,0,0.230486154556,1
95,0,0.214646100998,1
95,0,0.185871124268,1
95,0,0.188781023026,1
95,0,0.230202913284,1
95,0,0.220038890839,1
95,0,0.233863115311,1
95,0,0.187514066696,1
95,0,0.216243028641,1
95,0,0.228549003601,1
96,0,0.240751981735,1
96,0,0.216300964355,1
96,0,0.196425914764,1
96,0,0.190937042236,1
96,0,0.228905916214,1
96,0,0.219324111938,1
96,0,0.234132051468,1
96,0,0.194828033447,1
96,0,0.219871997833,1
96,0,0.224571943283,1
97,0,0.235738039017,1
97,0,0.236065864563,1
97,0,0.195574998856,1
97,0,0.197477817535,1
97,0,0.228832960129,1
97,0,0.220719099045,1
97,0,0.237941026688,1
97,0,0.190612792969,1
97,0,0.221283912659,1
97,0,0.221041917801,1
98,0,0.229140996933,1
98,0,0.223096132278,1
98,0,0.18557882309,1
98,0,0.186957120895,1
98,0,0.242058038712,1
98,0,0.217571020126,1
98,0,0.234000921249,1
98,0,0.187424898148,1
98,0,0.226600885391,1
98,0,0.228635072708,1
99,0,0.226211071014,1
99,0,0.223312854767,1
99,0,0.183382034302,1
99,0,0.19086098671,1
99,0,0.222029209137,1
99,0,0.229845046997,1
99,0,0.234545946121,1
99,0,0.191070079803,1
99,0,0.22060084343,1
99,0,0.241180896759,1
100,0,0.218167066574,1
100,0,0.236036777496,1
100,0,0.197584152222,1
100,0,0.192755937576,1
100,0,0.231638908386,1
100,0,0.227772951126,1
100,0,0.189058065414,1
100,0,0.189296007156,1
100,0,0.204312086105,1
100,0,0.23946595192,1
101,0,0.233063936234,1
101,0,0.244387865067,1
101,0,0.19465303421,1
101,0,0.196767091751,1
101,0,0.238289117813,1
101,0,0.226915836334,1
101,0,0.194634914398,1
101,0,0.189018964767,1
101,0,0.190049886703,1
101,0,0.246280908585,1
102,0,0.240786075592,1
102,0,0.226639986038,1
102,0,0.192920923233,1
102,0,0.191894054413,1
102,0,0.237679004669,1
102,0,0.221061944962,1
102,0,0.199548006058,1
102,0,0.192023038864,1
102,0,0.197070121765,1
102,0,0.235797166824,1
103,0,0.229443073273,1
103,0,0.225541114807,1
103,0,0.193222999573,1
103,0,0.187522888184,1
103,0,0.219835042953,1
103,0,0.237905979156,1
103,0,0.190757036209,1
103,0,0.195623874664,1
103,0,0.20684504509,1
103,0,0.238057851791,1
104,0,0.241081953049,1
104,0,0.245312929153,1
104,0,0.192350149155,1
104,0,0.195244073868,1
104,0,0.225480079651,1
104,0,0.230319976807,1
104,0,0.185097932816,1
104,0,0.197056055069,1
104,0,0.192103862762,1
104,0,0.2330930233,1
105,0,0.209504127502,1
105,0,0.244886875153,1
105,0,0.213943004608,1
105,0,0.199872016907,1
105,0,0.234845876694,1
105,0,0.201601982117,1
105,0,0.197136878967,1
105,0,0.24528002739,1
105,0,0.198757171631,1
105,0,0.238191127777,1
106,0,0.197299003601,1
106,0,0.238507032394,1
106,0,0.198160886765,1
106,0,0.202596902847,1
106,0,0.225034952164,1
106,0,0.196393013,1
106,0,0.197216033936,1
106,0,0.243736028671,1
106,0,0.196635007858,1
106,0,0.249215126038,1
107,0,0.194910049438,1
107,0,0.23432302475,1
107,0,0.205303192139,1
107,0,0.20192694664,1
107,0,0.244484901428,1
107,0,0.204685211182,1
107,0,0.20378112793,1
107,0,0.241068840027,1
107,0,0.195065021515,1
107,0,0.244009971619,1
108,0,0.193646907806,1
108,0,0.229780912399,1
108,0,0.195940971375,1
108,0,0.199243068695,1
108,0,0.236328125,1
108,0,0.197946071625,1
108,0,0.208011865616,1
108,0,0.242965936661,1
108,0,0.19326710701,1
108,0,0.246583938599,1
109,0,0.196938037872,1
109,0,0.245963811874,1
109,0,0.198045969009,1
109,0,0.198785066605,1
109,0,0.241786003113,1
109,0,0.198902845383,1
109,0,0.200992822647,1
109,0,0.242290973663,1
109,0,0.192539930344,1
109,0,0.243955135345,1
110,0,0.204377174377,1
110,0,0.202514886856,1
110,0,0.236162185669,1
110,0,0.255680799484,1
110,0,0.257863044739,1
110,0,0.206440925598,1
110,0,0.262216091156,1
110,0,0.207649946213,1
110,0,0.215019226074,1
110,0,0.265964031219,1
111,0,0.212311983109,1
111,0,0.20322394371,1
111,0,0.241314172745,1
111,0,0.255186080933,1
111,0,0.260224103928,1
111,0,0.204169034958,1
111,0,0.259099960327,1
111,0,0.204770088196,1
111,0,0.206864118576,1
111,0,0.256577968597,1
112,0,0.206413984299,1
112,0,0.20035815239,1
112,0,0.238457918167,1
112,0,0.251528978348,1
112,0,0.260994911194,1
112,0,0.20580291748,1
112,0,0.258844137192,1
112,0,0.206437826157,1
112,0,0.203296899796,1
112,0,0.26266002655,1
113,0,0.202464818954,1
113,0,0.208792924881,1
113,0,0.239948034286,1
113,0,0.243845939636,1
113,0,0.278305053711,1
113,0,0.199782848358,1
113,0,0.262732982635,1
113,0,0.205694913864,1
113,0,0.200284957886,1
113,0,0.261861085892,1
114,0,0.205680847168,1
114,0,0.206802845001,1
114,0,0.244059085846,1
114,0,0.314887046814,1
114,0,0.260939836502,1
114,0,0.201788902283,1
114,0,0.267779827118,1
114,0,0.207963943481,1
114,0,0.207007884979,1
114,0,0.266947984695,1
115,0,0.252701997757,1
115,0,0.260288953781,1
115,0,0.272232055664,1
115,0,0.217676877975,1
115,0,0.255395889282,1
115,0,0.266376972198,1
115,0,0.256446838379,1
115,0,0.260568141937,1
115,0,0.271373033524,1
115,0,0.258960962296,1
116,0,0.253233909607,1
116,0,0.270632982254,1
116,0,0.276686906815,1
116,0,0.217569112778,1
116,0,0.254987955093,1
116,0,0.267941951752,1
116,0,0.264495849609,1
116,0,0.264669179916,1
116,0,0.263662099838,1
116,0,0.261956930161,1
117,0,0.274469137192,1
117,0,0.267405033112,1
117,0,0.283054113388,1
117,0,0.210296869278,1
117,0,0.25775384903,1
117,0,0.279367923737,1
117,0,0.264400959015,1
117,0,0.26270198822,1
117,0,0.261599063873,1
117,0,0.253034830093,1
118,0,0.262422084808,1
118,0,0.264662027359,1
118,0,0.273974180222,1
118,0,0.212897062302,1
118,0,0.253586769104,1
118,0,0.277557134628,1
118,0,0.263376951218,1
118,0,0.265172958374,1
118,0,0.264781951904,1
118,0,0.265216112137,1
119,0,0.267153978348,1
119,0,0.249471902847,1
119,0,0.286660909653,1
119,0,0.219013929367,1
119,0,0.250643014908,1
119,0,0.273680210114,1
119,0,0.253537893295,1
119,0,0.249079942703,1
119,0,0.256160974503,1
119,0,0.260796070099,1
120,0,0.273011922836,1
120,0,0.235243082047,1
120,0,0.273461818695,1
120,0,0.222265958786,1
120,0,0.271054983139,1
120,0,0.226404905319,1
120,0,0.268712997437,1
120,0,0.268867969513,1
120,0,0.2753469944,1
120,0,0.263919830322,1
121,0,0.280482053757,1
121,0,0.226233959198,1
121,0,0.261357069016,1
121,0,0.224901914597,1
121,0,0.274343967438,1
121,0,0.222853899002,1
121,0,0.28024315834,1
121,0,0.25442481041,1
121,0,0.273516893387,1
121,0,0.262097835541,1
122,0,0.282165050507,1
122,0,0.220677852631,1
122,0,0.253341913223,1
122,0,0.220910072327,1
122,0,0.255370140076,1
122,0,0.21163392067,1
122,0,0.277945041656,1
122,0,0.265986919403,1
122,0,0.284986019135,1
122,0,0.277060031891,1
123,0,0.274547100067,1
123,0,0.211799144745,1
123,0,0.270716905594,1
123,0,0.21802687645,1
123,0,0.260950088501,1
123,0,0.221385002136,1
123,0,0.272664070129,1
123,0,0.269320011139,1
123,0,0.283143043518,1
123,0,0.272081136703,1
124,0,0.257253170013,1
124,0,0.217016935349,1
124,0,0.267071008682,1
124,0,0.226366996765,1
124,0,0.253614902496,1
124,0,0.213903903961,1
124,0,0.273417949677,1
124,0,0.267143011093,1
124,0,0.279899120331,1
124,0,0.273787975311,1
125,0,0.296689987183,1
125,0,0.288419961929,1
125,0,0.275135040283,1
125,0,0.276188135147,1
125,0,0.231050014496,1
125,0,0.230386018753,1
125,0,0.234488010406,1
125,0,0.294408082962,1
125,0,0.287534952164,1
125,0,0.242119073868,1
126,0,0.301287889481,1
126,0,0.274147033691,1
126,0,0.260782957077,1
126,0,0.278213977814,1
126,0,0.230122089386,1
126,0,0.232768058777,1
126,0,0.228316068649,1
126,0,0.292760133743,1
126,0,0.27796292305,1
126,0,0.229729890823,1
127,0,0.300554037094,1
127,0,0.279905080795,1
127,0,0.269168138504,1
127,0,0.268795967102,1
127,0,0.237936019897,1
127,0,0.22908782959,1
127,0,0.235291004181,1
127,0,0.335941076279,1
127,0,0.274224042892,1
127,0,0.234652996063,1
128,0,0.291145086288,1
128,0,0.285020112991,1
128,0,0.283336877823,1
128,0,0.266229867935,1
128,0,0.220144033432,1
128,0,0.224541902542,1
128,0,0.227760076523,1
128,0,0.280817985535,1
128,0,0.279038906097,1
128,0,0.222393989563,1
129,0,0.295522928238,1
129,0,0.272683858871,1
129,0,0.2734811306,1
129,0,0.281063079834,1
129,0,0.2283411026,1
129,0,0.223582983017,1
129,0,0.230176925659,1
129,0,0.301258087158,1
129,0,0.280300140381,1
129,0,0.226836919785,1
130,0,0.283272027969,1
130,0,0.226507902145,1
130,0,0.284023046494,1
130,0,0.282819032669,1
130,0,0.28844499588,1
130,0,0.293725013733,1
130,0,0.304910898209,1
130,0,0.292147874832,1
130,0,0.278049945831,1
130,0,0.235032081604,1
131,0,0.289438009262,1
131,0,0.238656997681,1
131,0,0.279462814331,1
131,0,0.286249160767,1
131,0,0.272696971893,1
131,0,0.283753871918,1
131,0,0.329242944717,1
131,0,0.281227827072,1
131,0,0.28807592392,1
131,0,0.229989051819,1
132,0,0.298867940903,1
132,0,0.234998941422,1
132,0,0.287853956223,1
132,0,0.280859947205,1
132,0,0.283343791962,1
132,0,0.281451940536,1
132,0,0.29659485817,1
132,0,0.278782844543,1
132,0,0.287950992584,1
132,0,0.225565195084,1
133,0,0.288899898529,1
133,0,0.229100942612,1
133,0,0.281725883484,1
133,0,0.29736495018,1
133,0,0.290824174881,1
133,0,0.280873060226,1
133,0,0.293188095093,1
133,0,0.275840044022,1
133,0,0.279511928558,1
133,0,0.23415517807,1
134,0,0.291990041733,1
134,0,0.23396897316,1
134,0,0.296658992767,1
134,0,0.28436589241,1
134,0,0.279329061508,1
134,0,0.27245092392,1
134,0,0.300171852112,1
134,0,0.268923044205,1
134,0,0.277841806412,1
134,0,0.225862979889,1
135,0,0.243026971817,1
135,0,0.278187990189,1
135,0,0.291265964508,1
135,0,0.242910146713,1
135,0,0.243261814117,1
135,0,0.234931945801,1
135,0,0.307125091553,1
135,0,0.3264939785,1
135,0,0.315822124481,1
135,0,0.288686037064,1
136,0,0.236649990082,1
136,0,0.29373884201,1
136,0,0.289590120316,1
136,0,0.240964174271,1
136,0,0.234942913055,1
136,0,0.235543966293,1
136,0,0.313946008682,1
136,0,0.310211181641,1
136,0,0.320779085159,1
136,0,0.300024986267,1
137,0,0.246783971786,1
137,0,0.286037921906,1
137,0,0.282617092133,1
137,0,0.236253976822,1
137,0,0.237874031067,1
137,0,0.245931148529,1
137,0,0.315605163574,1
137,0,0.307854175568,1
137,0,0.327616930008,1
137,0,0.297131061554,1
138,0,0.236606121063,1
138,0,0.292448043823,1
138,0,0.294187784195,1
138,0,0.24067401886,1
138,0,0.240700960159,1
138,0,0.244018793106,1
138,0,0.315728902817,1
138,0,0.31914806366,1
138,0,0.304309844971,1
138,0,0.295399904251,1
139,0,0.228291988373,1
139,0,0.287132978439,1
139,0,0.286657094955,1
139,0,0.243234157562,1
139,0,0.235018014908,1
139,0,0.248077869415,1
139,0,0.325725793839,1
139,0,0.324747085571,1
139,0,0.303562879562,1
139,0,0.289723157883,1
140,0,0.290770053864,1
140,0,0.24613404274,1
140,0,0.325374126434,1
140,0,0.308411836624,1
140,0,0.242928981781,1
140,0,0.304623842239,1
140,0,0.317500829697,1
140,0,0.242443084717,1
140,0,0.287410974503,1
140,0,0.241044998169,1
141,0,0.29798412323,1
141,0,0.248490095139,1
141,0,0.318742036819,1
141,0,0.307595968246,1
141,0,0.238955020905,1
141,0,0.310191869736,1
141,0,0.300692081451,1
141,0,0.240221977234,1
141,0,0.293740034103,1
141,0,0.239542961121,1
142,0,0.287852048874,1
142,0,0.242703914642,1
142,0,0.313900947571,1
142,0,0.293613195419,1
142,0,0.244369029999,1
142,0,0.302830934525,1
142,0,0.29464006424,1
142,0,0.242115020752,1
142,0,0.300687074661,1
142,0,0.236857891083,1
143,0,0.309509992599,1
143,0,0.240262985229,1
143,0,0.32741689682,1
143,0,0.296761035919,1
143,0,0.243542909622,1
143,0,0.297208070755,1
143,0,0.299660921097,1
143,0,0.235476016998,1
143,0,0.30869102478,1
143,0,0.240170001984,1
144,0,0.311832904816,1
144,0,0.255929946899,1
144,0,0.319366931915,1
144,0,0.297389030457,1
144,0,0.238020896912,1
144,0,0.308261871338,1
144,0,0.309656143188,1
144,0,0.27626991272,1
144,0,0.332571029663,1
144,0,0.243340015411,1
145,0,0.254019021988,1
145,0,0.257149934769,1
145,0,0.252545118332,1
145,0,0.319107055664,1
145,0,0.250966072083,1
145,0,0.257899045944,1
145,0,0.267569065094,1
145,0,0.311354875565,1
145,0,0.335602998734,1
145,0,0.256615161896,1
146,0,0.259731054306,1
146,0,0.256691932678,1
146,0,0.260247945786,1
146,0,0.318686008453,1
146,0,0.259308099747,1
146,0,0.24999499321,1
146,0,0.251779079437,1
146,0,0.298320770264,1
146,0,0.321985006332,1
146,0,0.254595041275,1
147,0,0.252474069595,1
147,0,0.249548912048,1
147,0,0.248083114624,1
147,0,0.311927080154,1
147,0,0.253947973251,1
147,0,0.25576710701,1
147,0,0.249289035797,1
147,0,0.307971954346,1
147,0,0.328587055206,1
147,0,0.259500026703,1
148,0,0.256160020828,1
148,0,0.256577968597,1
148,0,0.25608086586,1
148,0,0.298256874084,1
148,0,0.25226688385,1
148,0,0.26619386673,1
148,0,0.250494003296,1
148,0,0.307548046112,1
148,0,0.327991008759,1
148,0,0.250561952591,1
149,0,0.252106189728,1
149,0,0.259653091431,1
149,0,0.245227098465,1
149,0,0.311946868896,1
149,0,0.244701147079,1
149,0,0.24803686142,1
149,0,0.257514953613,1
149,0,0.31166100502,1
149,0,0.332073926926,1
149,0,0.248317956924,1
150,0,0.257567882538,1
150,0,0.26571893692,1
150,0,0.317438840866,1
150,0,0.321413993835,1
150,0,0.255687952042,1
150,0,0.318807840347,1
150,0,0.266097068787,1
150,0,0.263153076172,1
150,0,0.333966970444,1
150,0,0.257688999176,1
151,0,0.265274047852,1
151,0,0.259474992752,1
151,0,0.338021993637,1
151,0,0.319097995758,1
151,0,0.265208959579,1
151,0,0.314769983292,1
151,0,0.261835813522,1
151,0,0.257638931274,1
151,0,0.333453893661,1
151,0,0.257333993912,1
152,0,0.266877889633,1
152,0,0.264190912247,1
152,0,0.314563035965,1
152,0,0.324051141739,1
152,0,0.259177207947,1
152,0,0.310306072235,1
152,0,0.260568857193,1
152,0,0.257484197617,1
152,0,0.320694208145,1
152,0,0.251527070999,1
153,0,0.258781909943,1
153,0,0.261677026749,1
153,0,0.313657999039,1
153,0,0.319402933121,1
153,0,0.254937887192,1
153,0,0.308403015137,1
153,0,0.261167049408,1
153,0,0.260528087616,1
153,0,0.318364143372,1
153,0,0.260832071304,1
154,0,0.25652384758,1
154,0,0.255392074585,1
154,0,0.310889959335,1
154,0,0.314931869507,1
154,0,0.258255004883,1
154,0,0.323913097382,1
154,0,0.261174917221,1
154,0,0.255681037903,1
154,0,0.32169008255,1
154,0,0.257215976715,1
155,0,0.27742099762,1
155,0,0.261682033539,1
155,0,0.324229955673,1
155,0,0.337345123291,1
155,0,0.264742136002,1
155,0,0.344192028046,1
155,0,0.336497068405,1
155,0,0.268476963043,1
155,0,0.278826951981,1
155,0,0.352676153183,1
156,0,0.261831045151,1
156,0,0.267201900482,1
156,0,0.326420068741,1
156,0,0.329478979111,1
156,0,0.264091968536,1
156,0,0.329962015152,1
156,0,0.331959009171,1
156,0,0.261543989182,1
156,0,0.260325193405,1
156,0,0.349150896072,1
157,0,0.263032913208,1
157,0,0.263679027557,1
157,0,0.324882030487,1
157,0,0.326023101807,1
157,0,0.265289068222,1
157,0,0.337807893753,1
157,0,0.32688498497,1
157,0,0.26086807251,1
157,0,0.269040107727,1
157,0,0.351037025452,1
158,0,0.261998176575,1
158,0,0.270644903183,1
158,0,0.338611125946,1
158,0,0.361176967621,1
158,0,0.266866207123,1
158,0,0.337697982788,1
158,0,0.342088937759,1
158,0,0.264118909836,1
158,0,0.269343852997,1
158,0,0.349836111069,1
159,0,0.269536972046,1
159,0,0.267422914505,1
159,0,0.319419145584,1
159,0,0.338366031647,1
159,0,0.269015073776,1
159,0,0.341890096664,1
159,0,0.344706058502,1
159,0,0.26811504364,1
159,0,0.267721891403,1
159,0,0.356360912323,1
160,0,0.259071111679,1
160,0,0.361944913864,1
160,0,0.262063026428,1
160,0,0.353688955307,1
160,0,0.32654094696,1
160,0,0.347496032715,1
160,0,0.35661816597,1
160,0,0.328561067581,1
160,0,0.344268798828,1
160,0,0.255944013596,1
161,0,0.262085914612,1
161,0,0.360985040665,1
161,0,0.26287984848,1
161,0,0.340921163559,1
161,0,0.325757980347,1
161,0,0.337624073029,1
161,0,0.359443902969,1
161,0,0.326998949051,1
161,0,0.344259977341,1
161,0,0.276633024216,1
162,0,0.268473863602,1
162,0,0.354640960693,1
162,0,0.271723985672,1
162,0,0.36699795723,1
162,0,0.347769021988,1
162,0,0.352750062943,1
162,0,0.379326105118,1
162,0,0.345886945724,1
162,0,0.356950998306,1
162,0,0.278244972229,1
163,0,0.273739814758,1
163,0,0.373640060425,1
163,0,0.268056154251,1
163,0,0.372939825058,1
163,0,0.358511924744,1
163,0,0.335088014603,1
163,0,0.373985052109,1
163,0,0.351895093918,1
163,0,0.354938030243,1
163,0,0.276697158813,1
164,0,0.27329993248,1
164,0,0.364991188049,1
164,0,0.277240991592,1
164,0,0.356051921844,1
164,0,0.365394115448,1
164,0,0.350760936737,1
164,0,0.370402812958,1
164,0,0.327803850174,1
164,0,0.348273038864,1
164,0,0.278568029404,1
165,0,0.274978160858,1
165,0,0.28590798378,1
165,0,0.376528978348,1
165,0,0.280922174454,1
165,0,0.346138000488,1
165,0,0.279076814651,1
165,0,0.345899105072,1
165,0,0.284565925598,1
165,0,0.286222934723,1
165,0,0.326815128326,1
166,0,0.296643018723,1
166,0,0.288949012756,1
166,0,0.372900009155,1
166,0,0.28591299057,1
166,0,0.349542140961,1
166,0,0.2804479599,1
166,0,0.352342844009,1
166,0,0.277014017105,1
166,0,0.282813072205,1
166,0,0.338385105133,1
167,0,0.282800912857,1
167,0,0.272401094437,1
167,0,0.365651130676,1
167,0,0.274196147919,1
167,0,0.361784934998,1
167,0,0.27588391304,1
167,0,0.360883951187,1
167,0,0.278788089752,1
167,0,0.280611038208,1
167,0,0.346791982651,1
168,0,0.282642126083,1
168,0,0.281322002411,1
168,0,0.366506099701,1
168,0,0.277802944183,1
168,0,0.349047899246,1
168,0,0.278840065002,1
168,0,0.34357881546,1
168,0,0.27685713768,1
168,0,0.295552968979,1
168,0,0.338287830353,1
169,0,0.273062944412,1
169,0,0.274219036102,1
169,0,0.353142976761,1
169,0,0.279954910278,1
169,0,0.347604990005,1
169,0,0.271157979965,1
169,0,0.361697912216,1
169,0,0.284795999527,1
169,0,0.272980213165,1
169,0,0.32562494278,1
170,0,0.346704959869,1
170,0,0.276219129562,1
170,0,0.355239868164,1
170,0,0.285076141357,1
170,0,0.282882928848,1
170,0,0.275825023651,1
170,0,0.345562934875,1
170,0,0.279132127762,1
170,0,0.278121948242,1
170,0,0.378132820129,1
171,0,0.341873884201,1
171,0,0.27959394455,1
171,0,0.349814176559,1
171,0,0.289401054382,1
171,0,0.278548955917,1
171,0,0.285411119461,1
171,0,0.347004890442,1
171,0,0.283413887024,1
171,0,0.276613950729,1
171,0,0.364446878433,1
172,0,0.35807299614,1
172,0,0.283941030502,1
172,0,0.346325874329,1
172,0,0.280375003815,1
172,0,0.278651952744,1
172,0,0.286180973053,1
172,0,0.360135793686,1
172,0,0.27921295166,1
172,0,0.279711961746,1
172,0,0.373385906219,1
173,0,0.345500230789,1
173,0,0.278838157654,1
173,0,0.35306096077,1
173,0,0.285116910934,1
173,0,0.28812289238,1
173,0,0.279453039169,1
173,0,0.359019041061,1
173,0,0.295163154602,1
173,0,0.28422498703,1
173,0,0.372080087662,1
174,0,0.3630027771,1
174,0,0.279561042786,1
174,0,0.371438980103,1
174,0,0.282887935638,1
174,0,0.29147195816,1
174,0,0.288449048996,1
174,0,0.364663124084,1
174,0,0.283738136292,1
174,0,0.292329072952,1
174,0,0.380172014236,1
175,0,0.288889169693,1
175,0,0.297333955765,1
175,0,0.3722448349,1
175,0,0.299014091492,1
175,0,0.362234115601,1
175,0,0.357477903366,1
175,0,0.357877016068,1
175,0,0.367274999619,1
175,0,0.351784944534,1
175,0,0.375412940979,1
176,0,0.297672986984,1
176,0,0.294266939163,1
176,0,0.364929914474,1
176,0,0.296642065048,1
176,0,0.361963033676,1
176,0,0.372591018677,1
176,0,0.386211156845,1
176,0,0.38098192215,1
176,0,0.358748197556,1
176,0,0.369940042496,1
177,0,0.295271873474,1
177,0,0.295698165894,1
177,0,0.371699094772,1
177,0,0.288930892944,1
177,0,0.35573387146,1
177,0,0.373606920242,1
177,0,0.354249954224,1
177,0,0.36335682869,1
177,0,0.355888128281,1
177,0,0.351968050003,1
178,0,0.280397891998,1
178,0,0.28507399559,1
178,0,0.355223894119,1
178,0,0.286263942719,1
178,0,0.33802986145,1
178,0,0.360965967178,1
178,0,0.364676237106,1
178,0,0.358667135239,1
178,0,0.352000951767,1
178,0,0.371798038483,1
179,0,0.285270929337,1
179,0,0.28272986412,1
179,0,0.472280979156,1
179,0,0.293032884598,1
179,0,0.354086875916,1
179,0,0.368025064468,1
179,0,0.373434066772,1
179,0,0.367043972015,1
179,0,0.347337961197,1
179,0,0.370219945908,1
180,0,0.386240005493,1
180,0,0.30947804451,1
180,0,0.30450296402,1
180,0,0.296813964844,1
180,0,0.380390882492,1
180,0,0.309065103531,1
180,0,0.301841974258,1
180,0,0.372803211212,1
180,0,0.389283895493,1
180,0,0.395514011383,1
181,0,0.369418859482,1
181,0,0.30163693428,1
181,0,0.315010070801,1
181,0,0.300306081772,1
181,0,0.383217096329,1
181,0,0.301976919174,1
181,0,0.297028064728,1
181,0,0.367589950562,1
181,0,0.374736070633,1
181,0,0.405930995941,1
182,0,0.36750793457,1
182,0,0.297534942627,1
182,0,0.299493074417,1
182,0,0.29314994812,1
182,0,0.391411066055,1
182,0,0.303189992905,1
182,0,0.305217981339,1
182,0,0.361948013306,1
182,0,0.384938001633,1
182,0,0.404119968414,1
183,0,0.366222858429,1
183,0,0.294979095459,1
183,0,0.296763896942,1
183,0,0.299911975861,1
183,0,0.38765501976,1
183,0,0.303511142731,1
183,0,0.295746803284,1
183,0,0.367232084274,1
183,0,0.383897066116,1
183,0,0.400523900986,1
184,0,0.364202022552,1
184,0,0.298033952713,1
184,0,0.298274993896,1
184,0,0.299134016037,1
184,0,0.370877027512,1
184,0,0.296112060547,1
184,0,0.2959420681,1
184,0,0.358818054199,1
184,0,0.377435922623,1
184,0,0.425227880478,1
185,0,0.285207033157,1
185,0,0.363154888153,1
185,0,0.305438041687,1
185,0,0.397927045822,1
185,0,0.383193969727,1
185,0,0.394412994385,1
185,0,0.393450021744,1
185,0,0.297725915909,1
185,0,0.395577907562,1
185,0,0.309466838837,1
186,0,0.300243139267,1
186,0,0.384790897369,1
186,0,0.307929039001,1
186,0,0.405219078064,1
186,0,0.383224010468,1
186,0,0.410282850266,1
186,0,0.402268886566,1
186,0,0.296316146851,1
186,0,0.386286973953,1
186,0,0.307828187943,1
187,0,0.300055980682,1
187,0,0.382390022278,1
187,0,0.30685710907,1
187,0,0.409730911255,1
187,0,0.395014047623,1
187,0,0.384919881821,1
187,0,0.408220052719,1
187,0,0.299738883972,1
187,0,0.382405996323,1
187,0,0.300513029099,1
188,0,0.304112911224,1
188,0,0.376482009888,1
188,0,0.293981790543,1
188,0,0.406934022903,1
188,0,0.389013767242,1
188,0,0.393662929535,1
188,0,0.41280412674,1
188,0,0.298712968826,1
188,0,0.373658895493,1
188,0,0.309292078018,1
189,0,0.299148082733,1
189,0,0.37605214119,1
189,0,0.307348966599,1
189,0,0.408281803131,1
189,0,0.387383937836,1
189,0,0.381860971451,1
189,0,0.405084133148,1
189,0,0.305631875992,1
189,0,0.423379898071,1
189,0,0.349296092987,1
190,0,0.307959079742,1
190,0,0.418454885483,1
190,0,0.308231115341,1
190,0,0.39431810379,1
190,0,0.307980060577,1
190,0,0.385582923889,1
190,0,0.408675909042,1
190,0,0.408180952072,1
190,0,0.380427837372,1
190,0,0.382483005524,1
191,0,0.302575826645,1
191,0,0.402315139771,1
191,0,0.302388906479,1
191,0,0.390154123306,1
191,0,0.303251981735,1
191,0,0.389549970627,1
191,0,0.426532030106,1
191,0,0.427634000778,1
191,0,0.423039913177,1
191,0,0.456670045853,1
192,0,0.346025943756,1
192,0,0.482309103012,1
192,0,0.308722019196,1
192,0,0.380661010742,1
192,0,0.300516843796,1
192,0,0.379059076309,1
192,0,0.411093950272,1
192,0,0.408456087112,1
192,0,0.386451005936,1
192,0,0.39310503006,1
193,0,0.311954975128,1
193,0,0.418082952499,1
193,0,0.310255765915,1
193,0,0.393218040466,1
193,0,0.301689863205,1
193,0,0.383064985275,1
193,0,0.416256189346,1
193,0,0.407102108002,1
193,0,0.385152101517,1
193,0,0.384821176529,1
194,0,0.297986030579,1
194,0,0.40894818306,1
194,0,0.309547901154,1
194,0,0.395349025726,1
194,0,0.294944047928,1
194,0,0.392356872559,1
194,0,0.416676044464,1
194,0,0.434898853302,1
194,0,0.43722987175,1
194,0,0.391156196594,1
195,0,0.425225019455,1
195,0,0.402248859406,1
195,0,0.405516147614,1
195,0,0.320379018784,1
195,0,0.382447957993,1
195,0,0.373908042908,1
195,0,0.320193052292,1
195,0,0.422306060791,1
195,0,0.317355871201,1
195,0,0.419116020203,1
196,0,0.415555953979,1
196,0,0.42772102356,1
196,0,0.41428399086,1
196,0,0.314264059067,1
196,0,0.407974004745,1
196,0,0.410728931427,1
196,0,0.311908960342,1
196,0,0.409366846085,1
196,0,0.314660072327,1
196,0,0.391960859299,1
197,0,0.4347178936,1
197,0,0.44781088829,1
197,0,0.39886879921,1
197,0,0.317026138306,1
197,0,0.407791137695,1
197,0,0.392729043961,1
197,0,0.311061143875,1
197,0,0.39181804657,1
197,0,0.313299894333,1
197,0,0.403397083282,1
198,0,0.43253493309,1
198,0,0.416278123856,1
198,0,0.410156011581,1
198,0,0.319110155106,1
198,0,0.419992923737,1
198,0,0.391793966293,1
198,0,0.310002803802,1
198,0,0.407768011093,1
198,0,0.313394069672,1
198,0,0.404340028763,1
199,0,0.423696994781,1
199,0,0.416136026382,1
199,0,0.408681869507,1
199,0,0.316187858582,1
199,0,0.426611185074,1
199,0,0.394648790359,1
199,0,0.352967023849,1
199,0,0.443411111832,1
199,0,0.318310976028,1
199,0,0.413079023361,1
200,0,0.416898012161,1
200,0,0.341849088669,1
200,0,0.40992808342,1
200,0,0.442183971405,1
200,0,0.414380073547,1
200,0,0.431568861008,1
200,0,0.428972959518,1
200,0,0.333487033844,1
200,0,0.431293964386,1
200,0,0.445587873459,1
201,0,0.439337015152,1
201,0,0.324073076248,1
201,0,0.430548906326,1
201,0,0.423239946365,1
201,0,0.418652057648,1
201,0,0.425493001938,1
201,0,0.424437046051,1
201,0,0.319956064224,1
201,0,0.455485105515,1
201,0,0.442882061005,1
202,0,0.418555021286,1
202,0,0.329977035522,1
202,0,0.445425033569,1
202,0,0.427134037018,1
202,0,0.430668830872,1
202,0,0.431142807007,1
202,0,0.426851987839,1
202,0,0.321143865585,1
202,0,0.447897911072,1
202,0,0.441931962967,1
203,0,0.431266069412,1
203,0,0.330364942551,1
203,0,0.431393861771,1
203,0,0.437590122223,1
203,0,0.422097921371,1
203,0,0.417965888977,1
203,0,0.436058044434,1
203,0,0.328443050385,1
203,0,0.453639030457,1
203,0,0.435575008392,1
204,0,0.435813188553,1
204,0,0.32959985733,1
204,0,0.430069923401,1
204,0,0.425202131271,1
204,0,0.415879011154,1
204,0,0.432864904404,1
204,0,0.47783613205,1
204,0,0.317536115646,1
204,0,0.433104991913,1
204,0,0.424535989761,1
205,0,0.462063074112,1
205,0,0.453082084656,1
205,0,0.431009054184,1
205,0,0.4201130867,1
205,0,0.325294971466,1
205,0,0.454356908798,1
205,0,0.327439069748,1
205,0,0.332916975021,1
205,0,0.33460688591,1
205,0,0.416898012161,1
206,0,0.459327936172,1
206,0,0.444268941879,1
206,0,0.423616170883,1
206,0,0.43932390213,1
206,0,0.331022024155,1
206,0,0.443066120148,1
206,0,0.330097198486,1
206,0,0.335485935211,1
206,0,0.333426952362,1
206,0,0.4291908741,1
207,0,0.455545186996,1
207,0,0.443246126175,1
207,0,0.438314914703,1
207,0,0.424818992615,1
207,0,0.316361904144,1
207,0,0.455875873566,1
207,0,0.334229946136,1
207,0,0.325721979141,1
207,0,0.33620095253,1
207,0,0.429454088211,1
208,0,0.442729949951,1
208,0,0.450265884399,1
208,0,0.440486907959,1
208,0,0.411453962326,1
208,0,0.322943925858,1
208,0,0.453943967819,1
208,0,0.318289041519,1
208,0,0.329632997513,1
208,0,0.321959018707,1
208,0,0.423653125763,1
209,0,0.435934066772,1
209,0,0.441230773926,1
209,0,0.422280073166,1
209,0,0.443830966949,1
209,0,0.351305961609,1
209,0,0.488054037094,1
209,0,0.328863143921,1
209,0,0.336045980453,1
209,0,0.326664924622,1
209,0,0.427072048187,1
210,0,0.345452070236,1
210,0,0.342651844025,1
210,0,0.456202983856,1
210,0,0.457439184189,1
210,0,0.473094940186,1
210,0,0.433630943298,1
210,0,0.340746164322,1
210,0,0.432832956314,1
210,0,0.329063892365,1
210,0,0.336817979813,1
211,0,0.353026866913,1
211,0,0.34600186348,1
211,0,0.461992025375,1
211,0,0.422352790833,1
211,0,0.463819026947,1
211,0,0.472183942795,1
211,0,0.348301172256,1
211,0,0.430299043655,1
211,0,0.338026046753,1
211,0,0.341378927231,1
212,0,0.3432970047,1
212,0,0.332973957062,1
212,0,0.447048902512,1
212,0,0.443808794022,1
212,0,0.455363035202,1
212,0,0.431809902191,1
212,0,0.33108496666,1
212,0,0.425114870071,1
212,0,0.332451820374,1
212,0,0.330664873123,1
213,0,0.330901145935,1
213,0,0.326632022858,1
213,0,0.453704118729,1
213,0,0.425458908081,1
213,0,0.45781493187,1
213,0,0.450003862381,1
213,0,0.336357831955,1
213,0,0.440332889557,1
213,0,0.338361978531,1
213,0,0.331660985947,1
214,0,0.329816818237,1
214,0,0.333950042725,1
214,0,0.452678918839,1
214,0,0.460847139359,1
214,0,0.509526014328,1
214,0,0.433058023453,1
214,0,0.337604045868,1
214,0,0.435158014297,1
214,0,0.333972930908,1
214,0,0.333452939987,1
215,0,0.445702791214,1
215,0,0.340846061707,1
215,0,0.437277078629,1
215,0,0.345589876175,1
215,0,0.345023870468,1
215,0,0.449079990387,1
215,0,0.466399908066,1
215,0,0.462864160538,1
215,0,0.346440076828,1
215,0,0.438365221024,1
216,0,0.451645851135,1
216,0,0.342514038086,1
216,0,0.432438135147,1
216,0,0.338891983032,1
216,0,0.339971065521,1
216,0,0.456254005432,1
216,0,0.443631887436,1
216,0,0.448984146118,1
216,0,0.341428995132,1
216,0,0.437729120255,1
217,0,0.416309833527,1
217,0,0.338618993759,1
217,0,0.436960220337,1
217,0,0.338428974152,1
217,0,0.342596054077,1
217,0,0.443112850189,1
217,0,0.466485977173,1
217,0,0.459237098694,1
217,0,0.348936080933,1
217,0,0.433544158936,1
218,0,0.443896055222,1
218,0,0.341557979584,1
218,0,0.437148094177,1
218,0,0.342405080795,1
218,0,0.341178894043,1
218,0,0.44934296608,1
218,0,0.439902067184,1
218,0,0.447470903397,1
218,0,0.34285402298,1
218,0,0.430781841278,1
219,0,0.468968868256,1
219,0,0.33548784256,1
219,0,0.435183048248,1
219,0,0.418915987015,1
219,0,0.342888832092,1
219,0,0.453818798065,1
219,0,0.467740058899,1
219,0,0.457207918167,1
219,0,0.34907913208,1
219,0,0.435338020325,1
220,0,0.352338075638,1
220,0,0.442232847214,1
220,0,0.472888946533,1
220,0,0.498053073883,1
220,0,0.352463006973,1
220,0,0.446130990982,1
220,0,0.35801410675,1
220,0,0.349703788757,1
220,0,0.357235908508,1
220,0,0.356430053711,1
221,0,0.354780912399,1
221,0,0.447306871414,1
221,0,0.477069139481,1
221,0,0.490713834763,1
221,0,0.348541021347,1
221,0,0.450443983078,1
221,0,0.345858097076,1
221,0,0.345157146454,1
221,0,0.34843993187,1
221,0,0.342885017395,1
222,0,0.347681999207,1
222,0,0.441852092743,1
222,0,0.461639165878,1
222,0,0.494188070297,1
222,0,0.346371889114,1
222,0,0.441528081894,1
222,0,0.351289987564,1
222,0,0.351037979126,1
222,0,0.34560585022,1
222,0,0.34583902359,1
223,0,0.340524196625,1
223,0,0.438200950623,1
223,0,0.469319820404,1
223,0,0.472146987915,1
223,0,0.340082168579,1
223,0,0.450906991959,1
223,0,0.346878051758,1
223,0,0.339745998383,1
223,0,0.339450836182,1
223,0,0.34739613533,1
224,0,0.349536895752,1
224,0,0.424826145172,1
224,0,0.524006843567,1
224,0,0.478778123856,1
224,0,0.341410160065,1
224,0,0.447692871094,1
224,0,0.340492010117,1
224,0,0.347219944,1
224,0,0.352281093597,1
224,0,0.352388858795,1
225,0,0.510986089706,1
225,0,0.45914888382,1
225,0,0.364629983902,1
225,0,0.487706899643,1
225,0,0.491021156311,1
225,0,0.517240047455,1
225,0,0.353729963303,1
225,0,0.491698980331,1
225,0,0.511439085007,1
225,0,0.507766962051,1
226,0,0.50079202652,1
226,0,0.478819131851,1
226,0,0.359262943268,1
226,0,0.479070901871,1
226,0,0.492142915726,1
226,0,0.473037004471,1
226,0,0.34828710556,1
226,0,0.481467008591,1
226,0,0.511682987213,1
226,0,0.461613893509,1
227,0,0.49630689621,1
227,0,0.478786945343,1
227,0,0.349949121475,1
227,0,0.481179952621,1
227,0,0.461093902588,1
227,0,0.468412876129,1
227,0,0.351819038391,1
227,0,0.473808050156,1
227,0,0.497130870819,1
227,0,0.456600904465,1
228,0,0.483201026917,1
228,0,0.473303079605,1
228,0,0.34960603714,1
228,0,0.502202987671,1
228,0,0.555454015732,1
228,0,0.485225915909,1
228,0,0.346721887589,1
228,0,0.471076011658,1
228,0,0.500223875046,1
228,0,0.482646942139,1
229,0,0.509382009506,1
229,0,0.565519809723,1
229,0,0.348309993744,1
229,0,0.463124036789,1
229,0,0.461900949478,1
229,0,0.463459968567,1
229,0,0.34218287468,1
229,0,0.462697029114,1
229,0,0.487024068832,1
229,0,0.466665029526,1
230,0,0.471081018448,1
230,0,0.470272064209,1
230,0,0.472019195557,1
230,0,0.360063791275,1
230,0,0.364040851593,1
230,0,0.359886169434,1
230,0,0.474066019058,1
230,0,0.493120908737,1
230,0,0.494166135788,1
230,0,0.4862241745,1
231,0,0.471951007843,1
231,0,0.453321933746,1
231,0,0.464297056198,1
231,0,0.354949951172,1
231,0,0.357404947281,1
231,0,0.353009939194,1
231,0,0.47540807724,1
231,0,0.474202871323,1
231,0,0.45406293869,1
231,0,0.492343902588,1
232,0,0.457328081131,1
232,0,0.459849834442,1
232,0,0.487461805344,1
232,0,0.347263097763,1
232,0,0.35006403923,1
232,0,0.350984096527,1
232,0,0.475774049759,1
232,0,0.473462820053,1
232,0,0.486657857895,1
232,0,0.461049079895,1
233,0,0.4681391716,1
233,0,0.467840194702,1
233,0,0.479516983032,1
233,0,0.344218969345,1
233,0,0.358507871628,1
233,0,0.360607147217,1
233,0,0.464385032654,1
233,0,0.460685968399,1
233,0,0.47876906395,1
233,0,0.471204042435,1
234,0,0.452696084976,1
