0,0,0.124972105026,15
0,0,0.130976915359,15
0,0,0.127963066101,15
0,0,0.127045154572,15
0,0,0.127274990082,15
0,0,0.130092144012,15
0,0,0.129565000534,15
0,0,0.137850046158,15
0,0,0.127204179764,15
0,0,0.129804134369,15
1,0,0.129119157791,15
1,0,0.134442090988,15
1,0,0.131602048874,15
1,0,0.542966842651,87
1,0,0.132080078125,15
1,0,0.509498119354,87
1,0,0.143566131592,15
1,0,0.133666038513,15
1,0,0.136842012405,15
1,0,0.510444879532,87
2,0,0.13877415657,15
2,0,0.136892080307,15
2,0,0.130589008331,15
2,0,1.6610519886,231
2,0,0.13511300087,15
2,0,0.540019035339,87
2,0,0.134212970734,15
2,0,0.5153028965,87
2,0,0.501386880875,87
2,0,1.64532899857,231
3,0,0.134104013443,15
3,0,0.616189956665,93
3,0,0.152163982391,15
3,0,0.549892902374,87
3,0,0.598668813705,93
3,0,1.73279190063,237
3,0,0.131295919418,15
3,0,1.60996699333,231
3,0,0.124588012695,15
3,0,1.58474111557,237
4,0,0.131890773773,15
4,0,0.128916978836,15
4,0,0.136667966843,15
4,0,0.516748905182,87
4,0,1.76979994774,237
4,0,0.13204908371,15
4,0,0.130070924759,15
4,0,0.460783958435,87
4,0,0.498422145844,87
4,0,3.79553985596,453
5,0,5.08731389046,582
5,0,4.96689796448,582
5,0,0.135828971863,15
5,0,0.142372131348,15
5,0,0.133715867996,15
5,0,0.138017892838,15
5,0,0.14239192009,15
5,0,5.07747292519,579
5,0,0.227681875229,39
5,0,0.167607069016,15
6,0,6.98516201973,732
6,0,7.21078300476,732
6,0,0.137121200562,15
6,0,0.135581970215,15
6,0,0.137865066528,15
6,0,0.136834859848,15
6,0,0.541804075241,87
6,0,2.62407279015,327
6,0,0.468147993088,87
6,0,0.136692047119,15
7,0,9.14274477959,903
7,0,9.20254707336,903
7,0,0.136038064957,15
7,0,0.145123004913,15
7,0,0.139580011368,15
7,0,0.139034032822,15
7,0,2.50878286362,327
7,0,7.55473518372,732
7,0,3.55844092369,441
7,0,0.139553070068,15
8,0,15.0319371223,1299
8,0,15.4621560574,1299
8,0,0.136536836624,15
8,0,0.139118909836,15
8,0,0.141930103302,15
8,0,0.139714956284,15
8,0,0.153360843658,15
8,0,1.62526106834,231
8,0,1.44331407547,231
8,0,0.137801885605,15
9,0,26.3600718975,1767
