0,0,0.0600550174713,1
0,0,0.0583798885345,1
0,0,0.0581071376801,1
0,0,0.0570349693298,1
0,0,0.0536158084869,1
0,0,0.0563850402832,1
0,0,0.0533480644226,1
0,0,0.0568110942841,1
0,0,0.0534410476685,1
0,0,0.0568819046021,1
1,0,0.0601968765259,1
1,0,0.0612180233002,1
1,0,0.0606670379639,1
1,0,0.0587830543518,1
1,0,0.0593500137329,1
1,0,0.0629990100861,1
1,0,0.0601651668549,1
1,0,0.0593881607056,1
1,0,0.0601439476013,1
1,0,0.0603978633881,1
2,0,0.0595901012421,1
2,0,0.0614640712738,1
2,0,0.061322927475,1
2,0,0.0644171237946,1
2,0,0.057844877243,1
2,0,0.0602250099182,1
2,0,0.0618000030518,1
2,0,0.0634250640869,1
2,0,0.0598340034485,1
2,0,0.0596771240234,1
3,0,0.0617980957031,1
3,0,0.0646190643311,1
3,0,0.0617492198944,1
3,0,0.062127828598,1
3,0,0.0602698326111,1
3,0,0.0626368522644,1
3,0,0.0622339248657,1
3,0,0.0608229637146,1
3,0,0.0604169368744,1
3,0,0.0613160133362,1
4,0,0.0644807815552,1
4,0,0.0626299381256,1
4,0,0.06915807724,1
4,0,0.062194108963,1
4,0,0.0614018440247,1
4,0,0.0636560916901,1
4,0,0.0626249313354,1
4,0,0.0644860267639,1
4,0,0.0607719421387,1
4,0,0.0619461536407,1
5,0,0.0704650878906,1
5,0,0.0707399845123,1
5,0,0.0681440830231,1
5,0,0.0680220127106,1
5,0,0.0691299438477,1
5,0,0.071683883667,1
5,0,0.0659511089325,1
5,0,0.069216966629,1
5,0,0.0701639652252,1
5,0,0.0703089237213,1
6,0,0.0674941539764,1
6,0,0.0715870857239,1
6,0,0.0662920475006,1
6,0,0.0668039321899,1
6,0,0.06889295578,1
6,0,0.0678520202637,1
6,0,0.0699739456177,1
6,0,0.0702888965607,1
6,0,0.0701260566711,1
6,0,0.0704460144043,1
7,0,0.0666699409485,1
7,0,0.0713768005371,1
7,0,0.0698750019073,1
7,0,0.0648529529572,1
7,0,0.0680379867554,1
7,0,0.0706100463867,1
7,0,0.0690469741821,1
7,0,0.0713868141174,1
7,0,0.0716769695282,1
7,0,0.0727579593658,1
8,0,0.0680320262909,1
8,0,0.0751650333405,1
8,0,0.0660598278046,1
8,0,0.0689001083374,1
8,0,0.0709021091461,1
8,0,0.0684239864349,1
8,0,0.0695149898529,1
8,0,0.0709750652313,1
8,0,0.070601940155,1
8,0,0.0762100219727,1
9,0,0.067852973938,1
9,0,0.0701439380646,1
9,0,0.0681810379028,1
9,0,0.0686099529266,1
9,0,0.0701539516449,1
9,0,0.0669741630554,1
9,0,0.0696761608124,1
9,0,0.0699670314789,1
9,0,0.0754160881042,1
9,0,0.0710000991821,1
10,0,0.0746321678162,1
10,0,0.0868890285492,1
10,0,0.0777630805969,1
10,0,0.0813088417053,1
10,0,0.0793240070343,1
10,0,0.0753819942474,1
10,0,0.075896024704,1
10,0,0.0744359493256,1
10,0,0.0777299404144,1
10,0,0.0736751556396,1
11,0,0.0767469406128,1
11,0,0.0799930095673,1
11,0,0.0794069766998,1
11,0,0.079195022583,1
11,0,0.0828530788422,1
11,0,0.0741951465607,1
11,0,0.0770308971405,1
11,0,0.0788488388062,1
11,0,0.078959941864,1
11,0,0.0741891860962,1
12,0,0.0743579864502,1
12,0,0.0800440311432,1
12,0,0.078773021698,1
12,0,0.0807859897614,1
12,0,0.0827438831329,1
12,0,0.0779948234558,1
12,0,0.0732529163361,1
12,0,0.0752708911896,1
12,0,0.0791819095612,1
12,0,0.0755240917206,1
13,0,0.0753319263458,1
13,0,0.0810418128967,1
13,0,0.0819690227509,1
13,0,0.0784878730774,1
13,0,0.0803680419922,1
13,0,0.0744919776917,1
13,0,0.0777180194855,1
13,0,0.0752201080322,1
13,0,0.0811138153076,1
13,0,0.0753571987152,1
14,0,0.079530954361,1
14,0,0.0796341896057,1
14,0,0.0813300609589,1
14,0,0.0809459686279,1
14,0,0.0804789066315,1
14,0,0.0752701759338,1
14,0,0.0840170383453,1
14,0,0.0758609771729,1
14,0,0.0852019786835,1
14,0,0.0797090530396,1
15,0,0.090353012085,1
15,0,0.0823578834534,1
15,0,0.0853221416473,1
15,0,0.0851819515228,1
15,0,0.0871098041534,1
15,0,0.0864770412445,1
15,0,0.0844299793243,1
15,0,0.0862917900085,1
15,0,0.0811340808868,1
15,0,0.084899187088,1
16,0,0.0880761146545,1
16,0,0.080561876297,1
16,0,0.0852699279785,1
16,0,0.0858612060547,1
16,0,0.0879111289978,1
16,0,0.0849418640137,1
16,0,0.0859580039978,1
16,0,0.0837380886078,1
16,0,0.0797801017761,1
16,0,0.0866351127625,1
17,0,0.0894391536713,1
17,0,0.0801010131836,1
17,0,0.0819571018219,1
17,0,0.0871000289917,1
17,0,0.0869629383087,1
17,0,0.0866210460663,1
17,0,0.0864219665527,1
17,0,0.0828900337219,1
17,0,0.0809900760651,1
17,0,0.0822019577026,1
18,0,0.0871109962463,1
18,0,0.080353975296,1
18,0,0.0848209857941,1
18,0,0.085165977478,1
18,0,0.0825791358948,1
18,0,0.0807960033417,1
18,0,0.0819540023804,1
18,0,0.0788958072662,1
18,0,0.0755000114441,1
18,0,0.084135055542,1
19,0,0.0829529762268,1
19,0,0.0783588886261,1
19,0,0.081976890564,1
19,0,0.0844359397888,1
19,0,0.0820851325989,1
19,0,0.0825898647308,1
19,0,0.0836489200592,1
19,0,0.0790870189667,1
19,0,0.0800559520721,1
19,0,0.0871460437775,1
20,0,0.0862350463867,1
20,0,0.091433763504,1
20,0,0.0920100212097,1
20,0,0.0888290405273,1
20,0,0.0880699157715,1
20,0,0.090861082077,1
20,0,0.0914340019226,1
20,0,0.0878510475159,1
20,0,0.0858161449432,1
20,0,0.0864081382751,1
21,0,0.086109161377,1
21,0,0.0914399623871,1
21,0,0.0916759967804,1
21,0,0.0860140323639,1
21,0,0.0922808647156,1
21,0,0.0933871269226,1
21,0,0.0950169563293,1
21,0,0.0879700183868,1
21,0,0.085921049118,1
21,0,0.0855598449707,1
22,0,0.0860121250153,1
22,0,0.0967481136322,1
22,0,0.0944578647614,1
22,0,0.0944890975952,1
22,0,0.0951859951019,1
22,0,0.0921740531921,1
22,0,0.0959069728851,1
22,0,0.0935919284821,1
22,0,0.0862021446228,1
22,0,0.0899429321289,1
23,0,0.0891919136047,1
23,0,0.0935940742493,1
23,0,0.0940499305725,1
23,0,0.0899670124054,1
23,0,0.0949120521545,1
23,0,0.0942580699921,1
23,0,0.0971748828888,1
23,0,0.0887467861176,1
23,0,0.0872559547424,1
23,0,0.0865800380707,1
24,0,0.0871891975403,1
24,0,0.094025850296,1
24,0,0.0943210124969,1
24,0,0.0905070304871,1
24,0,0.0951681137085,1
24,0,0.0942981243134,1
24,0,0.0943930149078,1
24,0,0.0880620479584,1
24,0,0.0869710445404,1
24,0,0.0897161960602,1
25,0,0.103509187698,1
25,0,0.107168912888,1
25,0,0.0934889316559,1
25,0,0.101923942566,1
25,0,0.0972950458527,1
25,0,0.100181102753,1
25,0,0.10001707077,1
25,0,0.0982921123505,1
25,0,0.0929388999939,1
25,0,0.0923237800598,1
26,0,0.0985610485077,1
26,0,0.0993740558624,1
26,0,0.0919501781464,1
26,0,0.102788925171,1
26,0,0.0939400196075,1
26,0,0.100920200348,1
26,0,0.100346088409,1
26,0,0.0950860977173,1
26,0,0.0936250686646,1
26,0,0.0907340049744,1
27,0,0.100656986237,1
27,0,0.101750135422,1
27,0,0.0930349826813,1
27,0,0.100790023804,1
27,0,0.0927481651306,1
27,0,0.101849079132,1
27,0,0.0994358062744,1
27,0,0.0956449508667,1
27,0,0.0937519073486,1
27,0,0.0918009281158,1
28,0,0.102010011673,1
28,0,0.100349187851,1
28,0,0.0991141796112,1
28,0,0.100429058075,1
28,0,0.091301202774,1
28,0,0.0985980033875,1
28,0,0.100058078766,1
28,0,0.0938789844513,1
28,0,0.0985958576202,1
28,0,0.0915231704712,1
29,0,0.1021900177,1
29,0,0.101835012436,1
29,0,0.0924549102783,1
29,0,0.101731061935,1
29,0,0.0950181484222,1
29,0,0.100520849228,1
29,0,0.101774930954,1
29,0,0.0956258773804,1
29,0,0.0970010757446,1
29,0,0.0918118953705,1
30,0,0.110548973083,1
30,0,0.109132051468,1
30,0,0.109417915344,1
30,0,0.106013059616,1
30,0,0.101878881454,1
30,0,0.0989270210266,1
30,0,0.106483221054,1
30,0,0.105841159821,1
30,0,0.0999820232391,1
30,0,0.0966689586639,1
31,0,0.108633041382,1
31,0,0.109513998032,1
31,0,0.106062889099,1
31,0,0.110132932663,1
31,0,0.101086854935,1
31,0,0.100183963776,1
31,0,0.107227087021,1
31,0,0.108204841614,1
31,0,0.0994830131531,1
31,0,0.101142168045,1
32,0,0.107609987259,1
32,0,0.113504886627,1
32,0,0.111273050308,1
32,0,0.111191987991,1
32,0,0.102744102478,1
32,0,0.100579023361,1
32,0,0.109834909439,1
32,0,0.106678962708,1
32,0,0.0981991291046,1
32,0,0.0995650291443,1
33,0,0.112257003784,1
33,0,0.107924938202,1
33,0,0.108855009079,1
33,0,0.106858968735,1
33,0,0.100057840347,1
33,0,0.0998721122742,1
33,0,0.113646030426,1
33,0,0.110852956772,1
33,0,0.100145101547,1
33,0,0.0994257926941,1
34,0,0.110360145569,1
34,0,0.114681005478,1
34,0,0.115836858749,1
34,0,0.112196922302,1
34,0,0.105108976364,1
34,0,0.102566957474,1
34,0,0.107365131378,1
34,0,0.11360001564,1
34,0,0.0996460914612,1
34,0,0.103123188019,1
35,0,0.115123987198,1
35,0,0.105626821518,1
35,0,0.116932868958,1
35,0,0.106739997864,1
35,0,0.123347043991,1
35,0,0.118126153946,1
35,0,0.118273973465,1
35,0,0.115480184555,1
35,0,0.106322050095,1
35,0,0.105287075043,1
36,0,0.116042137146,1
36,0,0.104068994522,1
36,0,0.117046833038,1
36,0,0.108172893524,1
36,0,0.120162010193,1
36,0,0.125769138336,1
36,0,0.122272968292,1
36,0,0.11811208725,1
36,0,0.107844114304,1
36,0,0.10807800293,1
37,0,0.117140054703,1
37,0,0.103955984116,1
37,0,0.115530967712,1
37,0,0.104279994965,1
37,0,0.119519948959,1
37,0,0.121260166168,1
37,0,0.118345022202,1
37,0,0.113778114319,1
37,0,0.106750011444,1
37,0,0.107156991959,1
38,0,0.115103960037,1
38,0,0.108546972275,1
38,0,0.117522001266,1
38,0,0.104908943176,1
38,0,0.116797208786,1
38,0,0.118005990982,1
38,0,0.120234966278,1
38,0,0.115721940994,1
38,0,0.108974933624,1
38,0,0.109637975693,1
39,0,0.118948936462,1
39,0,0.110960960388,1
39,0,0.130358219147,1
39,0,0.106824874878,1
39,0,0.120228052139,1
39,0,0.121287822723,1
39,0,0.126292943954,1
39,0,0.118975162506,1
39,0,0.115828990936,1
39,0,0.109574079514,1
40,0,0.124540090561,1
40,0,0.111335992813,1
40,0,0.113254070282,1
40,0,0.122611999512,1
40,0,0.109616994858,1
40,0,0.112226963043,1
40,0,0.125252008438,1
40,0,0.126142978668,1
40,0,0.111460924149,1
40,0,0.11954498291,1
41,0,0.125319004059,1
41,0,0.109546899796,1
41,0,0.11155295372,1
41,0,0.123897075653,1
41,0,0.111600875854,1
41,0,0.112186908722,1
41,0,0.124953985214,1
41,0,0.127138137817,1
41,0,0.117514133453,1
41,0,0.137538909912,1
42,0,0.132709980011,1
42,0,0.123178958893,1
42,0,0.117949008942,1
42,0,0.127111911774,1
42,0,0.114015102386,1
42,0,0.11522603035,1
42,0,0.12819981575,1
42,0,0.125714063644,1
42,0,0.11613702774,1
42,0,0.124817848206,1
43,0,0.130800008774,1
43,0,0.111467123032,1
43,0,0.11536693573,1
43,0,0.133504867554,1
43,0,0.111471176147,1
43,0,0.112725973129,1
43,0,0.128744840622,1
43,0,0.123322963715,1
43,0,0.113293886185,1
43,0,0.122657060623,1
44,0,0.128330945969,1
44,0,0.111989021301,1
44,0,0.114912033081,1
44,0,0.128205060959,1
44,0,0.110918998718,1
44,0,0.114017009735,1
44,0,0.126731157303,1
44,0,0.123414039612,1
44,0,0.113244056702,1
44,0,0.122443199158,1
45,0,0.120584964752,1
45,0,0.133400917053,1
45,0,0.139626979828,1
45,0,0.118880987167,1
45,0,0.133531808853,1
45,0,0.132423877716,1
45,0,0.132781982422,1
45,0,0.120527029037,1
45,0,0.120848894119,1
45,0,0.125843048096,1
46,0,0.116960048676,1
46,0,0.1316177845,1
46,0,0.132517814636,1
46,0,0.116642951965,1
46,0,0.134482145309,1
46,0,0.132134914398,1
46,0,0.130900859833,1
46,0,0.116897821426,1
46,0,0.122710943222,1
46,0,0.119369029999,1
47,0,0.116868019104,1
47,0,0.131885051727,1
47,0,0.134567022324,1
47,0,0.122272014618,1
47,0,0.130719184875,1
47,0,0.126466989517,1
47,0,0.131115198135,1
47,0,0.117326021194,1
47,0,0.122437953949,1
47,0,0.118192911148,1
48,0,0.117472887039,1
48,0,0.133801937103,1
48,0,0.135965108871,1
48,0,0.1203789711,1
48,0,0.131675004959,1
48,0,0.130822181702,1
48,0,0.130460977554,1
48,0,0.119444847107,1
48,0,0.117650985718,1
48,0,0.124171972275,1
49,0,0.119093894958,1
49,0,0.138505935669,1
49,0,0.142018079758,1
49,0,0.119191169739,1
49,0,0.133142948151,1
49,0,0.131492853165,1
49,0,0.133096933365,1
49,0,0.124668836594,1
49,0,0.121555089951,1
49,0,0.12272310257,1
50,0,0.123351812363,1
50,0,0.13763999939,1
50,0,0.125169992447,1
50,0,0.1400141716,1
50,0,0.129703044891,1
50,0,0.140305042267,1
50,0,0.137432098389,1
50,0,0.124948978424,1
50,0,0.13866686821,1
50,0,0.127594947815,1
51,0,0.129999160767,1
51,0,0.137310028076,1
51,0,0.126396894455,1
51,0,0.140408992767,1
51,0,0.124018192291,1
51,0,0.141263961792,1
51,0,0.138610839844,1
51,0,0.125490903854,1
51,0,0.139446020126,1
51,0,0.125438928604,1
52,0,0.12272810936,1
52,0,0.137531995773,1
52,0,0.133970022202,1
52,0,0.138251066208,1
52,0,0.126704216003,1
52,0,0.139163970947,1
52,0,0.141717910767,1
52,0,0.129272937775,1
52,0,0.141031980515,1
52,0,0.125836849213,1
53,0,0.127141952515,1
53,0,0.149822950363,1
53,0,0.128911018372,1
53,0,0.144276857376,1
53,0,0.128401041031,1
53,0,0.139199972153,1
53,0,0.139349937439,1
53,0,0.12683391571,1
53,0,0.137449979782,1
53,0,0.128320932388,1
54,0,0.127392053604,1
54,0,0.144077062607,1
54,0,0.128952026367,1
54,0,0.137737035751,1
54,0,0.126363992691,1
54,0,0.138140916824,1
54,0,0.138455152512,1
54,0,0.125227928162,1
54,0,0.140624046326,1
54,0,0.126257896423,1
55,0,0.152260065079,1
55,0,0.153236150742,1
55,0,0.15744304657,1
55,0,0.129147052765,1
55,0,0.152585983276,1
55,0,0.134226083755,1
55,0,0.130743026733,1
55,0,0.129505872726,1
55,0,0.137198925018,1
55,0,0.130583047867,1
56,0,0.150099992752,1
56,0,0.155070066452,1
56,0,0.160712003708,1
56,0,0.132384061813,1
56,0,0.150600910187,1
56,0,0.132385969162,1
56,0,0.131097793579,1
56,0,0.135594844818,1
56,0,0.132762908936,1
56,0,0.128258943558,1
57,0,0.145714044571,1
57,0,0.151699066162,1
57,0,0.146712064743,1
57,0,0.126222848892,1
57,0,0.147747039795,1
57,0,0.129518032074,1
57,0,0.126482963562,1
57,0,0.126087903976,1
57,0,0.125702857971,1
57,0,0.127367973328,1
58,0,0.155529975891,1
58,0,0.146139144897,1
58,0,0.150764942169,1
58,0,0.126871824265,1
58,0,0.153614044189,1
58,0,0.131823062897,1
58,0,0.135379076004,1
58,0,0.128540039062,1
58,0,0.128087997437,1
58,0,0.133695840836,1
59,0,0.145627975464,1
59,0,0.152718067169,1
59,0,0.151163816452,1
59,0,0.138468980789,1
59,0,0.144968032837,1
59,0,0.129765033722,1
59,0,0.131121873856,1
59,0,0.128401041031,1
59,0,0.130565166473,1
59,0,0.126971960068,1
60,0,0.144747972488,1
60,0,0.159026861191,1
60,0,0.161426067352,1
60,0,0.165236949921,1
60,0,0.160638093948,1
60,0,0.159713983536,1
60,0,0.142290115356,1
60,0,0.152915000916,1
60,0,0.160387992859,1
60,0,0.140738964081,1
61,0,0.142966032028,1
61,0,0.16134095192,1
61,0,0.164878129959,1
61,0,0.164642095566,1
61,0,0.164726018906,1
61,0,0.155567884445,1
61,0,0.138580083847,1
61,0,0.161130905151,1
61,0,0.16393995285,1
61,0,0.137547016144,1
62,0,0.142343997955,1
62,0,0.158699989319,1
62,0,0.168192863464,1
62,0,0.164734125137,1
62,0,0.163491010666,1
62,0,0.162691831589,1
62,0,0.149666070938,1
62,0,0.158611059189,1
62,0,0.163393974304,1
62,0,0.140350103378,1
63,0,0.143645048141,1
63,0,0.164839982986,1
63,0,0.160920143127,1
63,0,0.167742013931,1
63,0,0.162630081177,1
63,0,0.152359008789,1
63,0,0.139445066452,1
63,0,0.166790962219,1
63,0,0.162220954895,1
63,0,0.136424064636,1
64,0,0.142028808594,1
64,0,0.163776874542,1
64,0,0.161980867386,1
64,0,0.164770126343,1
64,0,0.165925979614,1
64,0,0.160444021225,1
64,0,0.140872955322,1
64,0,0.159435033798,1
64,0,0.165362119675,1
64,0,0.138744115829,1
65,0,0.172820091248,1
65,0,0.150652885437,1
65,0,0.177828073502,1
65,0,0.145483970642,1
65,0,0.146499872208,1
65,0,0.166467905045,1
65,0,0.145848989487,1
65,0,0.14813709259,1
65,0,0.163347959518,1
65,0,0.144230127335,1
66,0,0.165169000626,1
66,0,0.144065856934,1
66,0,0.174009084702,1
66,0,0.144122123718,1
66,0,0.14402794838,1
66,0,0.164623022079,1
66,0,0.147305965424,1
66,0,0.142137050629,1
66,0,0.164829015732,1
66,0,0.148857116699,1
67,0,0.167504072189,1
67,0,0.142973184586,1
67,0,0.173731088638,1
67,0,0.147309064865,1
67,0,0.142874956131,1
67,0,0.165392875671,1
67,0,0.144115209579,1
67,0,0.146785020828,1
67,0,0.165896892548,1
67,0,0.149831056595,1
68,0,0.17400598526,1
68,0,0.153736114502,1
68,0,0.172475814819,1
68,0,0.145212173462,1
68,0,0.146389961243,1
68,0,0.173485994339,1
68,0,0.143723964691,1
68,0,0.146231174469,1
68,0,0.165933847427,1
68,0,0.152199983597,1
69,0,0.171289920807,1
69,0,0.145988941193,1
69,0,0.178582906723,1
69,0,0.146413087845,1
69,0,0.142595052719,1
69,0,0.168576955795,1
69,0,0.14008808136,1
69,0,0.142165184021,1
69,0,0.160753011703,1
69,0,0.147952079773,1
70,0,0.152914047241,1
70,0,0.157129049301,1
70,0,0.16996216774,1
70,0,0.150882005692,1
70,0,0.176959037781,1
70,0,0.155811071396,1
70,0,0.178651809692,1
70,0,0.153632879257,1
70,0,0.152622938156,1
70,0,0.157359838486,1
71,0,0.151391029358,1
71,0,0.148910045624,1
71,0,0.169649124146,1
71,0,0.154447078705,1
71,0,0.177330970764,1
71,0,0.150668859482,1
71,0,0.178663015366,1
71,0,0.156084060669,1
71,0,0.152461051941,1
71,0,0.148571014404,1
72,0,0.151642799377,1
72,0,0.156761884689,1
72,0,0.174101114273,1
72,0,0.150450944901,1
72,0,0.174953937531,1
72,0,0.154196977615,1
72,0,0.179660081863,1
72,0,0.152390003204,1
72,0,0.159426927567,1
72,0,0.151458978653,1
73,0,0.152241945267,1
73,0,0.151986837387,1
73,0,0.180918931961,1
73,0,0.151495933533,1
73,0,0.171731948853,1
73,0,0.150085926056,1
73,0,0.179828166962,1
73,0,0.151602983475,1
73,0,0.151191949844,1
73,0,0.150861024857,1
74,0,0.153279066086,1
74,0,0.152147054672,1
74,0,0.176668167114,1
74,0,0.150130987167,1
74,0,0.171374082565,1
74,0,0.147289991379,1
74,0,0.176795005798,1
74,0,0.156256198883,1
74,0,0.153062105179,1
74,0,0.151051044464,1
75,0,0.153867959976,1
75,0,0.158395051956,1
75,0,0.187150001526,1
75,0,0.173078775406,1
75,0,0.179959774017,1
75,0,0.182815074921,1
75,0,0.157655000687,1
75,0,0.155236959457,1
75,0,0.182007074356,1
75,0,0.153911113739,1
76,0,0.154902935028,1
76,0,0.155904054642,1
76,0,0.190992116928,1
76,0,0.1784760952,1
76,0,0.17483997345,1
76,0,0.179271936417,1
76,0,0.15642285347,1
76,0,0.154266834259,1
76,0,0.18456697464,1
76,0,0.159233093262,1
77,0,0.152145862579,1
77,0,0.156091928482,1
77,0,0.189670085907,1
77,0,0.178290843964,1
77,0,0.17565703392,1
77,0,0.179044008255,1
77,0,0.155694961548,1
77,0,0.157591819763,1
77,0,0.179070949554,1
77,0,0.154339075089,1
78,0,0.154870033264,1
78,0,0.175938844681,1
78,0,0.188180923462,1
78,0,0.180859088898,1
78,0,0.187788009644,1
78,0,0.181641817093,1
78,0,0.158337116241,1
78,0,0.155195951462,1
78,0,0.193150043488,1
78,0,0.155652999878,1
79,0,0.154284954071,1
79,0,0.158450126648,1
79,0,0.190006017685,1
79,0,0.186278820038,1
79,0,0.179657936096,1
79,0,0.180323123932,1
79,0,0.15681385994,1
79,0,0.156651973724,1
79,0,0.182832956314,1
79,0,0.153041124344,1
80,0,0.186662912369,1
80,0,0.194102048874,1
80,0,0.194748878479,1
80,0,0.196562051773,1
80,0,0.199733018875,1
80,0,0.200171947479,1
80,0,0.190412998199,1
80,0,0.165965795517,1
80,0,0.191420078278,1
80,0,0.186851978302,1
81,0,0.19197678566,1
81,0,0.202920913696,1
81,0,0.196032047272,1
81,0,0.192310810089,1
81,0,0.203361988068,1
81,0,0.195369005203,1
81,0,0.194969177246,1
81,0,0.159419059753,1
81,0,0.193978071213,1
81,0,0.189728975296,1
82,0,0.192346096039,1
82,0,0.203175067902,1
82,0,0.190733194351,1
82,0,0.189361095428,1
82,0,0.199320077896,1
82,0,0.203607082367,1
82,0,0.189965963364,1
82,0,0.171944856644,1
82,0,0.191326856613,1
82,0,0.188221931458,1
83,0,0.19461607933,1
83,0,0.187808036804,1
83,0,0.190527915955,1
83,0,0.187196969986,1
83,0,0.199871063232,1
83,0,0.198106050491,1
83,0,0.186983108521,1
83,0,0.168753147125,1
83,0,0.189198970795,1
83,0,0.188985824585,1
84,0,0.193135976791,1
84,0,0.194089174271,1
84,0,0.188714027405,1
84,0,0.187999010086,1
84,0,0.196078777313,1
84,0,0.199053049088,1
84,0,0.199100017548,1
84,0,0.160861968994,1
84,0,0.186922073364,1
84,0,0.184725046158,1
85,0,0.209476947784,1
85,0,0.200860023499,1
85,0,0.198228120804,1
85,0,0.179645061493,1
85,0,0.204436063766,1
85,0,0.198032140732,1
85,0,0.20326590538,1
85,0,0.205166101456,1
85,0,0.197957992554,1
85,0,0.197453022003,1
86,0,0.208286046982,1
86,0,0.203138828278,1
86,0,0.205749988556,1
86,0,0.168837070465,1
86,0,0.201854944229,1
86,0,0.203325033188,1
86,0,0.199796199799,1
86,0,0.212572813034,1
86,0,0.205862045288,1
86,0,0.197674036026,1
87,0,0.208559036255,1
87,0,0.201020002365,1
87,0,0.197543859482,1
87,0,0.166079998016,1
87,0,0.203162908554,1
87,0,0.196786880493,1
87,0,0.194338798523,1
87,0,0.205523967743,1
87,0,0.198323011398,1
87,0,0.19297003746,1
88,0,0.207521915436,1
88,0,0.201866865158,1
88,0,0.190773963928,1
88,0,0.170073986053,1
88,0,0.203495025635,1
88,0,0.200538873672,1
88,0,0.203205823898,1
88,0,0.201128959656,1
88,0,0.200843095779,1
88,0,0.190590143204,1
89,0,0.204308986664,1
89,0,0.200881004333,1
89,0,0.198035001755,1
89,0,0.164752006531,1
89,0,0.193593978882,1
89,0,0.200394153595,1
89,0,0.198081016541,1
89,0,0.207915782928,1
89,0,0.199740171432,1
89,0,0.202357053757,1
90,0,0.180419921875,1
90,0,0.176096916199,1
90,0,0.175747156143,1
90,0,0.178691148758,1
90,0,0.173748016357,1
90,0,0.174952983856,1
90,0,0.182685136795,1
90,0,0.200653791428,1
90,0,0.174397945404,1
90,0,0.220867156982,1
91,0,0.178552865982,1
91,0,0.174146175385,1
91,0,0.181221008301,1
91,0,0.181053876877,1
91,0,0.176034927368,1
91,0,0.174457788467,1
91,0,0.178626060486,1
91,0,0.21005988121,1
91,0,0.175987005234,1
91,0,0.219201803207,1
92,0,0.174286842346,1
92,0,0.174879789352,1
92,0,0.179385185242,1
92,0,0.182536840439,1
92,0,0.177290916443,1
92,0,0.179198980331,1
92,0,0.179765939713,1
92,0,0.211880207062,1
92,0,0.182747840881,1
92,0,0.216187000275,1
93,0,0.174961090088,1
93,0,0.175352096558,1
93,0,0.174435138702,1
93,0,0.185475111008,1
93,0,0.190465927124,1
93,0,0.17661190033,1
93,0,0.178599119186,1
93,0,0.21210694313,1
93,0,0.177053928375,1
93,0,0.216691970825,1
94,0,0.177409887314,1
94,0,0.17448592186,1
94,0,0.176094055176,1
94,0,0.174921035767,1
94,0,0.178907155991,1
94,0,0.180916070938,1
94,0,0.173792123795,1
94,0,0.216352939606,1
94,0,0.17612195015,1
94,0,0.213999032974,1
95,0,0.1804728508,1
95,0,0.212601184845,1
95,0,0.235446929932,1
95,0,0.221446037292,1
95,0,0.186719179153,1
95,0,0.186127185822,1
95,0,0.23096704483,1
95,0,0.221033096313,1
95,0,0.184513092041,1
95,0,0.217842102051,1
96,0,0.191217899323,1
96,0,0.220544099808,1
96,0,0.226567983627,1
96,0,0.219336032867,1
96,0,0.182665109634,1
96,0,0.184312820435,1
96,0,0.228424072266,1
96,0,0.215814828873,1
96,0,0.183171987534,1
96,0,0.216893196106,1
97,0,0.18386220932,1
97,0,0.217705965042,1
97,0,0.230600118637,1
97,0,0.210673093796,1
97,0,0.181052923203,1
97,0,0.181942939758,1
97,0,0.229830026627,1
97,0,0.216200113297,1
97,0,0.183237075806,1
97,0,0.215240001678,1
98,0,0.183537960052,1
98,0,0.217978954315,1
98,0,0.227838993073,1
98,0,0.225105047226,1
98,0,0.17941904068,1
98,0,0.180877923965,1
98,0,0.237499952316,1
98,0,0.206790924072,1
98,0,0.183199882507,1
98,0,0.21431183815,1
99,0,0.179259061813,1
99,0,0.219871044159,1
99,0,0.233225822449,1
99,0,0.212483882904,1
99,0,0.180945158005,1
99,0,0.183521032333,1
99,0,0.227192163467,1
99,0,0.221027851105,1
99,0,0.18629193306,1
99,0,0.209461927414,1
100,0,0.190779924393,1
100,0,0.186000108719,1
100,0,0.188642024994,1
100,0,0.215237855911,1
100,0,0.235986948013,1
100,0,0.238040924072,1
100,0,0.190931797028,1
100,0,0.234163045883,1
100,0,0.22288608551,1
100,0,0.233320951462,1
101,0,0.19414806366,1
101,0,0.186449050903,1
101,0,0.186347007751,1
101,0,0.230902910233,1
101,0,0.237106800079,1
101,0,0.233626127243,1
101,0,0.184120893478,1
101,0,0.2319688797,1
101,0,0.223098039627,1
101,0,0.233016967773,1
102,0,0.186277151108,1
102,0,0.191787958145,1
102,0,0.184005975723,1
102,0,0.216048955917,1
102,0,0.245615959167,1
102,0,0.235200166702,1
102,0,0.188841104507,1
102,0,0.238382816315,1
102,0,0.229911088943,1
102,0,0.229996919632,1
103,0,0.198291063309,1
103,0,0.186043977737,1
103,0,0.18644785881,1
103,0,0.22342300415,1
103,0,0.239100933075,1
103,0,0.245756864548,1
103,0,0.191992044449,1
103,0,0.233257055283,1
103,0,0.225798845291,1
103,0,0.228178977966,1
104,0,0.192641019821,1
104,0,0.188102960587,1
104,0,0.185846090317,1
104,0,0.223711013794,1
104,0,0.241665840149,1
104,0,0.236696958542,1
104,0,0.186054944992,1
104,0,0.231297969818,1
104,0,0.225104808807,1
104,0,0.22265291214,1
105,0,0.195314884186,1
105,0,0.234714984894,1
105,0,0.240633010864,1
105,0,0.188294887543,1
105,0,0.186615943909,1
105,0,0.187255859375,1
105,0,0.237890958786,1
105,0,0.228425979614,1
105,0,0.227437019348,1
105,0,0.238577127457,1
106,0,0.192775964737,1
106,0,0.239535093307,1
106,0,0.237685918808,1
106,0,0.187999010086,1
106,0,0.198684215546,1
106,0,0.195576906204,1
106,0,0.242031812668,1
106,0,0.234354019165,1
106,0,0.234678983688,1
106,0,0.260365009308,1
107,0,0.199793100357,1
107,0,0.246074914932,1
107,0,0.242904901505,1
107,0,0.192738056183,1
107,0,0.206419944763,1
107,0,0.192529916763,1
107,0,0.248951911926,1
107,0,0.236963033676,1
107,0,0.227483034134,1
107,0,0.250164031982,1
108,0,0.200872182846,1
108,0,0.233750104904,1
108,0,0.238571166992,1
108,0,0.199023008347,1
108,0,0.192163944244,1
108,0,0.19840502739,1
108,0,0.243443965912,1
108,0,0.23739695549,1
108,0,0.231037855148,1
108,0,0.245142936707,1
109,0,0.190243005753,1
109,0,0.231927156448,1
109,0,0.239211082458,1
109,0,0.189051151276,1
109,0,0.188934803009,1
109,0,0.195668935776,1
109,0,0.246266126633,1
109,0,0.236569881439,1
109,0,0.229637145996,1
109,0,0.245845079422,1
110,0,0.241181850433,1
110,0,0.203382968903,1
110,0,0.200343132019,1
110,0,0.243857860565,1
110,0,0.241720199585,1
110,0,0.202161073685,1
110,0,0.241655826569,1
110,0,0.249962091446,1
110,0,0.251868963242,1
110,0,0.198455095291,1
111,0,0.253700971603,1
111,0,0.201970100403,1
111,0,0.204761981964,1
111,0,0.255993843079,1
111,0,0.243314027786,1
111,0,0.20497918129,1
111,0,0.250262022018,1
111,0,0.25048494339,1
111,0,0.253222942352,1
111,0,0.199244976044,1
112,0,0.237189054489,1
112,0,0.205873012543,1
112,0,0.203494787216,1
112,0,0.248307943344,1
112,0,0.242000102997,1
112,0,0.202219009399,1
112,0,0.245828151703,1
112,0,0.249969005585,1
112,0,0.250249862671,1
112,0,0.206158876419,1
113,0,0.239009141922,1
113,0,0.198927164078,1
113,0,0.197235107422,1
113,0,0.239369869232,1
113,0,0.238461971283,1
113,0,0.205729007721,1
113,0,0.238367080688,1
113,0,0.251349210739,1
113,0,0.251462936401,1
113,0,0.198431968689,1
114,0,0.237921953201,1
114,0,0.199248075485,1
114,0,0.195800065994,1
114,0,0.25056886673,1
114,0,0.239821910858,1
114,0,0.202075958252,1
114,0,0.243270158768,1
114,0,0.25714802742,1
114,0,0.24192404747,1
114,0,0.196156978607,1
115,0,0.249910116196,1
115,0,0.212590932846,1
115,0,0.213521003723,1
115,0,0.215360164642,1
115,0,0.246200084686,1
115,0,0.209495067596,1
115,0,0.256891965866,1
115,0,0.250898122787,1
115,0,0.250803947449,1
115,0,0.211664199829,1
116,0,0.264393806458,1
116,0,0.214775085449,1
116,0,0.206475973129,1
116,0,0.204789161682,1
116,0,0.24782705307,1
116,0,0.203775167465,1
116,0,0.255362987518,1
116,0,0.248996973038,1
116,0,0.241433858871,1
116,0,0.215137004852,1
117,0,0.242814064026,1
117,0,0.210141181946,1
117,0,0.213001966476,1
117,0,0.213099002838,1
117,0,0.243287086487,1
117,0,0.210078001022,1
117,0,0.250298976898,1
117,0,0.257102012634,1
117,0,0.247684001923,1
117,0,0.210439920425,1
118,0,0.235999107361,1
118,0,0.208576917648,1
118,0,0.212723970413,1
118,0,0.214236021042,1
118,0,0.245907068253,1
118,0,0.211045026779,1
118,0,0.251882076263,1
118,0,0.259418964386,1
118,0,0.252980947495,1
118,0,0.20766210556,1
119,0,0.248434066772,1
119,0,0.206832885742,1
119,0,0.204102993011,1
119,0,0.207691907883,1
119,0,0.249054908752,1
119,0,0.20391702652,1
119,0,0.251788854599,1
119,0,0.251826047897,1
119,0,0.248667955399,1
119,0,0.208050012589,1
120,0,0.221899032593,1
120,0,0.224298000336,1
120,0,0.21687912941,1
120,0,0.27724313736,1
120,0,0.227473974228,1
120,0,0.222135066986,1
120,0,0.277537107468,1
120,0,0.264410018921,1
120,0,0.219405889511,1
120,0,0.218110084534,1
121,0,0.223476171494,1
121,0,0.229289054871,1
121,0,0.217684030533,1
121,0,0.273025035858,1
121,0,0.2304251194,1
121,0,0.221470117569,1
121,0,0.268709182739,1
121,0,0.253481864929,1
121,0,0.221734046936,1
121,0,0.224195957184,1
122,0,0.216569900513,1
122,0,0.217633008957,1
122,0,0.218174934387,1
122,0,0.277093172073,1
122,0,0.218062162399,1
122,0,0.220726966858,1
122,0,0.267740011215,1
122,0,0.26225399971,1
122,0,0.21711397171,1
122,0,0.216810941696,1
123,0,0.220566034317,1
123,0,0.209129095078,1
123,0,0.208965063095,1
123,0,0.277745008469,1
123,0,0.220142841339,1
123,0,0.222994089127,1
123,0,0.266189813614,1
123,0,0.253992080688,1
123,0,0.213982105255,1
123,0,0.221632957458,1
124,0,0.222889184952,1
124,0,0.21791601181,1
124,0,0.213389158249,1
124,0,0.279536008835,1
124,0,0.215346813202,1
124,0,0.216846942902,1
124,0,0.270434856415,1
124,0,0.258865118027,1
124,0,0.21558713913,1
124,0,0.21942615509,1
125,0,0.229197978973,1
125,0,0.22687792778,1
125,0,0.268908023834,1
125,0,0.222029924393,1
125,0,0.268075942993,1
125,0,0.219221115112,1
125,0,0.273767948151,1
125,0,0.218719005585,1
125,0,0.276760101318,1
125,0,0.224339008331,1
126,0,0.223719120026,1
126,0,0.223523139954,1
126,0,0.269360780716,1
126,0,0.223652124405,1
126,0,0.26092505455,1
126,0,0.221027851105,1
126,0,0.269445896149,1
126,0,0.225899934769,1
126,0,0.265746116638,1
126,0,0.223690986633,1
127,0,0.22561788559,1
127,0,0.215761184692,1
127,0,0.278585910797,1
127,0,0.226395845413,1
127,0,0.272015094757,1
127,0,0.214543104172,1
127,0,0.275192975998,1
127,0,0.227918148041,1
127,0,0.278702020645,1
127,0,0.225528001785,1
128,0,0.225059986115,1
128,0,0.218255996704,1
128,0,0.267689943314,1
128,0,0.227906942368,1
128,0,0.278244018555,1
128,0,0.268042087555,1
128,0,0.319477081299,1
128,0,0.222365856171,1
128,0,0.286363840103,1
128,0,0.220132827759,1
129,0,0.220561027527,1
129,0,0.226227998734,1
129,0,0.279560089111,1
129,0,0.223798036575,1
129,0,0.270462036133,1
129,0,0.220089197159,1
129,0,0.266611814499,1
129,0,0.220981121063,1
129,0,0.284106969833,1
129,0,0.217439889908,1
130,0,0.266525030136,1
130,0,0.231338977814,1
130,0,0.280362844467,1
130,0,0.233887910843,1
130,0,0.299775838852,1
130,0,0.236654996872,1
130,0,0.224917173386,1
130,0,0.277812957764,1
130,0,0.294162034988,1
130,0,0.2756690979,1
131,0,0.309196949005,1
131,0,0.270006895065,1
131,0,0.325350999832,1
131,0,0.264080047607,1
131,0,0.304326057434,1
131,0,0.233948945999,1
131,0,0.227670907974,1
131,0,0.286683082581,1
131,0,0.289246797562,1
131,0,0.27167391777,1
132,0,0.284014940262,1
132,0,0.232679843903,1
132,0,0.273941040039,1
132,0,0.22421002388,1
132,0,0.328108072281,1
132,0,0.229844093323,1
132,0,0.22895693779,1
132,0,0.28342294693,1
132,0,0.283498048782,1
132,0,0.275969982147,1
133,0,0.274448871613,1
133,0,0.237614870071,1
133,0,0.301582098007,1
133,0,0.233329057693,1
133,0,0.307053804398,1
133,0,0.240345954895,1
133,0,0.230957984924,1
133,0,0.279304981232,1
133,0,0.281793117523,1
133,0,0.266135931015,1
134,0,0.269649028778,1
134,0,0.236383914948,1
134,0,0.289960861206,1
134,0,0.230788946152,1
134,0,0.303977966309,1
134,0,0.235506057739,1
134,0,0.227535009384,1
134,0,0.281063079834,1
134,0,0.280498981476,1
134,0,0.289948940277,1
135,0,0.293701887131,1
135,0,0.306419849396,1
135,0,0.234658956528,1
135,0,0.301609992981,1
135,0,0.294671058655,1
135,0,0.311814069748,1
135,0,0.237676858902,1
135,0,0.236778020859,1
135,0,0.240643024445,1
135,0,0.295600891113,1
136,0,0.294947862625,1
136,0,0.296186208725,1
136,0,0.237835884094,1
136,0,0.308259963989,1
136,0,0.290241003036,1
136,0,0.301441907883,1
136,0,0.23349404335,1
136,0,0.232732057571,1
136,0,0.252178907394,1
136,0,0.292832136154,1
137,0,0.292006015778,1
137,0,0.302200078964,1
137,0,0.237946033478,1
137,0,0.309351921082,1
137,0,0.300616979599,1
137,0,0.31713104248,1
137,0,0.229789972305,1
137,0,0.235142946243,1
137,0,0.242305994034,1
137,0,0.293524980545,1
138,0,0.297108888626,1
138,0,0.295457839966,1
138,0,0.235774993896,1
138,0,0.298167943954,1
138,0,0.296043872833,1
138,0,0.306792974472,1
138,0,0.235336065292,1
138,0,0.230607032776,1
138,0,0.235846996307,1
138,0,0.302067041397,1
139,0,0.285145044327,1
139,0,0.290318965912,1
139,0,0.23118185997,1
139,0,0.316144943237,1
139,0,0.302266120911,1
139,0,0.30006814003,1
139,0,0.23418211937,1
139,0,0.235330104828,1
139,0,0.243711948395,1
139,0,0.282077789307,1
140,0,0.298403978348,1
140,0,0.302370071411,1
140,0,0.312575101852,1
140,0,0.240705966949,1
140,0,0.246033191681,1
140,0,0.240453004837,1
140,0,0.30157494545,1
140,0,0.295830011368,1
140,0,0.311708927155,1
140,0,0.30185008049,1
141,0,0.298938989639,1
141,0,0.308346033096,1
141,0,0.330054998398,1
141,0,0.245796918869,1
141,0,0.242930173874,1
141,0,0.24134516716,1
141,0,0.303771018982,1
141,0,0.289632081985,1
141,0,0.303390026093,1
141,0,0.300924062729,1
142,0,0.301284074783,1
142,0,0.312371015549,1
142,0,0.312536001205,1
142,0,0.247714996338,1
142,0,0.243308067322,1
142,0,0.248211860657,1
142,0,0.304797887802,1
142,0,0.305694103241,1
142,0,0.291947841644,1
142,0,0.318295001984,1
143,0,0.305244922638,1
143,0,0.303457021713,1
143,0,0.321679830551,1
143,0,0.245853900909,1
143,0,0.246242046356,1
143,0,0.246703147888,1
143,0,0.305352926254,1
143,0,0.297450065613,1
143,0,0.305626153946,1
143,0,0.303334951401,1
144,0,0.299521923065,1
144,0,0.311836004257,1
144,0,0.32678103447,1
144,0,0.2423350811,1
144,0,0.240088939667,1
144,0,0.239838123322,1
144,0,0.295497894287,1
144,0,0.30224108696,1
144,0,0.294866085052,1
144,0,0.306992053986,1
145,0,0.312717914581,1
145,0,0.298082828522,1
145,0,0.293419122696,1
145,0,0.255854129791,1
145,0,0.300239086151,1
145,0,0.255603075027,1
145,0,0.306080102921,1
145,0,0.300846099854,1
145,0,0.25546503067,1
145,0,0.249654054642,1
146,0,0.306878089905,1
146,0,0.296896934509,1
146,0,0.294204950333,1
146,0,0.25373506546,1
146,0,0.312639951706,1
146,0,0.248265028,1
146,0,0.313478946686,1
146,0,0.295049905777,1
146,0,0.255724906921,1
146,0,0.247350931168,1
147,0,0.311857938766,1
147,0,0.303430080414,1
147,0,0.314532995224,1
147,0,0.248535871506,1
147,0,0.313956022263,1
147,0,0.250862836838,1
147,0,0.314218997955,1
147,0,0.315726995468,1
147,0,0.25140619278,1
147,0,0.249600172043,1
148,0,0.304481983185,1
148,0,0.314805030823,1
148,0,0.319425106049,1
148,0,0.247881889343,1
148,0,0.30522108078,1
148,0,0.251764059067,1
148,0,0.307450056076,1
148,0,0.306502103806,1
148,0,0.247485160828,1
148,0,0.250981092453,1
149,0,0.320122003555,1
149,0,0.295355081558,1
149,0,0.308585882187,1
149,0,0.258962154388,1
149,0,0.309800863266,1
149,0,0.250897169113,1
149,0,0.314227819443,1
149,0,0.302092790604,1
149,0,0.250046014786,1
149,0,0.244791984558,1
150,0,0.309169054031,1
150,0,0.260690927505,1
150,0,0.258950948715,1
150,0,0.25977396965,1
150,0,0.261473894119,1
150,0,0.25261592865,1
150,0,0.251745939255,1
150,0,0.317384004593,1
150,0,0.260138988495,1
150,0,0.260493993759,1
151,0,0.306994915009,1
151,0,0.262860059738,1
151,0,0.338786840439,1
151,0,0.281629800797,1
151,0,0.276340961456,1
151,0,0.276484012604,1
151,0,0.279902935028,1
151,0,0.346751928329,1
151,0,0.281277894974,1
151,0,0.278374910355,1
152,0,0.310142040253,1
152,0,0.265254020691,1
152,0,0.258344888687,1
152,0,0.258665800095,1
152,0,0.257920026779,1
152,0,0.253473997116,1
152,0,0.26696896553,1
152,0,0.36300110817,1
152,0,0.32715511322,1
152,0,0.26974606514,1
153,0,0.32891702652,1
153,0,0.272013187408,1
153,0,0.285823106766,1
153,0,0.284570932388,1
153,0,0.274057865143,1
153,0,0.272086858749,1
153,0,0.272333145142,1
153,0,0.340057134628,1
153,0,0.275379896164,1
153,0,0.272540092468,1
154,0,0.332937002182,1
154,0,0.277806997299,1
154,0,0.27344083786,1
154,0,0.294002056122,1
154,0,0.271524190903,1
154,0,0.274187088013,1
154,0,0.280184984207,1
154,0,0.357001066208,1
154,0,0.269752979279,1
154,0,0.279539108276,1
155,0,0.37194108963,1
155,0,0.347497940063,1
155,0,0.366401910782,1
155,0,0.371100902557,1
155,0,0.373318910599,1
155,0,0.283051013947,1
155,0,0.294091939926,1
155,0,0.286004066467,1
155,0,0.380598068237,1
155,0,0.350202083588,1
156,0,0.372476100922,1
156,0,0.367027997971,1
156,0,0.376780986786,1
156,0,0.359193086624,1
156,0,0.369105100632,1
156,0,0.276272058487,1
156,0,0.285805940628,1
156,0,0.291455030441,1
156,0,0.373438835144,1
156,0,0.360683917999,1
157,0,0.368089199066,1
157,0,0.339869976044,1
157,0,0.364260196686,1
157,0,0.338458061218,1
157,0,0.381558179855,1
157,0,0.286140918732,1
157,0,0.279013156891,1
157,0,0.299857854843,1
157,0,0.363308906555,1
157,0,0.356405973434,1
158,0,0.367991924286,1
158,0,0.374760150909,1
158,0,0.363596916199,1
158,0,0.347121953964,1
158,0,0.357758045197,1
158,0,0.272244930267,1
158,0,0.276705980301,1
158,0,0.26987195015,1
158,0,0.361268043518,1
158,0,0.345252990723,1
159,0,0.370918989182,1
159,0,0.333958864212,1
159,0,0.366516113281,1
159,0,0.347532987595,1
159,0,0.355875015259,1
159,0,0.278199911118,1
159,0,0.275344848633,1
159,0,0.278157949448,1
159,0,0.360790014267,1
159,0,0.359628200531,1
160,0,0.361084938049,1
160,0,0.369266033173,1
160,0,0.357576131821,1
160,0,0.344033002853,1
160,0,0.367719173431,1
160,0,0.358197927475,1
160,0,0.389200925827,1
160,0,0.285557031631,1
160,0,0.291309118271,1
160,0,0.290174007416,1
161,0,0.358571052551,1
161,0,0.360945940018,1
161,0,0.346797943115,1
161,0,0.365417003632,1
161,0,0.363584041595,1
161,0,0.36582493782,1
161,0,0.378353118896,1
161,0,0.28972697258,1
161,0,0.288921833038,1
161,0,0.286485910416,1
162,0,0.372905015945,1
162,0,0.388422012329,1
162,0,0.355293035507,1
162,0,0.35012793541,1
162,0,0.361435890198,1
162,0,0.355319976807,1
162,0,0.36745095253,1
162,0,0.294823884964,1
162,0,0.286422967911,1
162,0,0.28558921814,1
163,0,0.366291999817,1
163,0,0.372501134872,1
163,0,0.359949827194,1
163,0,0.355406045914,1
163,0,0.358745098114,1
163,0,0.353585004807,1
163,0,0.377588033676,1
163,0,0.281324863434,1
163,0,0.288861989975,1
163,0,0.285833120346,1
164,0,0.362176895142,1
164,0,0.359593153,1
164,0,0.350500106812,1
164,0,0.362059831619,1
164,0,0.354918003082,1
164,0,0.361557006836,1
164,0,0.373242139816,1
164,0,0.291901111603,1
164,0,0.28913807869,1
164,0,0.286453008652,1
165,0,0.28907585144,1
165,0,0.371837854385,1
165,0,0.366652011871,1
165,0,0.304235935211,1
165,0,0.37132692337,1
165,0,0.305834054947,1
165,0,0.375227928162,1
165,0,0.366242170334,1
165,0,0.35541009903,1
165,0,0.387553930283,1
166,0,0.294236898422,1
166,0,0.383008956909,1
166,0,0.359962940216,1
166,0,0.28050994873,1
166,0,0.340698003769,1
166,0,0.280346155167,1
166,0,0.339575052261,1
166,0,0.32964515686,1
166,0,0.33710694313,1
166,0,0.364427089691,1
167,0,0.285060882568,1
167,0,0.358347892761,1
167,0,0.368539810181,1
167,0,0.286734819412,1
167,0,0.364320039749,1
167,0,0.282256126404,1
167,0,0.365267038345,1
167,0,0.346118211746,1
167,0,0.365875005722,1
167,0,0.371574163437,1
168,0,0.287137985229,1
168,0,0.370780944824,1
168,0,0.368172883987,1
168,0,0.291776180267,1
168,0,0.370682954788,1
168,0,0.296341896057,1
168,0,0.362869977951,1
168,0,0.441340923309,1
168,0,0.378271102905,1
168,0,0.368558883667,1
169,0,0.302697896957,1
169,0,0.383921861649,1
169,0,0.392946004868,1
169,0,0.307845830917,1
169,0,0.368072032928,1
169,0,0.297922849655,1
169,0,0.38081908226,1
169,0,0.367599010468,1
169,0,0.385468006134,1
169,0,0.373756170273,1
170,0,0.299187898636,1
170,0,0.410537958145,1
170,0,0.393147945404,1
170,0,0.399052858353,1
170,0,0.377691030502,1
170,0,0.369323968887,1
170,0,0.305165052414,1
170,0,0.299659013748,1
170,0,0.308933973312,1
170,0,0.377902030945,1
171,0,0.307559967041,1
171,0,0.396790981293,1
171,0,0.381751060486,1
171,0,0.406780004501,1
171,0,0.376955032349,1
171,0,0.398374080658,1
171,0,0.301518917084,1
171,0,0.299273014069,1
171,0,0.306173086166,1
171,0,0.37748503685,1
172,0,0.301093101501,1
172,0,0.404757976532,1
172,0,0.394125938416,1
172,0,0.400625944138,1
172,0,0.366688013077,1
172,0,0.374794006348,1
172,0,0.300448894501,1
172,0,0.296606063843,1
172,0,0.297836065292,1
172,0,0.390785932541,1
173,0,0.301069974899,1
173,0,0.394556045532,1
173,0,0.377305984497,1
173,0,0.389225959778,1
173,0,0.377294063568,1
173,0,0.37823009491,1
173,0,0.299642086029,1
173,0,0.310941934586,1
173,0,0.306801080704,1
173,0,0.383041858673,1
174,0,0.303396940231,1
174,0,0.397743940353,1
174,0,0.369526863098,1
174,0,0.398947954178,1
174,0,0.370783090591,1
174,0,0.386631011963,1
174,0,0.315461874008,1
174,0,0.303020954132,1
174,0,0.31022310257,1
174,0,0.386402130127,1
175,0,0.381991863251,1
175,0,0.404298067093,1
175,0,0.309004068375,1
175,0,0.406574964523,1
175,0,0.382570981979,1
175,0,0.395925998688,1
175,0,0.30525302887,1
175,0,0.384516000748,1
175,0,0.309876203537,1
175,0,0.306710004807,1
176,0,0.398109912872,1
176,0,0.408706188202,1
176,0,0.309053182602,1
176,0,0.415088891983,1
176,0,0.381028175354,1
176,0,0.395107030869,1
176,0,0.310652017593,1
176,0,0.388017892838,1
176,0,0.311359167099,1
176,0,0.301406860352,1
177,0,0.381293058395,1
177,0,0.401019096375,1
177,0,0.304594993591,1
177,0,0.401546955109,1
177,0,0.38593006134,1
177,0,0.370121955872,1
177,0,0.303267002106,1
177,0,0.388011932373,1
177,0,0.305608034134,1
177,0,0.30067896843,1
178,0,0.380614042282,1
178,0,0.402019023895,1
178,0,0.305509090424,1
178,0,0.397837877274,1
178,0,0.387496948242,1
178,0,0.391965150833,1
178,0,0.304066896439,1
178,0,0.386114120483,1
178,0,0.301437854767,1
178,0,0.316560029984,1
179,0,0.37352180481,1
179,0,0.404158115387,1
179,0,0.306926012039,1
179,0,0.399598121643,1
179,0,0.379165887833,1
179,0,0.385612010956,1
179,0,0.306006908417,1
179,0,0.383856058121,1
179,0,0.309114933014,1
179,0,0.310878992081,1
180,0,0.400162935257,1
180,0,0.325532913208,1
180,0,0.411805152893,1
180,0,0.389313936234,1
180,0,0.311480045319,1
180,0,0.383657932281,1
180,0,0.373046159744,1
180,0,0.359350919724,1
180,0,0.382399082184,1
180,0,0.311985969543,1
181,0,0.381365776062,1
181,0,0.306752920151,1
181,0,0.386861085892,1
181,0,0.376873016357,1
181,0,0.3133020401,1
181,0,0.373462915421,1
181,0,0.389696836472,1
181,0,0.383512973785,1
181,0,0.391271829605,1
181,0,0.306391000748,1
182,0,0.387723922729,1
182,0,0.307628154755,1
182,0,0.38135099411,1
182,0,0.40969991684,1
182,0,0.319585084915,1
182,0,0.398138046265,1
182,0,0.395843982697,1
182,0,0.405781030655,1
182,0,0.414158821106,1
182,0,0.316009044647,1
183,0,0.394858121872,1
183,0,0.316898107529,1
183,0,0.399672031403,1
183,0,0.392403841019,1
183,0,0.310890197754,1
183,0,0.394449949265,1
183,0,0.393882989883,1
183,0,0.412651062012,1
183,0,0.393189907074,1
183,0,0.311445951462,1
184,0,0.405151128769,1
184,0,0.31804895401,1
184,0,0.386974096298,1
184,0,0.377420902252,1
184,0,0.304503917694,1
184,0,0.381794929504,1
184,0,0.391839981079,1
184,0,0.388822078705,1
184,0,0.41218495369,1
184,0,0.36234498024,1
185,0,0.410508871078,1
185,0,0.340753078461,1
185,0,0.327550888062,1
185,0,0.334984064102,1
185,0,0.413378000259,1
185,0,0.316093921661,1
185,0,0.406723022461,1
185,0,0.316331863403,1
185,0,0.406772136688,1
185,0,0.40772485733,1
186,0,0.431957960129,1
186,0,0.327064990997,1
186,0,0.332036018372,1
186,0,0.323687076569,1
186,0,0.388860940933,1
186,0,0.323919773102,1
186,0,0.401036024094,1
186,0,0.313125133514,1
186,0,0.385730028152,1
186,0,0.383674860001,1
187,0,0.447652101517,1
187,0,0.320561170578,1
187,0,0.313156843185,1
187,0,0.322088003159,1
187,0,0.399468898773,1
187,0,0.319197893143,1
187,0,0.411644935608,1
187,0,0.312422037125,1
187,0,0.408123970032,1
187,0,0.379434108734,1
188,0,0.427023887634,1
188,0,0.325834035873,1
188,0,0.315205097198,1
188,0,0.310275793076,1
188,0,0.367469787598,1
188,0,0.303261995316,1
188,0,0.371528148651,1
188,0,0.394279956818,1
188,0,0.40073299408,1
188,0,0.380557060242,1
189,0,0.39089012146,1
189,0,0.316505908966,1
189,0,0.316964149475,1
189,0,0.322268009186,1
189,0,0.39644408226,1
189,0,0.313412904739,1
189,0,0.388406991959,1
189,0,0.31427693367,1
189,0,0.405863046646,1
189,0,0.447005033493,1
190,0,0.337295055389,1
190,0,0.442759037018,1
190,0,0.426137924194,1
190,0,0.457622051239,1
190,0,0.328587055206,1
190,0,0.334643125534,1
190,0,0.424190044403,1
190,0,0.332987070084,1
190,0,0.443156003952,1
190,0,0.337085962296,1
191,0,0.329202890396,1
191,0,0.44309592247,1
191,0,0.412935972214,1
191,0,0.430938959122,1
191,0,0.33545088768,1
191,0,0.328821897507,1
191,0,0.421987056732,1
191,0,0.3302090168,1
191,0,0.434616088867,1
191,0,0.339766025543,1
192,0,0.327967882156,1
192,0,0.436719894409,1
192,0,0.417250871658,1
192,0,0.425888061523,1
192,0,0.325209856033,1
192,0,0.335352897644,1
192,0,0.415642976761,1
192,0,0.323434114456,1
192,0,0.425940990448,1
192,0,0.32083106041,1
193,0,0.331920146942,1
193,0,0.430255889893,1
193,0,0.425495862961,1
193,0,0.437251806259,1
193,0,0.318726062775,1
193,0,0.325540065765,1
193,0,0.406085014343,1
193,0,0.32123208046,1
193,0,0.429459095001,1
193,0,0.317570924759,1
194,0,0.319827079773,1
194,0,0.447556972504,1
194,0,0.414369106293,1
194,0,0.438066005707,1
194,0,0.324357032776,1
194,0,0.32199215889,1
194,0,0.402030944824,1
194,0,0.358545064926,1
194,0,0.506675958633,1
194,0,0.36191701889,1
195,0,0.338239908218,1
195,0,0.42015004158,1
195,0,0.33015203476,1
195,0,0.455039024353,1
195,0,0.444717168808,1
195,0,0.418068885803,1
195,0,0.432821035385,1
195,0,0.446861028671,1
195,0,0.422962903976,1
195,0,0.432301044464,1
196,0,0.344993114471,1
196,0,0.431418895721,1
196,0,0.346261024475,1
196,0,0.460228919983,1
196,0,0.469403982162,1
196,0,0.426684141159,1
196,0,0.400368928909,1
196,0,0.44757604599,1
196,0,0.420284986496,1
196,0,0.433704853058,1
197,0,0.342896938324,1
197,0,0.434564113617,1
197,0,0.333530187607,1
197,0,0.45387506485,1
197,0,0.458505153656,1
197,0,0.403561115265,1
197,0,0.432744026184,1
197,0,0.45849108696,1
197,0,0.414831876755,1
197,0,0.418851852417,1
198,0,0.346924066544,1
198,0,0.429533958435,1
198,0,0.335363149643,1
198,0,0.447557926178,1
198,0,0.457107067108,1
198,0,0.422507047653,1
198,0,0.400208950043,1
198,0,0.453503131866,1
198,0,0.426238059998,1
198,0,0.440779924393,1
199,0,0.339508056641,1
199,0,0.412768125534,1
199,0,0.33787894249,1
199,0,0.459940910339,1
199,0,0.472384929657,1
199,0,0.431160926819,1
199,0,0.442538976669,1
199,0,0.524029970169,1
199,0,0.410515785217,1
199,0,0.473928928375,1
200,0,0.413353919983,1
200,0,0.46919298172,1
200,0,0.345789909363,1
200,0,0.33483505249,1
200,0,0.337696075439,1
200,0,0.343034982681,1
200,0,0.352727890015,1
200,0,0.466888904572,1
200,0,0.349498987198,1
200,0,0.335742950439,1
201,0,0.429728031158,1
201,0,0.491478919983,1
201,0,0.348366975784,1
201,0,0.340864896774,1
201,0,0.338968038559,1
201,0,0.34016084671,1
201,0,0.335329055786,1
201,0,0.441600084305,1
201,0,0.340136051178,1
201,0,0.334583044052,1
202,0,0.423979043961,1
202,0,0.468314886093,1
202,0,0.351224899292,1
202,0,0.345690011978,1
202,0,0.339016914368,1
202,0,0.344167947769,1
202,0,0.353409051895,1
202,0,0.431829929352,1
202,0,0.355819940567,1
202,0,0.342820882797,1
203,0,0.416450023651,1
203,0,0.466162919998,1
203,0,0.339132070541,1
203,0,0.346817970276,1
203,0,0.35869383812,1
203,0,0.339061021805,1
203,0,0.349147081375,1
203,0,0.453783988953,1
203,0,0.344873905182,1
203,0,0.351437091827,1
204,0,0.426250934601,1
204,0,0.487637996674,1
204,0,0.34415602684,1
204,0,0.341002941132,1
204,0,0.348407030106,1
204,0,0.402812004089,1
204,0,0.384407997131,1
204,0,0.466326951981,1
204,0,0.399900913239,1
204,0,0.418180942535,1
205,0,0.354548931122,1
205,0,0.351812124252,1
205,0,0.350646972656,1
205,0,0.36897611618,1
205,0,0.463975906372,1
205,0,0.355752944946,1
205,0,0.35303401947,1
205,0,0.352764129639,1
205,0,0.35169005394,1
205,0,0.352842092514,1
206,0,0.351652860641,1
206,0,0.359860897064,1
206,0,0.352688074112,1
206,0,0.349342107773,1
206,0,0.461475849152,1
206,0,0.349990129471,1
206,0,0.353037118912,1
206,0,0.347596168518,1
206,0,0.345471143723,1
206,0,0.33925318718,1
207,0,0.358335018158,1
207,0,0.345998048782,1
207,0,0.344671010971,1
207,0,0.342527866364,1
207,0,0.462197065353,1
207,0,0.338562965393,1
207,0,0.351387023926,1
207,0,0.344266176224,1
207,0,0.346647977829,1
207,0,0.352924823761,1
208,0,0.342042922974,1
208,0,0.341535806656,1
208,0,0.335088968277,1
208,0,0.343489170074,1
208,0,0.448238134384,1
208,0,0.339327812195,1
208,0,0.348670959473,1
208,0,0.338109016418,1
208,0,0.354491949081,1
208,0,0.360738992691,1
209,0,0.342880010605,1
209,0,0.37086892128,1
209,0,0.361861944199,1
209,0,0.350908041,1
209,0,0.480252027512,1
209,0,0.405302047729,1
209,0,0.354921102524,1
209,0,0.356578826904,1
209,0,0.394340991974,1
209,0,0.420440912247,1
210,0,0.469713926315,1
210,0,0.354840993881,1
210,0,0.359445810318,1
210,0,0.363596916199,1
210,0,0.517204999924,1
210,0,0.370913982391,1
210,0,0.4708340168,1
210,0,0.445775985718,1
210,0,0.358934164047,1
210,0,0.462716817856,1
211,0,0.478343963623,1
211,0,0.356439828873,1
211,0,0.363588094711,1
211,0,0.366492033005,1
211,0,0.492196083069,1
211,0,0.351704835892,1
211,0,0.456001996994,1
211,0,0.468546867371,1
211,0,0.364552021027,1
211,0,0.419941902161,1
212,0,0.429005861282,1
212,0,0.332798957825,1
212,0,0.324349880219,1
212,0,0.32808303833,1
212,0,0.450991153717,1
212,0,0.344964027405,1
212,0,0.404963970184,1
212,0,0.419565916061,1
212,0,0.335291147232,1
212,0,0.454824924469,1
213,0,0.415626049042,1
213,0,0.339539051056,1
213,0,0.326056003571,1
213,0,0.334193944931,1
213,0,0.454744100571,1
213,0,0.32860994339,1
213,0,0.405638217926,1
213,0,0.425989866257,1
213,0,0.333455085754,1
213,0,0.442568063736,1
214,0,0.551445960999,1
214,0,0.365863084793,1
214,0,0.472095012665,1
214,0,0.536252975464,1
214,0,0.627637147903,1
214,0,0.358798980713,1
214,0,0.442884922028,1
214,0,0.467449903488,1
214,0,0.347242116928,1
214,0,0.440200090408,1
215,0,0.459645986557,1
215,0,0.459766864777,1
215,0,0.476762771606,1
215,0,0.498105049133,1
215,0,0.352429866791,1
215,0,0.481100082397,1
215,0,0.473281860352,1
215,0,0.387537956238,1
215,0,0.370913982391,1
215,0,0.367087841034,1
216,0,0.496735811234,1
216,0,0.437829971313,1
216,0,0.496844053268,1
216,0,0.504370927811,1
216,0,0.37052989006,1
216,0,0.489861965179,1
216,0,0.475120067596,1
216,0,0.36562204361,1
216,0,0.367375850677,1
216,0,0.370544910431,1
217,0,0.481456041336,1
217,0,0.466184854507,1
217,0,0.469259977341,1
217,0,0.510506868362,1
217,0,0.359691858292,1
217,0,0.459457874298,1
217,0,0.482185840607,1
217,0,0.375852823257,1
217,0,0.355923891068,1
217,0,0.361963033676,1
218,0,0.491837024689,1
218,0,0.447449922562,1
218,0,0.493021011353,1
218,0,0.488780975342,1
218,0,0.36572599411,1
218,0,0.477256059647,1
218,0,0.457783222198,1
218,0,0.370460033417,1
218,0,0.35039806366,1
218,0,0.358052968979,1
219,0,0.473346948624,1
219,0,0.456512928009,1
219,0,0.491227865219,1
219,0,0.58243894577,1
219,0,0.368945121765,1
219,0,0.476630926132,1
219,0,0.506676912308,1
219,0,0.356448888779,1
219,0,0.348965883255,1
219,0,0.356245994568,1
220,0,0.347336053848,1
220,0,0.43696808815,1
220,0,0.35073018074,1
220,0,0.361010074615,1
220,0,0.35778093338,1
220,0,0.361600875854,1
220,0,0.480985879898,1
220,0,0.366543054581,1
220,0,0.36531996727,1
220,0,0.496297836304,1
221,0,0.360566139221,1
221,0,0.440491914749,1
221,0,0.366413116455,1
221,0,0.362648010254,1
221,0,0.36825799942,1
221,0,0.371523857117,1
221,0,0.466958999634,1
221,0,0.373440980911,1
221,0,0.366101980209,1
221,0,0.529705047607,1
222,0,0.371519088745,1
222,0,0.463147163391,1
222,0,0.386859893799,1
222,0,0.363399028778,1
222,0,0.359525918961,1
222,0,0.375730991364,1
222,0,0.496176958084,1
222,0,0.380860090256,1
222,0,0.376846075058,1
222,0,0.52618098259,1
223,0,0.391503095627,1
223,0,0.451286077499,1
223,0,0.367104053497,1
223,0,0.374796867371,1
223,0,0.371666908264,1
223,0,0.369832038879,1
223,0,0.490683078766,1
223,0,0.363128900528,1
223,0,0.369431972504,1
223,0,0.512290000916,1
224,0,0.358441114426,1
224,0,0.46660399437,1
224,0,0.451294183731,1
224,0,0.395880937576,1
224,0,0.442023992538,1
224,0,0.45701789856,1
224,0,0.5020570755,1
224,0,0.371232032776,1
224,0,0.393647909164,1
224,0,0.527744054794,1
225,0,0.379070043564,1
225,0,0.385910987854,1
225,0,0.529735088348,1
225,0,0.521953821182,1
225,0,0.523561000824,1
225,0,0.489178180695,1
225,0,0.372440814972,1
225,0,0.482844829559,1
225,0,0.380271911621,1
225,0,0.506374835968,1
226,0,0.387262105942,1
226,0,0.383175849915,1
226,0,0.509629964828,1
226,0,0.518557071686,1
226,0,0.510751962662,1
226,0,0.50687789917,1
226,0,0.39079284668,1
226,0,0.537270069122,1
226,0,0.394817113876,1
226,0,0.508858919144,1
227,0,0.375149011612,1
227,0,0.390210151672,1
227,0,0.525160074234,1
227,0,0.53497505188,1
227,0,0.490314006805,1
227,0,0.463753938675,1
227,0,0.374246835709,1
227,0,0.540951013565,1
227,0,0.390843153,1
227,0,0.485860109329,1
228,0,0.383010864258,1
228,0,0.377609014511,1
228,0,0.507152080536,1
228,0,0.544044971466,1
228,0,0.545774936676,1
228,0,0.482573032379,1
228,0,0.379992008209,1
228,0,0.531563043594,1
228,0,0.388159036636,1
228,0,0.522274017334,1
229,0,0.369256973267,1
229,0,0.473906993866,1
229,0,0.541867017746,1
229,0,0.542764186859,1
229,0,0.4948990345,1
229,0,0.488065004349,1
229,0,0.376747846603,1
229,0,0.505190134048,1
229,0,0.3717918396,1
229,0,0.514765977859,1
230,0,0.377508878708,1
230,0,0.506376028061,1
230,0,0.509211063385,1
230,0,0.398626089096,1
230,0,0.381150960922,1
230,0,0.389993190765,1
230,0,0.55108499527,1
230,0,0.546053171158,1
230,0,0.393512010574,1
230,0,0.548505067825,1
231,0,0.408529996872,1
231,0,0.521769046783,1
231,0,0.516278028488,1
231,0,0.385955095291,1
231,0,0.392456054688,1
231,0,0.385349988937,1
231,0,0.523751020432,1
231,0,0.551385164261,1
231,0,0.381370067596,1
231,0,0.515722036362,1
232,0,0.385275840759,1
232,0,0.530723810196,1
232,0,0.491683959961,1
232,0,0.392538070679,1
232,0,0.378951072693,1
232,0,0.384824037552,1
232,0,0.506505966187,1
232,0,0.536755084991,1
232,0,0.386703968048,1
232,0,0.55105304718,1
233,0,0.384157896042,1
