0,0,0.0509910583496,1
0,0,0.0504660606384,1
0,0,0.052109003067,1
0,0,0.0507800579071,1
0,0,0.0527980327606,1
0,0,0.0505111217499,1
0,0,0.0491709709167,1
0,0,0.0498609542847,1
0,0,0.0494840145111,1
0,0,0.0493979454041,1
1,0,0.0534620285034,1
1,0,0.0535228252411,1
1,0,0.0571911334991,1
1,0,0.0545260906219,1
1,0,0.0542638301849,1
1,0,0.0522749423981,1
1,0,0.0569159984589,1
1,0,0.0540580749512,1
1,0,0.054337978363,1
1,0,0.0559520721436,1
2,0,0.0534670352936,1
2,0,0.0541059970856,1
2,0,0.0559530258179,1
2,0,0.0539290904999,1
2,0,0.054808139801,1
2,0,0.0531511306763,1
2,0,0.0550768375397,1
2,0,0.056930065155,1
2,0,0.0572099685669,1
2,0,0.0526309013367,1
3,0,0.05353307724,1
3,0,0.0575640201569,1
3,0,0.0532491207123,1
3,0,0.0540378093719,1
3,0,0.0650150775909,1
3,0,0.0556538105011,1
3,0,0.0581409931183,1
3,0,0.0561299324036,1
3,0,0.055141210556,1
3,0,0.0554008483887,1
4,0,0.053453207016,1
4,0,0.0583260059357,1
4,0,0.0543930530548,1
4,0,0.0545608997345,1
4,0,0.057501077652,1
4,0,0.0528910160065,1
4,0,0.0583989620209,1
4,0,0.0542440414429,1
4,0,0.059867143631,1
4,0,0.0573709011078,1
5,0,0.0642080307007,1
5,0,0.067990064621,1
5,0,0.0773098468781,1
5,0,0.0699200630188,1
5,0,0.0707428455353,1
5,0,0.0832979679108,1
5,0,0.0850570201874,1
5,0,0.0681259632111,1
5,0,0.0638020038605,1
5,0,0.0635900497437,1
6,0,0.0682699680328,1
6,0,0.060662984848,1
6,0,0.0647029876709,1
6,0,0.0649499893188,1
6,0,0.063276052475,1
6,0,0.0633599758148,1
6,0,0.070531129837,1
6,0,0.0644578933716,1
6,0,0.0628201961517,1
6,0,0.0610468387604,1
7,0,0.0609848499298,1
7,0,0.0608911514282,1
7,0,0.0635528564453,1
7,0,0.0633571147919,1
7,0,0.0650420188904,1
7,0,0.0701658725739,1
7,0,0.066085100174,1
7,0,0.0652720928192,1
7,0,0.0713980197906,1
7,0,0.0640790462494,1
8,0,0.060653924942,1
8,0,0.0616991519928,1
8,0,0.0642740726471,1
8,0,0.0638380050659,1
8,0,0.0869600772858,1
8,0,0.0769171714783,1
8,0,0.0786600112915,1
8,0,0.0660519599915,1
8,0,0.0674769878387,1
8,0,0.0720858573914,1
9,0,0.0666110515594,1
9,0,0.0653328895569,1
9,0,0.0624568462372,1
9,0,0.0664160251617,1
9,0,0.0656518936157,1
9,0,0.0652658939362,1
9,0,0.0721061229706,1
9,0,0.0657122135162,1
9,0,0.064257144928,1
9,0,0.0655570030212,1
10,0,0.0735850334167,1
10,0,0.0717010498047,1
10,0,0.0718221664429,1
10,0,0.0686349868774,1
10,0,0.0687530040741,1
10,0,0.0703539848328,1
10,0,0.0727851390839,1
10,0,0.0743761062622,1
10,0,0.0738680362701,1
10,0,0.0746760368347,1
11,0,0.0753259658813,1
11,0,0.0730528831482,1
11,0,0.0787560939789,1
11,0,0.0778770446777,1
11,0,0.0711510181427,1
11,0,0.0701439380646,1
11,0,0.0737731456757,1
11,0,0.0756368637085,1
11,0,0.0728390216827,1
11,0,0.0731739997864,1
12,0,0.0725789070129,1
12,0,0.0745069980621,1
12,0,0.0713939666748,1
12,0,0.0708298683167,1
12,0,0.0746171474457,1
12,0,0.0719351768494,1
12,0,0.0759170055389,1
12,0,0.0733840465546,1
12,0,0.0726280212402,1
12,0,0.077486038208,1
13,0,0.0794351100922,1
13,0,0.0773029327393,1
13,0,0.0726518630981,1
13,0,0.0718600749969,1
13,0,0.0710220336914,1
13,0,0.0766670703888,1
13,0,0.0761339664459,1
13,0,0.0747728347778,1
13,0,0.0729801654816,1
13,0,0.0785298347473,1
14,0,0.0797591209412,1
14,0,0.073851108551,1
14,0,0.0734090805054,1
14,0,0.0703678131104,1
14,0,0.0687131881714,1
14,0,0.0788018703461,1
14,0,0.0750319957733,1
14,0,0.0735769271851,1
14,0,0.0718550682068,1
14,0,0.0755529403687,1
15,0,0.0762419700623,1
15,0,0.0838048458099,1
15,0,0.0765769481659,1
15,0,0.0780050754547,1
15,0,0.0775220394135,1
15,0,0.0767979621887,1
15,0,0.0837788581848,1
15,0,0.079512834549,1
15,0,0.0821788311005,1
15,0,0.0814418792725,1
16,0,0.0805568695068,1
16,0,0.0819609165192,1
16,0,0.0812721252441,1
16,0,0.0813150405884,1
16,0,0.081836938858,1
16,0,0.0838370323181,1
16,0,0.0834000110626,1
16,0,0.0817742347717,1
16,0,0.0802600383759,1
16,0,0.0800449848175,1
17,0,0.0830008983612,1
17,0,0.0828380584717,1
17,0,0.0845000743866,1
17,0,0.0822050571442,1
17,0,0.0848481655121,1
17,0,0.0784289836884,1
17,0,0.0810759067535,1
17,0,0.0812520980835,1
17,0,0.079931974411,1
17,0,0.0809319019318,1
18,0,0.0835399627686,1
18,0,0.0808651447296,1
18,0,0.0811111927032,1
18,0,0.0820429325104,1
18,0,0.0855050086975,1
18,0,0.0847170352936,1
18,0,0.0829038619995,1
18,0,0.0811378955841,1
18,0,0.0818049907684,1
18,0,0.0811440944672,1
19,0,0.0793371200562,1
19,0,0.081316947937,1
19,0,0.0823459625244,1
19,0,0.0811939239502,1
19,0,0.0835518836975,1
19,0,0.0833599567413,1
19,0,0.0871031284332,1
19,0,0.0820209980011,1
19,0,0.0850470066071,1
19,0,0.085501909256,1
20,0,0.0813012123108,1
20,0,0.0896329879761,1
20,0,0.0830261707306,1
20,0,0.0892560482025,1
20,0,0.0910592079163,1
20,0,0.0852282047272,1
20,0,0.085590839386,1
20,0,0.0868330001831,1
20,0,0.0810379981995,1
20,0,0.0921931266785,1
21,0,0.0831949710846,1
21,0,0.0893621444702,1
21,0,0.0825800895691,1
21,0,0.0885798931122,1
21,0,0.0879089832306,1
21,0,0.0920548439026,1
21,0,0.0867760181427,1
21,0,0.0869479179382,1
21,0,0.0853650569916,1
21,0,0.0895807743073,1
22,0,0.0823259353638,1
22,0,0.0917000770569,1
22,0,0.0882740020752,1
22,0,0.0896499156952,1
22,0,0.0876321792603,1
22,0,0.0918619632721,1
22,0,0.0952401161194,1
22,0,0.0882458686829,1
22,0,0.0837280750275,1
22,0,0.0864059925079,1
23,0,0.0818400382996,1
23,0,0.0952050685883,1
23,0,0.0824210643768,1
23,0,0.0899050235748,1
23,0,0.0882248878479,1
23,0,0.0877730846405,1
23,0,0.09117603302,1
23,0,0.0962398052216,1
23,0,0.0824301242828,1
23,0,0.0899431705475,1
24,0,0.0832891464233,1
24,0,0.0899200439453,1
24,0,0.0848460197449,1
24,0,0.0894029140472,1
24,0,0.090047121048,1
24,0,0.0925099849701,1
24,0,0.0853641033173,1
24,0,0.0865240097046,1
24,0,0.0817260742188,1
24,0,0.0999681949615,1
25,0,0.0893130302429,1
25,0,0.0973429679871,1
25,0,0.0989201068878,1
25,0,0.0964450836182,1
25,0,0.0999090671539,1
25,0,0.113963127136,1
25,0,0.0924119949341,1
25,0,0.0897240638733,1
25,0,0.0908348560333,1
25,0,0.0888819694519,1
26,0,0.0871889591217,1
26,0,0.0956048965454,1
26,0,0.0915911197662,1
26,0,0.0950839519501,1
26,0,0.0931761264801,1
26,0,0.098149061203,1
26,0,0.0971989631653,1
26,0,0.0886509418488,1
26,0,0.090056180954,1
26,0,0.0884721279144,1
27,0,0.0865869522095,1
27,0,0.101099967957,1
27,0,0.0975651741028,1
27,0,0.0949289798737,1
27,0,0.0952119827271,1
27,0,0.0964579582214,1
27,0,0.107933998108,1
27,0,0.0879199504852,1
27,0,0.0911908149719,1
27,0,0.0933578014374,1
28,0,0.0865979194641,1
28,0,0.0991048812866,1
28,0,0.0957670211792,1
28,0,0.106472969055,1
28,0,0.0995891094208,1
28,0,0.0994679927826,1
28,0,0.0979330539703,1
28,0,0.0891559123993,1
28,0,0.0874469280243,1
28,0,0.0989110469818,1
29,0,0.0979208946228,1
29,0,0.113240003586,1
29,0,0.100882053375,1
29,0,0.096892118454,1
29,0,0.0983550548553,1
29,0,0.106350898743,1
29,0,0.108613967896,1
29,0,0.0901598930359,1
29,0,0.0870242118835,1
29,0,0.0899260044098,1
30,0,0.104219913483,1
30,0,0.101410865784,1
30,0,0.106122970581,1
30,0,0.102600097656,1
30,0,0.106460094452,1
30,0,0.104955911636,1
30,0,0.0936379432678,1
30,0,0.0952160358429,1
30,0,0.0938031673431,1
30,0,0.113260030746,1
31,0,0.104654788971,1
31,0,0.111408948898,1
31,0,0.114246845245,1
31,0,0.0928339958191,1
31,0,0.101371049881,1
31,0,0.109755992889,1
31,0,0.0942311286926,1
31,0,0.0932860374451,1
31,0,0.0924370288849,1
31,0,0.103067874908,1
32,0,0.105153799057,1
32,0,0.101954936981,1
32,0,0.108991861343,1
32,0,0.102652072906,1
32,0,0.104332923889,1
32,0,0.105350017548,1
32,0,0.0955610275269,1
32,0,0.0981059074402,1
32,0,0.0935389995575,1
32,0,0.105017900467,1
33,0,0.10843706131,1
33,0,0.108970165253,1
33,0,0.110747098923,1
33,0,0.0932490825653,1
33,0,0.10994720459,1
33,0,0.109042167664,1
33,0,0.0943210124969,1
33,0,0.0923521518707,1
33,0,0.0978348255157,1
33,0,0.101363897324,1
34,0,0.107782840729,1
34,0,0.103943109512,1
34,0,0.105434179306,1
34,0,0.0956389904022,1
34,0,0.104802846909,1
34,0,0.106773138046,1
34,0,0.100431919098,1
34,0,0.0970461368561,1
34,0,0.0932638645172,1
34,0,0.10412812233,1
35,0,0.104465007782,1
35,0,0.103085041046,1
35,0,0.101914167404,1
35,0,0.10134100914,1
35,0,0.104927062988,1
35,0,0.115786790848,1
35,0,0.114905118942,1
35,0,0.117504119873,1
35,0,0.106873035431,1
35,0,0.0991439819336,1
36,0,0.0970840454102,1
36,0,0.102792978287,1
36,0,0.102418899536,1
36,0,0.101161003113,1
36,0,0.100907087326,1
36,0,0.121186971664,1
36,0,0.122727870941,1
36,0,0.11572599411,1
36,0,0.106333017349,1
36,0,0.0998051166534,1
37,0,0.0991270542145,1
37,0,0.101217031479,1
37,0,0.101914167404,1
37,0,0.0987000465393,1
37,0,0.102566003799,1
37,0,0.115972995758,1
37,0,0.119737148285,1
37,0,0.120122909546,1
37,0,0.115264892578,1
37,0,0.101670026779,1
38,0,0.105380058289,1
38,0,0.101844072342,1
38,0,0.104646921158,1
38,0,0.103042125702,1
38,0,0.112006902695,1
38,0,0.112403154373,1
38,0,0.10951089859,1
38,0,0.116351127625,1
38,0,0.101144075394,1
38,0,0.100042819977,1
39,0,0.0998201370239,1
39,0,0.105713129044,1
39,0,0.101912021637,1
39,0,0.0991950035095,1
39,0,0.107946157455,1
39,0,0.127022981644,1
39,0,0.143010854721,1
39,0,0.142941951752,1
39,0,0.131217002869,1
39,0,0.0976619720459,1
40,0,0.109837055206,1
40,0,0.11772108078,1
40,0,0.123707056046,1
40,0,0.121711969376,1
40,0,0.124054193497,1
40,0,0.123023986816,1
40,0,0.124109983444,1
40,0,0.11018705368,1
40,0,0.109529972076,1
40,0,0.118399143219,1
41,0,0.109230041504,1
41,0,0.122547149658,1
41,0,0.124133110046,1
41,0,0.126240968704,1
41,0,0.12752699852,1
41,0,0.136259078979,1
41,0,0.122468948364,1
41,0,0.115250110626,1
41,0,0.108198165894,1
41,0,0.121849060059,1
42,0,0.106652021408,1
42,0,0.121998071671,1
42,0,0.117566108704,1
42,0,0.124279975891,1
42,0,0.125159978867,1
42,0,0.123414039612,1
42,0,0.119430065155,1
42,0,0.112200975418,1
42,0,0.10749912262,1
42,0,0.117117166519,1
43,0,0.107515096664,1
43,0,0.128488063812,1
43,0,0.120380878448,1
43,0,0.121482849121,1
43,0,0.124268054962,1
43,0,0.125626087189,1
43,0,0.116732120514,1
43,0,0.107766866684,1
43,0,0.113929033279,1
43,0,0.122190952301,1
44,0,0.110532045364,1
44,0,0.121531963348,1
44,0,0.119165182114,1
44,0,0.125011920929,1
44,0,0.125043153763,1
44,0,0.123624801636,1
44,0,0.115812063217,1
44,0,0.107080936432,1
44,0,0.130651950836,1
44,0,0.119204998016,1
45,0,0.114552974701,1
45,0,0.118704080582,1
45,0,0.113831996918,1
45,0,0.132265806198,1
45,0,0.130845069885,1
45,0,0.125195026398,1
45,0,0.115584135056,1
45,0,0.124835968018,1
45,0,0.128731012344,1
45,0,0.116447925568,1
46,0,0.123071193695,1
46,0,0.133908987045,1
46,0,0.113474845886,1
46,0,0.130673885345,1
46,0,0.13433098793,1
46,0,0.12504196167,1
46,0,0.111558198929,1
46,0,0.122862100601,1
46,0,0.126451969147,1
46,0,0.113581895828,1
47,0,0.120182991028,1
47,0,0.117525100708,1
47,0,0.113980054855,1
47,0,0.136334896088,1
47,0,0.133326053619,1
47,0,0.127157926559,1
47,0,0.115396976471,1
47,0,0.139400959015,1
47,0,0.125369787216,1
47,0,0.117097139359,1
48,0,0.121450901031,1
48,0,0.113614082336,1
48,0,0.113612174988,1
48,0,0.13488817215,1
48,0,0.13139295578,1
48,0,0.129962921143,1
48,0,0.11093211174,1
48,0,0.127663850784,1
48,0,0.128380060196,1
48,0,0.109841108322,1
49,0,0.122921943665,1
49,0,0.113993167877,1
49,0,0.113172054291,1
49,0,0.14170384407,1
49,0,0.133282184601,1
49,0,0.123454093933,1
49,0,0.114269971848,1
49,0,0.127558946609,1
49,0,0.126499176025,1
49,0,0.120018005371,1
50,0,0.139250040054,1
50,0,0.134999036789,1
50,0,0.133183002472,1
50,0,0.14015007019,1
50,0,0.131999015808,1
50,0,0.134299993515,1
50,0,0.137809038162,1
50,0,0.136606931686,1
50,0,0.127014875412,1
50,0,0.139113903046,1
51,0,0.135864019394,1
51,0,0.133461952209,1
51,0,0.142940998077,1
51,0,0.138699054718,1
51,0,0.139415025711,1
51,0,0.121052026749,1
51,0,0.139245986938,1
51,0,0.14058303833,1
51,0,0.122936010361,1
51,0,0.138276100159,1
52,0,0.142222881317,1
52,0,0.13506102562,1
52,0,0.144976854324,1
52,0,0.139807939529,1
52,0,0.132959127426,1
52,0,0.128269910812,1
52,0,0.139760971069,1
52,0,0.164133071899,1
52,0,0.120293855667,1
52,0,0.142374038696,1
53,0,0.138725042343,1
53,0,0.138823986053,1
53,0,0.138323068619,1
53,0,0.134607076645,1
53,0,0.138300895691,1
53,0,0.119787931442,1
53,0,0.139346837997,1
53,0,0.146024227142,1
53,0,0.12157702446,1
53,0,0.159907102585,1
54,0,0.147458076477,1
54,0,0.145373106003,1
54,0,0.140305995941,1
54,0,0.135382890701,1
54,0,0.135798931122,1
54,0,0.119251966476,1
54,0,0.135389089584,1
54,0,0.14168715477,1
54,0,0.127083063126,1
54,0,0.14843583107,1
55,0,0.155882835388,1
55,0,0.154390096664,1
55,0,0.15992808342,1
55,0,0.15634393692,1
55,0,0.14465212822,1
55,0,0.153513908386,1
55,0,0.154187202454,1
55,0,0.146258115768,1
55,0,0.156170845032,1
55,0,0.131470918655,1
56,0,0.148706912994,1
56,0,0.154493093491,1
56,0,0.155997037888,1
56,0,0.150784015656,1
56,0,0.153929948807,1
56,0,0.161652088165,1
56,0,0.145748138428,1
56,0,0.150671005249,1
56,0,0.153259992599,1
56,0,0.134301900864,1
57,0,0.155185937881,1
57,0,0.156003952026,1
57,0,0.155790090561,1
57,0,0.151354789734,1
57,0,0.148069143295,1
57,0,0.152613162994,1
57,0,0.142961978912,1
57,0,0.152512073517,1
57,0,0.156795978546,1
57,0,0.135494947433,1
58,0,0.159291982651,1
58,0,0.155215024948,1
58,0,0.150212049484,1
58,0,0.150799036026,1
58,0,0.148473024368,1
58,0,0.162765979767,1
58,0,0.148014068604,1
58,0,0.144967079163,1
58,0,0.15878200531,1
58,0,0.130259990692,1
59,0,0.152734994888,1
59,0,0.155284881592,1
59,0,0.158072948456,1
59,0,0.157424926758,1
59,0,0.150141954422,1
59,0,0.151862859726,1
59,0,0.149389982224,1
59,0,0.147536993027,1
59,0,0.1569480896,1
59,0,0.129729032516,1
60,0,0.163866996765,1
60,0,0.134567022324,1
60,0,0.162247180939,1
60,0,0.154346942902,1
60,0,0.154679059982,1
60,0,0.154294967651,1
60,0,0.144296884537,1
60,0,0.155570030212,1
60,0,0.166363954544,1
60,0,0.161338090897,1
61,0,0.154816150665,1
61,0,0.139672994614,1
61,0,0.154582023621,1
61,0,0.161684989929,1
61,0,0.159039020538,1
61,0,0.158358812332,1
61,0,0.146120071411,1
61,0,0.15332698822,1
61,0,0.159622907639,1
61,0,0.162978887558,1
62,0,0.164066076279,1
62,0,0.164546966553,1
62,0,0.190435171127,1
62,0,0.198081970215,1
62,0,0.156986951828,1
62,0,0.166552066803,1
62,0,0.139059066772,1
62,0,0.159132957458,1
62,0,0.162837028503,1
62,0,0.16330909729,1
63,0,0.16582608223,1
63,0,0.141482114792,1
63,0,0.159172058105,1
63,0,0.161426067352,1
63,0,0.155826091766,1
63,0,0.159103155136,1
63,0,0.144161939621,1
63,0,0.155025005341,1
63,0,0.167174100876,1
63,0,0.16873383522,1
64,0,0.161234855652,1
64,0,0.141503095627,1
64,0,0.154855012894,1
64,0,0.157737016678,1
64,0,0.164016962051,1
64,0,0.156162023544,1
64,0,0.147040128708,1
64,0,0.154973983765,1
64,0,0.161287069321,1
64,0,0.163296222687,1
65,0,0.172975063324,1
65,0,0.185266971588,1
65,0,0.179460048676,1
65,0,0.14048409462,1
65,0,0.163347005844,1
65,0,0.170178174973,1
65,0,0.161185026169,1
65,0,0.161860942841,1
65,0,0.144380092621,1
65,0,0.16512298584,1
66,0,0.169417858124,1
66,0,0.162209033966,1
66,0,0.17312002182,1
66,0,0.146949052811,1
66,0,0.170984983444,1
66,0,0.164841890335,1
66,0,0.164855003357,1
66,0,0.167237997055,1
66,0,0.141231060028,1
66,0,0.163832187653,1
67,0,0.179842948914,1
67,0,0.172590970993,1
67,0,0.183551073074,1
67,0,0.148270130157,1
67,0,0.166079998016,1
67,0,0.163641929626,1
67,0,0.165374040604,1
67,0,0.170619010925,1
67,0,0.139615058899,1
67,0,0.168076038361,1
68,0,0.178927898407,1
68,0,0.164659976959,1
68,0,0.170627117157,1
68,0,0.145302057266,1
68,0,0.167107820511,1
68,0,0.17146897316,1
68,0,0.167980194092,1
68,0,0.167235136032,1
68,0,0.144608020782,1
68,0,0.170898199081,1
69,0,0.170248985291,1
69,0,0.166233062744,1
69,0,0.181315898895,1
69,0,0.13986992836,1
69,0,0.169617891312,1
69,0,0.159177064896,1
69,0,0.167469024658,1
69,0,0.170432090759,1
69,0,0.13661980629,1
69,0,0.171897888184,1
70,0,0.168255090714,1
70,0,0.152776002884,1
70,0,0.170697212219,1
70,0,0.18199801445,1
70,0,0.147466897964,1
70,0,0.153706073761,1
70,0,0.178470134735,1
70,0,0.178776025772,1
70,0,0.171332120895,1
70,0,0.170599937439,1
71,0,0.173241138458,1
71,0,0.156668901443,1
71,0,0.184646129608,1
71,0,0.181244850159,1
71,0,0.149669885635,1
71,0,0.154198884964,1
71,0,0.172493934631,1
71,0,0.173721075058,1
71,0,0.182516813278,1
71,0,0.176214933395,1
72,0,0.174119949341,1
72,0,0.149666070938,1
72,0,0.176774024963,1
72,0,0.178786993027,1
72,0,0.159845113754,1
72,0,0.151354074478,1
72,0,0.176511049271,1
72,0,0.175643920898,1
72,0,0.163630962372,1
72,0,0.176940917969,1
73,0,0.174293041229,1
73,0,0.147890090942,1
73,0,0.174777984619,1
73,0,0.178699970245,1
73,0,0.150238990784,1
73,0,0.148415088654,1
73,0,0.17782998085,1
73,0,0.180248022079,1
73,0,0.175719976425,1
73,0,0.181202888489,1
74,0,0.170616865158,1
74,0,0.151986837387,1
74,0,0.186578035355,1
74,0,0.181888103485,1
74,0,0.151378154755,1
74,0,0.144649028778,1
74,0,0.172307014465,1
74,0,0.175415992737,1
74,0,0.193549871445,1
74,0,0.174208164215,1
75,0,0.160109043121,1
75,0,0.158904075623,1
75,0,0.185873031616,1
75,0,0.156066894531,1
75,0,0.15377497673,1
75,0,0.187259912491,1
75,0,0.15624499321,1
75,0,0.205603837967,1
75,0,0.181645870209,1
75,0,0.189968109131,1
76,0,0.156073093414,1
76,0,0.154278993607,1
76,0,0.182853937149,1
76,0,0.157466888428,1
76,0,0.181746006012,1
76,0,0.193921089172,1
76,0,0.164010047913,1
76,0,0.190135955811,1
76,0,0.186068058014,1
76,0,0.191983938217,1
77,0,0.159429073334,1
77,0,0.160180091858,1
77,0,0.178374052048,1
77,0,0.159218072891,1
77,0,0.155685901642,1
77,0,0.199631929398,1
77,0,0.157278060913,1
77,0,0.186573028564,1
77,0,0.179441928864,1
77,0,0.200700044632,1
78,0,0.161489963531,1
78,0,0.154080867767,1
78,0,0.179238080978,1
78,0,0.152163982391,1
78,0,0.150907039642,1
78,0,0.202210903168,1
78,0,0.159349918365,1
78,0,0.193475961685,1
78,0,0.179707765579,1
78,0,0.190529108047,1
79,0,0.157373905182,1
79,0,0.163595914841,1
79,0,0.176733016968,1
79,0,0.153364896774,1
79,0,0.156599998474,1
79,0,0.186789989471,1
79,0,0.153785943985,1
79,0,0.195405006409,1
79,0,0.184448957443,1
79,0,0.194836854935,1
80,0,0.163335084915,1
80,0,0.192408084869,1
80,0,0.191622972488,1
80,0,0.206800937653,1
80,0,0.223037004471,1
80,0,0.194786071777,1
80,0,0.188824892044,1
80,0,0.195865154266,1
80,0,0.195181846619,1
80,0,0.160099029541,1
81,0,0.178699016571,1
81,0,0.201164007187,1
81,0,0.191296100616,1
81,0,0.189627170563,1
81,0,0.194129943848,1
81,0,0.172714948654,1
81,0,0.186110019684,1
81,0,0.199503183365,1
81,0,0.189184904099,1
81,0,0.163336992264,1
82,0,0.156919002533,1
82,0,0.207772016525,1
82,0,0.186157941818,1
82,0,0.199113130569,1
82,0,0.194847106934,1
82,0,0.167296886444,1
82,0,0.198801994324,1
82,0,0.185431957245,1
82,0,0.197302103043,1
82,0,0.160733938217,1
83,0,0.163049936295,1
83,0,0.197378873825,1
83,0,0.20015001297,1
83,0,0.19677400589,1
83,0,0.199683189392,1
83,0,0.159327030182,1
83,0,0.201740980148,1
83,0,0.193413972855,1
83,0,0.191431999207,1
83,0,0.161292076111,1
84,0,0.161117076874,1
84,0,0.195516109467,1
84,0,0.197693109512,1
84,0,0.197450876236,1
84,0,0.186480998993,1
84,0,0.164902210236,1
84,0,0.179184913635,1
84,0,0.199121952057,1
84,0,0.193642139435,1
84,0,0.168838024139,1
85,0,0.228277921677,1
85,0,0.213178157806,1
85,0,0.201115846634,1
85,0,0.169631958008,1
85,0,0.200902938843,1
85,0,0.167504072189,1
85,0,0.203282117844,1
85,0,0.173027038574,1
85,0,0.164933919907,1
85,0,0.172528028488,1
86,0,0.210454940796,1
86,0,0.211802959442,1
86,0,0.196823120117,1
86,0,0.166593790054,1
86,0,0.188952922821,1
86,0,0.165558099747,1
86,0,0.211270093918,1
86,0,0.168678045273,1
86,0,0.16716504097,1
86,0,0.163589000702,1
87,0,0.20864200592,1
87,0,0.216311216354,1
87,0,0.202856779099,1
87,0,0.166214942932,1
87,0,0.189358949661,1
87,0,0.16142821312,1
87,0,0.213243961334,1
87,0,0.170191049576,1
87,0,0.166958093643,1
87,0,0.173920869827,1
88,0,0.211157083511,1
88,0,0.204665899277,1
88,0,0.210227012634,1
88,0,0.173053979874,1
88,0,0.192626953125,1
88,0,0.166221857071,1
88,0,0.204364061356,1
88,0,0.165677070618,1
88,0,0.164592027664,1
88,0,0.17321896553,1
89,0,0.226315975189,1
89,0,0.210906028748,1
89,0,0.201690196991,1
89,0,0.171977996826,1
89,0,0.196184873581,1
89,0,0.159598112106,1
89,0,0.210722923279,1
89,0,0.159898996353,1
89,0,0.169063806534,1
89,0,0.168433904648,1
90,0,0.172602891922,1
90,0,0.217436075211,1
90,0,0.170855045319,1
90,0,0.171674966812,1
90,0,0.219430923462,1
90,0,0.171689033508,1
90,0,0.181054115295,1
90,0,0.21533703804,1
90,0,0.206284046173,1
90,0,0.206132888794,1
91,0,0.173182010651,1
91,0,0.209287881851,1
91,0,0.17668390274,1
91,0,0.174884080887,1
91,0,0.222594022751,1
91,0,0.174479007721,1
91,0,0.176764011383,1
91,0,0.21825504303,1
91,0,0.239434957504,1
91,0,0.214890003204,1
92,0,0.176545143127,1
92,0,0.206692218781,1
92,0,0.169590950012,1
92,0,0.17066693306,1
92,0,0.222435951233,1
92,0,0.173516988754,1
92,0,0.180041790009,1
92,0,0.219172000885,1
92,0,0.199522018433,1
92,0,0.211739063263,1
93,0,0.176296949387,1
93,0,0.219107866287,1
93,0,0.173849821091,1
93,0,0.170985221863,1
93,0,0.219349861145,1
93,0,0.17705488205,1
93,0,0.172845125198,1
93,0,0.228302955627,1
93,1,0.165410995483,1
93,0,0.216507911682,1
94,0,0.173430919647,1
94,0,0.212826967239,1
94,0,0.173231124878,1
94,0,0.169596910477,1
94,0,0.220096826553,1
94,0,0.175206899643,1
94,0,0.179466962814,1
94,0,0.220612049103,1
94,0,0.203751087189,1
94,0,0.203322887421,1
