0,0,0.121922969818,15
0,0,0.122475147247,15
0,0,0.12507390976,15
0,0,0.125857114792,15
0,0,0.136697053909,15
0,0,0.129895210266,15
0,0,0.119879007339,15
0,0,0.118813991547,15
0,0,0.123620986938,15
0,0,0.124512910843,15
1,0,0.131009101868,15
1,0,0.519693136215,87
1,0,0.517277956009,87
1,0,0.124665975571,15
1,0,0.508499860764,87
1,0,0.125644922256,15
1,0,0.131375074387,15
1,0,0.131330013275,15
1,0,0.505823135376,87
1,0,0.125649929047,15
2,0,0.93487405777,147
2,0,0.905429124832,147
2,0,0.124108076096,15
2,0,0.127578020096,15
2,0,0.518167972565,87
2,0,0.127794027328,15
2,0,0.131018161774,15
2,0,0.929718971252,147
2,0,0.127826929092,15
2,0,0.128165006638,15
3,0,0.562203884125,87
3,0,2.72155714035,327
3,0,0.941649913788,147
3,0,0.129471063614,15
3,0,0.97043299675,147
3,0,0.158849000931,15
3,0,0.128704071045,15
3,0,2.59415602684,327
3,0,0.542761802673,87
3,0,0.137741088867,15
4,0,0.552560091019,87
4,0,2.64712190628,330
4,0,1.63000583649,231
4,0,0.125773906708,15
4,0,1.61069393158,231
4,0,0.129535198212,15
4,0,0.132920026779,15
4,0,0.613003015518,87
4,0,1.59716200829,231
4,0,0.130084037781,15
5,0,8.17649698257,729
5,0,2.50773692131,327
5,0,2.49765586853,327
5,0,2.56200480461,327
5,0,0.145083904266,15
5,0,0.135109186172,15
5,0,0.231379985809,39
5,0,0.475299835205,87
5,0,0.150670051575,15
5,0,0.136715888977,15
6,0,8.22599506378,735
6,0,2.63867688179,327
6,0,1.51066017151,225
6,0,1.72037196159,231
6,0,0.134197950363,15
6,0,0.134809970856,15
6,0,1.6938328743,231
6,0,0.923270940781,147
6,0,0.84757900238,147
6,0,0.135360002518,15
7,0,8.1624379158,738
7,0,2.8632209301,330
7,0,7.86976504326,732
7,0,3.95125603676,441
7,0,0.134875059128,15
7,0,0.133564949036,15
7,0,0.561857938766,87
7,0,0.899127960205,147
7,0,0.610435009003,87
7,0,0.220164060593,15
8,0,8.9320371151,738
8,0,0.925626039505,147
8,0,2.67805194855,333
8,0,3.86110401154,444
8,0,0.137713909149,15
8,0,0.142799139023,15
8,0,0.941344022751,147
8,0,0.520589113235,87
8,0,1.68286991119,231
8,0,0.142611026764,15
9,0,7.29891705513,738
9,0,8.20630812645,735
9,0,5.68811798096,585
9,0,5.79721903801,588
9,0,0.13671207428,15
9,0,0.136533021927,15
9,0,1.55038094521,231
9,0,2.61027598381,327
9,0,1.60143303871,231
9,0,0.134719133377,15
10,0,0.547402858734,87
10,0,0.148638963699,15
10,0,0.230952978134,39
10,0,1.59892296791,228
10,0,3.54450798035,444
10,0,0.140810012817,15
10,0,4.41822290421,701
