0,2,0.188874006271,33
0,2,0.207101106644,33
0,2,0.205914974213,33
0,2,0.205170154572,33
0,2,0.203567028046,33
0,2,0.196465015411,33
0,2,0.194058895111,33
0,2,0.198791980743,33
0,2,0.199481010437,33
0,2,0.196051836014,33
1,2,0.202059984207,33
1,2,0.194245815277,33
1,1,0.262512922287,37
1,1,0.199078798294,37
1,1,0.20091509819,37
1,2,0.197442054749,33
1,2,0.197170972824,33
1,2,0.198266983032,33
1,2,0.203244924545,33
1,1,0.217170953751,37
2,2,0.20330786705,33
2,2,0.200950860977,33
2,2,0.223910808563,33
2,1,0.212677001953,37
2,1,0.206366062164,38
2,2,0.194694042206,33
2,2,0.194176197052,33
2,2,0.203598976135,33
2,1,0.203694820404,38
2,1,0.208130836487,37
3,2,0.195291996002,33
3,2,0.200750827789,33
3,7,0.270774126053,55
3,7,0.271415948868,55
3,2,0.203577041626,33
3,2,0.203399181366,33
3,2,0.198199987411,33
3,2,0.199351787567,33
3,2,0.209372997284,33
3,8,0.271818161011,49
4,2,0.197988033295,33
4,2,0.195333003998,33
4,11,0.59210395813,113
4,8,0.275536060333,49
4,16,0.349584102631,81
4,2,0.202459812164,33
4,2,0.201173067093,33
4,2,0.217380046844,33
4,1,0.239233016968,37
4,11,0.589138031006,113
