0,0,0.0517251491547,1
0,0,0.0528340339661,1
0,0,0.0514788627625,1
0,0,0.0514850616455,1
0,0,0.0558960437775,1
0,0,0.0496520996094,1
0,0,0.0498960018158,1
0,0,0.0511691570282,1
0,0,0.0502400398254,1
0,0,0.0513768196106,1
1,0,0.0543041229248,1
1,0,0.0562329292297,1
1,0,0.0533769130707,1
1,0,0.0552170276642,1
1,0,0.0527851581573,1
1,0,0.0515990257263,1
1,0,0.052375793457,1
1,0,0.054337978363,1
1,0,0.0533928871155,1
1,0,0.0518770217896,1
2,0,0.0593779087067,1
2,0,0.054212808609,1
2,0,0.0534379482269,1
2,0,0.055016040802,1
2,0,0.0527801513672,1
2,0,0.0574419498444,1
2,0,0.0589179992676,1
2,0,0.054799079895,1
2,0,0.0554099082947,1
2,0,0.0533380508423,1
3,0,0.0576710700989,1
3,0,0.0562579631805,1
3,0,0.0544891357422,1
3,0,0.0635120868683,1
3,0,0.0546019077301,1
3,0,0.0565910339355,1
3,0,0.0542769432068,1
3,0,0.0586910247803,1
3,0,0.055449962616,1
3,0,0.0537869930267,1
4,0,0.0586738586426,1
4,0,0.056144952774,1
4,0,0.0545990467072,1
4,0,0.0588550567627,1
4,0,0.0530319213867,1
4,0,0.0573089122772,1
4,0,0.0535521507263,1
4,0,0.0616188049316,1
4,0,0.0566501617432,1
4,0,0.0556740760803,1
5,0,0.0599889755249,1
5,0,0.0636880397797,1
5,0,0.0647969245911,1
5,0,0.0605628490448,1
5,0,0.0576958656311,1
5,0,0.063206911087,1
5,0,0.0639760494232,1
5,0,0.0620098114014,1
5,0,0.0606088638306,1
5,0,0.0624730587006,1
6,0,0.0634269714355,1
6,0,0.0704259872437,1
6,0,0.0642549991608,1
6,0,0.0598440170288,1
6,0,0.0614562034607,1
6,0,0.0688579082489,1
6,0,0.0628728866577,1
6,0,0.0651688575745,1
6,0,0.0611510276794,1
6,0,0.0597960948944,1
7,0,0.0632410049438,1
7,0,0.0619399547577,1
7,0,0.0666999816895,1
7,0,0.0580899715424,1
7,0,0.0634679794312,1
7,0,0.06081199646,1
7,0,0.0655808448792,1
7,0,0.0604498386383,1
7,0,0.0643038749695,1
7,0,0.0625128746033,1
8,0,0.0723550319672,1
8,0,0.0626709461212,1
8,0,0.0672011375427,1
8,0,0.0591249465942,1
8,0,0.0625839233398,1
8,0,0.0614008903503,1
8,0,0.0703511238098,1
8,0,0.0639119148254,1
8,0,0.0658090114594,1
8,0,0.0630559921265,1
9,0,0.0625479221344,1
9,0,0.0629711151123,1
9,0,0.0682408809662,1
9,0,0.059574842453,1
9,0,0.0641341209412,1
9,0,0.0651440620422,1
9,0,0.0692660808563,1
9,0,0.0605750083923,1
9,0,0.0704131126404,1
9,0,0.0637969970703,1
10,0,0.0685398578644,1
10,0,0.067312002182,1
10,0,0.0753040313721,1
10,0,0.0696330070496,1
10,0,0.0706579685211,1
10,0,0.074147939682,1
10,0,0.0714049339294,1
10,0,0.0713360309601,1
10,0,0.0686910152435,1
10,0,0.0734791755676,1
11,0,0.0749261379242,1
11,0,0.0691080093384,1
11,0,0.0742988586426,1
11,0,0.0711460113525,1
11,0,0.0727071762085,1
11,0,0.0774290561676,1
11,0,0.0833470821381,1
11,0,0.0979800224304,1
11,0,0.0778970718384,1
11,0,0.0744740962982,1
12,0,0.0824689865112,1
12,0,0.0912330150604,1
12,0,0.0950620174408,1
12,0,0.0930278301239,1
12,0,0.097827911377,1
12,0,0.0894758701324,1
12,0,0.0698471069336,1
12,0,0.0759510993958,1
12,0,0.0714740753174,1
12,0,0.0723328590393,1
13,0,0.0792989730835,1
13,0,0.0708711147308,1
13,0,0.0732090473175,1
13,0,0.0745940208435,1
13,0,0.0777449607849,1
13,0,0.073224067688,1
13,0,0.069895029068,1
13,0,0.0740489959717,1
13,0,0.07164478302,1
13,0,0.0750539302826,1
14,0,0.0722179412842,1
14,0,0.0766129493713,1
14,0,0.0721619129181,1
14,0,0.0730400085449,1
14,0,0.0851078033447,1
14,0,0.0711679458618,1
14,0,0.0767269134521,1
14,0,0.0757758617401,1
14,0,0.0732159614563,1
14,0,0.0722169876099,1
15,0,0.0804409980774,1
15,0,0.0825660228729,1
15,0,0.0893108844757,1
15,0,0.0783569812775,1
15,0,0.0754611492157,1
15,0,0.0728240013123,1
15,0,0.0853848457336,1
15,0,0.073362827301,1
15,0,0.0764389038086,1
15,0,0.0811419487,1
16,0,0.0814480781555,1
16,0,0.0787711143494,1
16,0,0.0804178714752,1
16,0,0.0790300369263,1
16,0,0.0782859325409,1
16,0,0.0761609077454,1
16,0,0.0797958374023,1
16,0,0.0791440010071,1
16,0,0.0746359825134,1
16,0,0.0797259807587,1
17,0,0.0802910327911,1
17,0,0.0795478820801,1
17,0,0.0853810310364,1
17,0,0.0787949562073,1
17,0,0.0743269920349,1
17,0,0.0742769241333,1
17,0,0.0793612003326,1
17,0,0.0838611125946,1
17,0,0.0747759342194,1
17,0,0.0813488960266,1
18,0,0.0830769538879,1
18,0,0.0837750434875,1
18,0,0.0882070064545,1
18,0,0.0839409828186,1
18,0,0.0741729736328,1
18,0,0.0740549564362,1
18,0,0.0810370445251,1
18,0,0.0805819034576,1
18,0,0.074481010437,1
18,0,0.0866119861603,1
19,0,0.0812530517578,1
19,0,0.0809500217438,1
19,0,0.0815591812134,1
19,0,0.0797791481018,1
19,0,0.0749590396881,1
19,0,0.0764338970184,1
19,0,0.0825929641724,1
19,0,0.0840399265289,1
19,0,0.0776019096375,1
19,0,0.0817120075226,1
20,0,0.0870518684387,1
20,0,0.0875511169434,1
20,0,0.0878841876984,1
20,0,0.0869019031525,1
20,0,0.0845680236816,1
20,0,0.0800421237946,1
20,0,0.0918071269989,1
20,0,0.0873830318451,1
20,0,0.0861051082611,1
20,0,0.0835349559784,1
21,0,0.0878009796143,1
21,0,0.0900731086731,1
21,0,0.087021112442,1
21,0,0.0878219604492,1
21,0,0.087030172348,1
21,0,0.0810039043427,1
21,0,0.0899500846863,1
21,0,0.0866010189056,1
21,0,0.0821809768677,1
21,0,0.0844330787659,1
22,0,0.105817079544,1
22,0,0.0886471271515,1
22,0,0.092141866684,1
22,0,0.0894370079041,1
22,0,0.0936238765717,1
22,0,0.0815107822418,1
22,0,0.0868389606476,1
22,0,0.088091135025,1
22,0,0.0872519016266,1
22,0,0.0888869762421,1
23,0,0.0929877758026,1
23,0,0.0910999774933,1
23,0,0.0930819511414,1
23,0,0.101386070251,1
23,0,0.0927538871765,1
23,0,0.0826699733734,1
23,0,0.0891928672791,1
23,0,0.0936288833618,1
23,0,0.0846099853516,1
23,0,0.0853710174561,1
24,0,0.0888378620148,1
24,0,0.0892970561981,1
24,0,0.102195978165,1
24,0,0.0959410667419,1
24,0,0.0942149162292,1
24,0,0.080589056015,1
24,0,0.0932338237762,1
24,0,0.087944984436,1
24,0,0.0830409526825,1
24,0,0.0825419425964,1
25,0,0.0938692092896,1
25,0,0.0886800289154,1
25,0,0.0948519706726,1
25,0,0.0898330211639,1
25,0,0.0899610519409,1
25,0,0.08904504776,1
25,0,0.0904190540314,1
25,0,0.0947370529175,1
25,0,0.0852739810944,1
25,0,0.0978720188141,1
26,0,0.0958549976349,1
26,0,0.095312833786,1
26,0,0.0976569652557,1
26,0,0.0892899036407,1
26,0,0.0923018455505,1
26,0,0.0885469913483,1
26,0,0.0877819061279,1
26,0,0.0960159301758,1
26,0,0.0961720943451,1
26,0,0.0895540714264,1
27,0,0.0982670783997,1
27,0,0.0929110050201,1
27,0,0.0985560417175,1
27,0,0.0879530906677,1
27,0,0.0888159275055,1
27,0,0.0887718200684,1
27,0,0.0893759727478,1
27,0,0.097286939621,1
27,0,0.0904169082642,1
27,0,0.0897850990295,1
28,0,0.0966019630432,1
28,0,0.0973408222198,1
28,0,0.097718000412,1
28,0,0.089292049408,1
28,0,0.0926148891449,1
28,0,0.0924139022827,1
28,0,0.0904979705811,1
28,0,0.0941829681396,1
28,0,0.0858979225159,1
28,0,0.0904109477997,1
29,0,0.0928838253021,1
29,0,0.0898158550262,1
29,0,0.098363161087,1
29,0,0.085499048233,1
29,0,0.093682050705,1
29,0,0.087541103363,1
29,0,0.0895478725433,1
29,0,0.0957300662994,1
29,0,0.0932018756866,1
29,0,0.0918049812317,1
30,0,0.0925681591034,1
30,0,0.103010177612,1
30,0,0.106895923615,1
30,0,0.0970380306244,1
30,0,0.093474149704,1
30,0,0.102335214615,1
30,0,0.107753992081,1
30,0,0.103764772415,1
30,0,0.103256940842,1
30,0,0.106108903885,1
31,0,0.0984048843384,1
31,0,0.105100870132,1
31,0,0.104527950287,1
31,0,0.100161075592,1
31,0,0.0963799953461,1
31,0,0.105578184128,1
31,0,0.105043888092,1
31,0,0.1158618927,1
31,0,0.100612878799,1
31,0,0.104611873627,1
32,0,0.0977318286896,1
32,0,0.101196050644,1
32,0,0.109559774399,1
32,0,0.095752954483,1
32,0,0.0927119255066,1
32,0,0.112820863724,1
32,0,0.105119943619,1
32,0,0.108097076416,1
32,0,0.0956499576569,1
32,0,0.107476949692,1
33,0,0.0980079174042,1
33,0,0.10419511795,1
33,0,0.110077142715,1
33,0,0.0962519645691,1
33,0,0.0935759544373,1
33,0,0.108002901077,1
33,0,0.102229118347,1
33,0,0.11788892746,1
33,0,0.0949060916901,1
33,0,0.106824159622,1
34,0,0.0989670753479,1
34,0,0.105887889862,1
34,0,0.109662055969,1
34,0,0.0960938930511,1
34,0,0.0931808948517,1
34,0,0.106971979141,1
34,0,0.107143878937,1
34,0,0.109467029572,1
34,0,0.0957322120667,1
34,0,0.108615159988,1
35,0,0.112330913544,1
35,0,0.111591100693,1
35,0,0.115926027298,1
35,0,0.10543012619,1
35,0,0.101307153702,1
35,0,0.109138011932,1
35,0,0.112864971161,1
35,0,0.115582942963,1
35,0,0.103066921234,1
35,0,0.110044002533,1
36,0,0.116152048111,1
36,0,0.116888999939,1
36,0,0.106347084045,1
36,0,0.109700918198,1
36,0,0.102661132812,1
36,0,0.110171794891,1
36,0,0.10501909256,1
36,0,0.122663974762,1
36,0,0.104341030121,1
36,0,0.103300094604,1
37,0,0.141350984573,1
37,0,0.113114118576,1
37,0,0.103137969971,1
37,0,0.110965013504,1
37,0,0.105002880096,1
37,0,0.115310192108,1
37,0,0.106024026871,1
37,0,0.124267101288,1
37,0,0.10764503479,1
37,0,0.10257601738,1
38,0,0.11606502533,1
38,0,0.142879009247,1
38,0,0.110068082809,1
38,0,0.114321947098,1
38,0,0.105310916901,1
38,0,0.11296582222,1
38,0,0.104805231094,1
38,0,0.13037109375,1
38,0,0.111019849777,1
38,0,0.105842113495,1
39,0,0.118709087372,1
39,0,0.122143030167,1
39,0,0.100904941559,1
39,0,0.105992078781,1
39,0,0.0996539592743,1
39,0,0.111017942429,1
39,0,0.104700088501,1
39,0,0.11775302887,1
39,0,0.104667186737,1
39,0,0.105451107025,1
40,0,0.107151985168,1
40,0,0.130512952805,1
40,0,0.108309030533,1
40,0,0.106726884842,1
40,0,0.107423067093,1
40,0,0.108631134033,1
40,0,0.121778011322,1
40,0,0.106899023056,1
40,0,0.120574951172,1
40,0,0.112552881241,1
41,0,0.113645076752,1
41,0,0.121432065964,1
41,0,0.107223987579,1
41,0,0.107198953629,1
41,0,0.11017203331,1
41,0,0.106189012527,1
41,0,0.123950958252,1
41,0,0.112462997437,1
41,0,0.123701095581,1
41,0,0.120534181595,1
42,0,0.109836816788,1
42,0,0.132147073746,1
42,0,0.124080181122,1
42,0,0.111299037933,1
42,0,0.109245061874,1
42,0,0.107282876968,1
42,0,0.125281095505,1
42,0,0.10631108284,1
42,0,0.124248027802,1
42,0,0.107238054276,1
43,0,0.116923093796,1
43,0,0.116344928741,1
43,0,0.107151031494,1
43,0,0.105956077576,1
43,0,0.108430147171,1
43,0,0.109678030014,1
43,0,0.137969970703,1
43,0,0.114802122116,1
43,0,0.123392105103,1
43,0,0.107500076294,1
44,0,0.112456798553,1
44,0,0.12161397934,1
44,0,0.107387065887,1
44,0,0.123481035233,1
44,0,0.130581140518,1
44,0,0.128431797028,1
44,0,0.139405012131,1
44,0,0.115915060043,1
44,0,0.121927976608,1
44,0,0.110165834427,1
45,0,0.13126206398,1
45,0,0.129445075989,1
45,0,0.116641998291,1
45,0,0.135665178299,1
45,0,0.126873016357,1
45,0,0.118530988693,1
45,0,0.118605852127,1
45,0,0.120312929153,1
45,0,0.13138794899,1
45,0,0.132418870926,1
46,0,0.131579875946,1
46,0,0.133892059326,1
46,0,0.12137389183,1
46,0,0.135092020035,1
46,0,0.134704113007,1
46,0,0.140431880951,1
46,0,0.113432884216,1
46,0,0.116684913635,1
46,0,0.133303880692,1
46,0,0.13602399826,1
47,0,0.133292198181,1
47,0,0.140976905823,1
47,0,0.117885828018,1
47,0,0.138339996338,1
47,0,0.138193130493,1
47,0,0.119158029556,1
47,0,0.112699985504,1
47,0,0.116894960403,1
47,0,0.129851818085,1
47,0,0.13377904892,1
48,0,0.141555070877,1
48,0,0.140239953995,1
48,0,0.112643957138,1
48,0,0.136270046234,1
48,0,0.137385129929,1
48,0,0.116794109344,1
48,0,0.11336183548,1
48,0,0.120712041855,1
48,0,0.133252859116,1
48,0,0.131607055664,1
49,0,0.141252040863,1
49,0,0.131486177444,1
49,0,0.121558904648,1
49,0,0.136960029602,1
49,0,0.133883953094,1
49,0,0.125154018402,1
49,0,0.114726066589,1
49,0,0.114791870117,1
49,0,0.133433103561,1
49,0,0.148759126663,1
50,0,0.139862060547,1
50,0,0.129791021347,1
50,0,0.134826898575,1
50,0,0.14126086235,1
50,0,0.144520998001,1
50,0,0.140528917313,1
50,0,0.135409832001,1
50,0,0.131654977798,1
50,0,0.135841846466,1
50,0,0.134806871414,1
51,0,0.136789083481,1
51,0,0.139029026031,1
51,0,0.135550022125,1
51,0,0.139503002167,1
51,0,0.151776790619,1
51,0,0.138500928879,1
51,0,0.145198822021,1
51,0,0.118491888046,1
51,0,0.137382984161,1
51,0,0.137776136398,1
52,0,0.138593912125,1
52,0,0.139098167419,1
52,0,0.144070863724,1
52,0,0.138339996338,1
52,0,0.143450975418,1
52,0,0.142358064651,1
52,0,0.137202978134,1
52,0,0.12203001976,1
52,0,0.144115924835,1
52,0,0.142110109329,1
53,0,0.136109828949,1
53,0,0.139593839645,1
53,0,0.138822078705,1
53,0,0.146514892578,1
53,0,0.150132894516,1
53,0,0.138873815536,1
53,0,0.156256914139,1
53,0,0.121224164963,1
53,0,0.143544912338,1
53,0,0.145998001099,1
54,0,0.142513990402,1
54,0,0.144420146942,1
54,0,0.141949892044,1
54,0,0.152416944504,1
54,0,0.144632101059,1
54,0,0.141359090805,1
54,0,0.140624046326,1
54,0,0.122085094452,1
54,0,0.147248029709,1
54,0,0.141765832901,1
55,0,0.131628036499,1
55,0,0.129595994949,1
55,0,0.133334875107,1
55,0,0.136733055115,1
55,0,0.154215097427,1
55,0,0.128462076187,1
55,0,0.157263994217,1
55,0,0.149123907089,1
55,0,0.152059078217,1
55,0,0.150610923767,1
56,0,0.143857955933,1
56,0,0.134417057037,1
56,0,0.127687931061,1
56,0,0.133742809296,1
56,0,0.149036169052,1
56,0,0.134676933289,1
56,0,0.147693872452,1
56,0,0.154009819031,1
56,0,0.144491910934,1
56,0,0.148531913757,1
57,0,0.138288021088,1
57,0,0.130625009537,1
57,0,0.13574886322,1
57,0,0.13995718956,1
57,0,0.161094903946,1
57,0,0.140539169312,1
57,0,0.153167009354,1
57,0,0.14939904213,1
57,0,0.157510995865,1
57,0,0.148600816727,1
58,0,0.134063005447,1
58,0,0.134547948837,1
58,0,0.13701581955,1
58,0,0.131366968155,1
58,0,0.148531913757,1
58,0,0.131404876709,1
58,0,0.150873184204,1
58,0,0.153973817825,1
58,0,0.158029794693,1
58,0,0.156308889389,1
59,0,0.131869792938,1
59,0,0.132878065109,1
59,0,0.132228851318,1
59,0,0.131358861923,1
59,0,0.150329113007,1
59,0,0.138132095337,1
59,0,0.150686979294,1
59,0,0.150552988052,1
59,0,0.151934146881,1
59,0,0.145689964294,1
60,0,0.162097930908,1
60,0,0.132660865784,1
60,0,0.140380144119,1
60,0,0.142036914825,1
60,0,0.156768083572,1
60,0,0.159118890762,1
60,0,0.156432151794,1
60,0,0.162292957306,1
60,0,0.142529010773,1
60,0,0.154073953629,1
61,0,0.166042089462,1
61,0,0.138674020767,1
61,0,0.147054195404,1
61,0,0.141124010086,1
61,0,0.153482913971,1
61,0,0.152723073959,1
61,0,0.160310029984,1
61,0,0.161847114563,1
61,0,0.139773130417,1
61,0,0.158103942871,1
62,0,0.160478115082,1
62,0,0.138349056244,1
62,0,0.139292001724,1
62,0,0.138131856918,1
62,0,0.16007399559,1
62,0,0.171650886536,1
62,0,0.164748907089,1
62,0,0.170831203461,1
62,0,0.138348817825,1
62,0,0.155999183655,1
63,0,0.15453004837,1
63,0,0.138809919357,1
63,0,0.136533975601,1
63,0,0.13379406929,1
63,0,0.159034967422,1
63,0,0.160557985306,1
63,0,0.152996063232,1
63,0,0.162336826324,1
63,0,0.141587972641,1
63,0,0.162199020386,1
64,0,0.154526948929,1
64,0,0.134891986847,1
64,0,0.139846086502,1
64,0,0.140375137329,1
64,0,0.154329061508,1
64,0,0.159675836563,1
64,0,0.156099796295,1
64,0,0.166459083557,1
64,0,0.134994983673,1
64,0,0.154947042465,1
65,0,0.171900033951,1
65,0,0.15741109848,1
65,0,0.168720006943,1
65,0,0.173293113708,1
65,0,0.167623996735,1
65,0,0.163656949997,1
65,0,0.167584896088,1
65,0,0.166434049606,1
65,0,0.173587083817,1
65,0,0.168945074081,1
66,0,0.180774927139,1
66,0,0.164926052094,1
66,0,0.167015075684,1
66,0,0.173583984375,1
66,0,0.16807103157,1
66,0,0.163593053818,1
66,0,0.165359973907,1
66,0,0.166066884995,1
66,0,0.178853034973,1
66,0,0.159925937653,1
67,0,0.173690080643,1
67,0,0.157027006149,1
67,0,0.166779994965,1
67,0,0.179141998291,1
67,0,0.159559965134,1
67,0,0.157200813293,1
67,0,0.172223091125,1
67,0,0.169903993607,1
67,0,0.17557311058,1
67,0,0.161584854126,1
68,0,0.179956912994,1
68,0,0.164045095444,1
68,0,0.16151881218,1
68,0,0.176810026169,1
68,0,0.170110940933,1
68,0,0.163239955902,1
68,0,0.167585134506,1
68,0,0.172509908676,1
68,0,0.177503108978,1
68,0,0.165750980377,1
69,0,0.17968416214,1
69,0,0.163549184799,1
69,0,0.167271137238,1
69,0,0.172900915146,1
69,0,0.171424150467,1
69,0,0.165796995163,1
69,0,0.174498796463,1
69,0,0.169368028641,1
69,0,0.17712187767,1
69,0,0.1685359478,1
70,0,0.14533495903,1
70,0,0.149348974228,1
70,0,0.148160219193,1
70,0,0.170119047165,1
70,0,0.150190830231,1
70,0,0.180097103119,1
70,0,0.153145074844,1
70,0,0.178614139557,1
70,0,0.155486106873,1
70,0,0.154168844223,1
71,0,0.147583007812,1
71,0,0.162554979324,1
71,0,0.153063058853,1
71,0,0.173643827438,1
71,0,0.15292596817,1
71,0,0.166146039963,1
71,0,0.162514925003,1
71,0,0.187654018402,1
71,0,0.147793054581,1
71,0,0.149327039719,1
72,0,0.149232149124,1
72,0,0.155787944794,1
72,0,0.150801897049,1
72,0,0.170767068863,1
72,0,0.166935920715,1
72,0,0.170323133469,1
72,0,0.150201797485,1
72,0,0.176779031754,1
72,0,0.153440952301,1
72,0,0.145761013031,1
73,0,0.161947011948,1
73,0,0.147965908051,1
73,0,0.154058933258,1
73,0,0.170788049698,1
73,0,0.15219783783,1
73,0,0.174467086792,1
73,0,0.159325838089,1
73,0,0.177285909653,1
73,0,0.151687145233,1
73,0,0.152714014053,1
74,0,0.148756980896,1
74,0,0.146301984787,1
74,0,0.156622886658,1
74,0,0.175739049911,1
74,0,0.152549982071,1
74,0,0.171627044678,1
74,0,0.155391931534,1
74,0,0.205028057098,1
74,0,0.159820795059,1
74,0,0.146456956863,1
75,0,0.154351949692,1
75,0,0.150222063065,1
75,0,0.187937021255,1
75,0,0.150655031204,1
75,0,0.177165985107,1
75,0,0.186100006104,1
75,0,0.15345788002,1
75,0,0.152988910675,1
75,0,0.19761300087,1
75,0,0.152581930161,1
76,0,0.153367042542,1
76,0,0.154583930969,1
76,0,0.17813205719,1
76,0,0.155575990677,1
76,0,0.195286989212,1
76,0,0.181484222412,1
76,0,0.15273809433,1
76,0,0.15830206871,1
76,0,0.186784982681,1
76,0,0.156769037247,1
77,0,0.157624959946,1
77,0,0.154368162155,1
77,0,0.195646047592,1
77,0,0.153786897659,1
77,0,0.177896976471,1
77,0,0.190994024277,1
77,0,0.154531955719,1
77,0,0.159888029099,1
77,0,0.193751096725,1
77,0,0.159790039062,1
78,0,0.152582883835,1
78,0,0.154964923859,1
78,0,0.18323302269,1
78,0,0.153374910355,1
78,0,0.18346118927,1
78,0,0.174217939377,1
78,0,0.15346288681,1
78,0,0.157428026199,1
78,0,0.193893194199,1
78,0,0.149860858917,1
79,0,0.152280092239,1
79,0,0.153532028198,1
79,0,0.177644014359,1
79,0,0.15044093132,1
79,0,0.179769992828,1
79,0,0.175044059753,1
79,0,0.151381969452,1
79,0,0.15211892128,1
79,0,0.193143844604,1
79,0,0.155414819717,1
80,0,0.193598985672,1
80,0,0.192786931992,1
80,0,0.19509100914,1
80,0,0.166069030762,1
80,0,0.189583778381,1
80,0,0.161520957947,1
80,0,0.186929941177,1
80,0,0.201318025589,1
80,0,0.196604967117,1
80,0,0.168800115585,1
81,0,0.189605951309,1
81,0,0.202549934387,1
81,0,0.192505121231,1
81,0,0.168285131454,1
81,0,0.193081855774,1
81,0,0.165660142899,1
81,0,0.193909883499,1
81,0,0.1974401474,1
81,0,0.201982975006,1
81,0,0.158960103989,1
82,0,0.188292980194,1
82,0,0.199181079865,1
82,0,0.200327157974,1
82,0,0.158205032349,1
82,0,0.198682069778,1
82,0,0.162081003189,1
82,0,0.185960054398,1
82,0,0.194833040237,1
82,0,0.191395998001,1
82,0,0.172670125961,1
83,0,0.194117069244,1
83,0,0.193135976791,1
83,0,0.189327001572,1
83,0,0.157136917114,1
83,0,0.197474002838,1
83,0,0.165661096573,1
83,0,0.188254117966,1
83,0,0.204457044601,1
83,0,0.186800956726,1
83,0,0.155840873718,1
84,0,0.194239139557,1
84,0,0.202044963837,1
84,0,0.183933019638,1
84,0,0.16363286972,1
84,0,0.191167116165,1
84,0,0.155826091766,1
84,0,0.197691917419,1
84,0,0.200571060181,1
84,0,0.184504985809,1
84,0,0.157311916351,1
85,0,0.194986820221,1
85,0,0.199559926987,1
85,0,0.164348840714,1
85,0,0.167422056198,1
85,0,0.176414012909,1
85,0,0.170456171036,1
85,0,0.162961006165,1
85,0,0.206418991089,1
85,0,0.169678926468,1
85,0,0.194744825363,1
86,0,0.203886985779,1
86,0,0.197697162628,1
86,0,0.167148113251,1
86,0,0.162724018097,1
86,0,0.17104101181,1
86,0,0.177973985672,1
86,0,0.166046142578,1
86,0,0.207242965698,1
86,0,0.163094997406,1
86,0,0.190820932388,1
87,0,0.203464984894,1
87,0,0.199836969376,1
87,0,0.163055896759,1
87,0,0.167055845261,1
87,0,0.16913485527,1
87,0,0.169720172882,1
87,0,0.168153047562,1
87,0,0.206719875336,1
87,0,0.172173976898,1
87,0,0.198949098587,1
88,0,0.197465896606,1
88,0,0.199398994446,1
88,0,0.165548086166,1
88,0,0.163845062256,1
88,0,0.161939144135,1
88,0,0.17223405838,1
88,0,0.162100076675,1
88,0,0.21927189827,1
88,0,0.163460016251,1
88,0,0.184888839722,1
89,0,0.196120023727,1
89,0,0.197127819061,1
89,0,0.171329975128,1
89,0,0.17124080658,1
89,0,0.164475917816,1
89,0,0.169075012207,1
89,0,0.164203882217,1
89,0,0.205683946609,1
89,0,0.172403097153,1
89,0,0.195015907288,1
90,0,0.179352045059,1
90,0,0.222110033035,1
90,0,0.171257972717,1
90,0,0.174180030823,1
90,0,0.213581085205,1
90,0,0.220063924789,1
90,0,0.175320863724,1
90,0,0.170640945435,1
90,0,0.210414886475,1
90,0,0.170192956924,1
91,0,0.181725978851,1
91,0,0.221257925034,1
91,0,0.171977996826,1
91,0,0.175057172775,1
91,0,0.211632013321,1
91,0,0.214560031891,1
91,0,0.189553022385,1
91,0,0.171066045761,1
91,0,0.198931932449,1
91,0,0.168520927429,1
92,0,0.178432941437,1
92,0,0.220602035522,1
92,0,0.179490804672,1
92,0,0.173553943634,1
92,0,0.207931995392,1
92,0,0.213635921478,1
92,0,0.17066192627,1
92,0,0.181762933731,1
92,0,0.20333313942,1
92,0,0.172038078308,1
93,0,0.16993188858,1
93,0,0.215875864029,1
93,0,0.173169851303,1
93,0,0.17498588562,1
93,0,0.205041885376,1
93,0,0.21657705307,1
93,0,0.168749094009,1
93,0,0.172825098038,1
93,0,0.20677781105,1
93,0,0.166467905045,1
94,0,0.17564201355,1
94,0,0.210838079453,1
94,0,0.177035808563,1
94,0,0.175894021988,1
94,0,0.206913948059,1
94,0,0.213445901871,1
94,0,0.174726009369,1
94,0,0.169163942337,1
94,0,0.221370220184,1
94,0,0.172139167786,1
95,0,0.216989040375,1
95,0,0.18665099144,1
95,0,0.213075876236,1
95,0,0.178526878357,1
95,0,0.21613407135,1
95,0,0.195647001266,1
95,0,0.213586091995,1
95,0,0.212319850922,1
95,0,0.226035833359,1
95,0,0.204120159149,1
96,0,0.214643955231,1
96,0,0.183670043945,1
96,0,0.217849969864,1
96,0,0.184580087662,1
96,0,0.221662044525,1
96,0,0.179864883423,1
96,0,0.224300861359,1
96,0,0.213352918625,1
96,0,0.226526021957,1
96,0,0.231055021286,1
97,0,0.221904039383,1
97,0,0.176920890808,1
97,0,0.216206073761,1
97,0,0.186816215515,1
97,0,0.223556995392,1
97,0,0.183971881866,1
97,0,0.215209007263,1
97,0,0.208645105362,1
97,0,0.226451873779,1
97,0,0.203056097031,1
98,0,0.223572015762,1
98,0,0.17705488205,1
98,0,0.211008071899,1
98,0,0.175094842911,1
98,0,0.227435112,1
98,0,0.177186965942,1
98,0,0.217093229294,1
98,0,0.204501152039,1
98,0,0.221809148788,1
98,0,0.206460952759,1
99,0,0.223652839661,1
99,0,0.174506902695,1
99,0,0.20206284523,1
99,0,0.185808897018,1
99,0,0.237661838531,1
99,0,0.173866987228,1
99,0,0.22945189476,1
99,0,0.211366891861,1
99,0,0.228616952896,1
99,0,0.217412948608,1
100,0,0.246360063553,1
100,0,0.272210121155,1
100,0,0.187736988068,1
100,0,0.2264149189,1
100,0,0.236250162125,1
100,0,0.223056077957,1
100,0,0.24498796463,1
100,0,0.236516952515,1
100,0,0.224659919739,1
100,0,0.190927028656,1
101,0,0.242649793625,1
101,0,0.228304862976,1
101,0,0.192776918411,1
101,0,0.2267100811,1
101,0,0.23445892334,1
101,0,0.21818780899,1
101,0,0.240312099457,1
101,0,0.248155832291,1
101,0,0.241943120956,1
101,0,0.196105003357,1
102,0,0.244033098221,1
102,0,0.236023902893,1
102,0,0.195721149445,1
102,0,0.224997997284,1
102,0,0.2323179245,1
102,0,0.222400903702,1
102,0,0.2534968853,1
102,0,0.244117021561,1
102,0,0.230440139771,1
102,0,0.187909126282,1
103,0,0.245800971985,1
103,0,0.235100984573,1
103,0,0.187898159027,1
103,0,0.241438865662,1
103,0,0.235639095306,1
103,0,0.236195087433,1
103,0,0.24333691597,1
103,0,0.239633083344,1
103,0,0.227437973022,1
103,0,0.185914993286,1
104,0,0.236522912979,1
104,0,0.229562997818,1
104,0,0.187222957611,1
