0,0,0.0578608512878,1
0,0,0.0567891597748,1
0,0,0.0625669956207,1
0,0,0.0579950809479,1
0,0,0.0594248771667,1
0,0,0.0581381320953,1
0,0,0.0528991222382,1
0,0,0.0580399036407,1
0,0,0.055095911026,1
0,0,0.058531999588,1
1,0,0.0563509464264,1
1,0,0.0606200695038,1
1,0,0.0598130226135,1
1,0,0.0616199970245,1
1,0,0.0605030059814,1
1,0,0.0602738857269,1
1,0,0.0618300437927,1
1,0,0.0606091022491,1
1,0,0.0625681877136,1
1,0,0.0651500225067,1
2,0,0.0654051303864,1
2,0,0.0697441101074,1
2,0,0.0649440288544,1
2,0,0.0639750957489,1
2,0,0.0693249702454,1
2,0,0.0635621547699,1
2,0,0.0637519359589,1
2,0,0.0603849887848,1
2,0,0.0625429153442,1
2,0,0.0599310398102,1
3,0,0.0619840621948,1
3,0,0.0620107650757,1
3,0,0.0627739429474,1
3,0,0.0629770755768,1
3,0,0.0624690055847,1
3,0,0.0615410804749,1
3,0,0.062656879425,1
3,0,0.0634279251099,1
3,0,0.0628290176392,1
3,0,0.0698728561401,1
4,0,0.0657110214233,1
4,0,0.0624301433563,1
4,0,0.0738790035248,1
4,0,0.0653150081635,1
4,0,0.0672738552094,1
4,0,0.0627081394196,1
4,0,0.065593957901,1
4,0,0.0649418830872,1
4,0,0.0686919689178,1
4,0,0.0635120868683,1
5,0,0.0766708850861,1
5,0,0.0702569484711,1
5,0,0.0798909664154,1
5,0,0.0737669467926,1
5,0,0.0771961212158,1
5,0,0.0708940029144,1
5,0,0.0756280422211,1
5,0,0.075089931488,1
5,0,0.0727260112762,1
5,0,0.0708069801331,1
6,0,0.0729501247406,1
6,0,0.0725362300873,1
6,0,0.0767779350281,1
6,0,0.0732491016388,1
6,0,0.0703718662262,1
6,0,0.0699031352997,1
6,0,0.0735490322113,1
6,0,0.0708060264587,1
6,0,0.06960105896,1
6,0,0.0686118602753,1
7,0,0.072475194931,1
7,0,0.0740189552307,1
7,0,0.078871011734,1
7,0,0.0753200054169,1
7,0,0.0705659389496,1
7,0,0.0702300071716,1
7,0,0.0816888809204,1
7,0,0.0739369392395,1
7,0,0.0772931575775,1
7,0,0.0752761363983,1
8,0,0.0759398937225,1
8,0,0.0729429721832,1
8,0,0.0756540298462,1
8,0,0.0741848945618,1
8,0,0.0739638805389,1
8,0,0.0749938488007,1
8,0,0.0773909091949,1
8,0,0.0736930370331,1
8,0,0.0715489387512,1
8,0,0.0696051120758,1
9,0,0.0736010074615,1
9,0,0.0759539604187,1
9,0,0.0847260951996,1
9,0,0.073333978653,1
9,0,0.073734998703,1
9,0,0.0721011161804,1
9,0,0.0741500854492,1
9,0,0.0729291439056,1
9,0,0.0720529556274,1
9,0,0.0723469257355,1
10,0,0.0828969478607,1
10,0,0.0801200866699,1
10,0,0.0812981128693,1
10,0,0.0810468196869,1
10,0,0.0782189369202,1
10,0,0.0829198360443,1
10,0,0.0796658992767,1
10,0,0.0791220664978,1
10,0,0.0768508911133,1
10,0,0.0795660018921,1
11,0,0.0792880058289,1
11,0,0.0789239406586,1
11,0,0.0817639827728,1
11,0,0.0843369960785,1
11,0,0.0786991119385,1
11,0,0.0804779529572,1
11,0,0.078467130661,1
11,0,0.0809099674225,1
11,0,0.0817492008209,1
11,0,0.0791258811951,1
12,0,0.0788419246674,1
12,0,0.0801770687103,1
12,0,0.0836601257324,1
12,0,0.0823419094086,1
12,0,0.0818748474121,1
12,0,0.0827870368958,1
12,0,0.0807240009308,1
12,0,0.0833220481873,1
12,0,0.0869338512421,1
12,0,0.0816688537598,1
13,0,0.0830841064453,1
13,0,0.0858249664307,1
13,0,0.088495016098,1
13,0,0.0838370323181,1
13,0,0.080502986908,1
13,0,0.0831310749054,1
13,0,0.0848808288574,1
13,0,0.0857918262482,1
13,0,0.0834491252899,1
13,0,0.0835900306702,1
14,0,0.0886650085449,1
14,0,0.084921836853,1
14,0,0.0906398296356,1
14,0,0.0839841365814,1
14,0,0.0847039222717,1
14,0,0.0871849060059,1
14,0,0.0902178287506,1
14,0,0.0874998569489,1
14,0,0.0841000080109,1
14,0,0.0834629535675,1
15,0,0.0913209915161,1
15,0,0.0965030193329,1
15,0,0.0900659561157,1
15,0,0.0895841121674,1
15,0,0.0878281593323,1
15,0,0.088042974472,1
15,0,0.0823760032654,1
15,0,0.0875661373138,1
15,0,0.0863130092621,1
15,0,0.081903219223,1
16,0,0.0872299671173,1
16,0,0.086816072464,1
16,0,0.0838990211487,1
16,0,0.0879189968109,1
16,0,0.0878629684448,1
16,0,0.0935118198395,1
16,0,0.0833971500397,1
16,0,0.0875539779663,1
16,0,0.0878319740295,1
16,0,0.0824038982391,1
17,0,0.0981369018555,1
17,0,0.0873198509216,1
17,0,0.085107088089,1
17,0,0.0884280204773,1
17,0,0.0885188579559,1
17,0,0.0909869670868,1
17,0,0.0859701633453,1
17,0,0.0878920555115,1
17,0,0.0882549285889,1
17,0,0.0877039432526,1
18,0,0.0901679992676,1
18,0,0.0870659351349,1
18,0,0.0852899551392,1
18,0,0.093496799469,1
18,0,0.0897881984711,1
18,0,0.0912990570068,1
18,0,0.0862069129944,1
18,0,0.0911629199982,1
18,0,0.0895779132843,1
18,0,0.0855960845947,1
19,0,0.0932478904724,1
19,0,0.0897011756897,1
19,0,0.0939280986786,1
19,0,0.0890169143677,1
19,0,0.0865259170532,1
19,0,0.0884778499603,1
19,0,0.0853490829468,1
19,0,0.0899438858032,1
19,0,0.0876710414886,1
19,0,0.08238697052,1
20,0,0.0956718921661,1
20,0,0.100957870483,1
20,0,0.0961849689484,1
20,0,0.0909941196442,1
20,0,0.0930070877075,1
20,0,0.0931670665741,1
20,0,0.0904860496521,1
20,0,0.0907471179962,1
20,0,0.0962488651276,1
20,0,0.0958619117737,1
21,0,0.0961649417877,1
21,0,0.0919511318207,1
21,0,0.0895929336548,1
21,0,0.0848112106323,1
21,0,0.0900390148163,1
21,0,0.0827300548553,1
21,0,0.0882411003113,1
21,0,0.0861659049988,1
21,0,0.0890748500824,1
21,0,0.093966960907,1
22,0,0.0918300151825,1
22,0,0.0900900363922,1
22,0,0.0901849269867,1
22,0,0.0851380825043,1
22,0,0.0977730751038,1
22,0,0.0893697738647,1
22,0,0.0883028507233,1
22,0,0.0892159938812,1
22,0,0.099869966507,1
22,0,0.0940160751343,1
23,0,0.0968351364136,1
23,0,0.0940690040588,1
23,0,0.0948979854584,1
23,0,0.0909328460693,1
23,0,0.0942850112915,1
23,0,0.0891399383545,1
23,0,0.0897529125214,1
23,0,0.0904898643494,1
23,0,0.0973088741302,1
23,0,0.0966720581055,1
24,0,0.102336168289,1
24,0,0.0978288650513,1
24,0,0.0976707935333,1
24,0,0.0950829982758,1
24,0,0.100039958954,1
24,0,0.0899329185486,1
24,0,0.0932250022888,1
24,0,0.0929088592529,1
24,0,0.100868940353,1
24,0,0.104516029358,1
25,0,0.104454994202,1
25,0,0.106673955917,1
25,0,0.104984998703,1
25,0,0.108984947205,1
25,0,0.106965065002,1
25,0,0.0966060161591,1
25,0,0.10310792923,1
25,0,0.104892969131,1
25,0,0.096617937088,1
25,0,0.0973470211029,1
26,0,0.104429006577,1
26,0,0.105834960938,1
26,0,0.0974700450897,1
26,0,0.100681066513,1
26,0,0.112895011902,1
26,0,0.0970380306244,1
26,0,0.10346198082,1
26,0,0.104438066483,1
26,0,0.0986790657043,1
26,0,0.0948679447174,1
27,0,0.102475881577,1
27,0,0.106571912766,1
27,0,0.0995399951935,1
27,0,0.105032205582,1
27,0,0.10594701767,1
27,0,0.100880861282,1
27,0,0.106371879578,1
27,0,0.108894824982,1
27,0,0.0997331142426,1
27,0,0.0949289798737,1
28,0,0.102884054184,1
28,1,0.101096868515,1
28,0,0.0962309837341,1
28,0,0.112093925476,1
28,1,0.102349042892,1
28,0,0.096489906311,1
28,0,0.107534170151,1
28,0,0.110106945038,1
28,0,0.0981659889221,1
28,0,0.095468044281,1
29,0,0.104967832565,1
29,0,0.10363817215,1
29,0,0.0984570980072,1
29,0,0.105259180069,1
29,0,0.108769178391,1
29,0,0.0988030433655,1
29,0,0.106430768967,1
29,0,0.112535953522,1
29,0,0.0997040271759,1
29,0,0.0997278690338,1
