0,0,0.129493951797,15
0,0,0.128137111664,15
0,0,0.136276006699,15
0,0,0.132978916168,15
0,0,0.131942033768,15
0,0,0.12729382515,15
0,0,0.130173921585,15
0,0,0.126917123795,15
0,0,0.129217863083,15
0,0,0.132658004761,15
1,0,0.13595199585,15
1,0,0.137868881226,15
1,0,0.135647058487,15
1,0,0.148124933243,15
1,0,0.140636920929,15
1,0,0.462908983231,87
1,0,0.138244152069,15
1,0,0.132826805115,15
1,0,0.132546901703,15
1,0,0.140495061874,15
2,0,0.442738056183,87
2,0,0.456676006317,87
2,0,0.134392023087,15
2,0,0.133503913879,15
2,0,0.134067058563,15
2,0,0.85174202919,147
2,0,0.135490894318,15
2,0,0.468360185623,87
2,0,0.145203113556,15
2,0,0.140738010406,15
3,0,0.212915897369,39
3,0,0.139194011688,15
3,0,0.865638971329,147
3,0,0.867347955704,147
3,0,1.42360186577,225
3,0,1.37106990814,225
3,0,0.138665914536,15
3,0,0.134078025818,15
3,0,0.213594913483,39
3,0,0.818064928055,147
4,0,3.32060003281,441
4,0,0.790863990784,147
4,0,1.34362483025,225
4,0,0.45858502388,87
4,0,2.15187382698,327
4,0,3.13300704956,441
4,0,0.13121509552,15
4,0,0.472852945328,87
4,0,0.758231163025,147
4,0,0.472964048386,87
5,0,0.481976032257,87
5,0,10.7352161407,903
5,0,1.5308098793,231
5,0,0.149594068527,15
5,0,0.14209318161,15
5,0,4.11904907227,447
5,0,0.146378993988,15
5,0,0.139456987381,15
5,0,0.14176607132,15
5,0,0.146287202835,15
6,0,0.483590126038,87
6,0,10.4997000694,909
6,0,0.547042131424,87
6,0,0.150306940079,15
6,0,0.140094995499,15
6,0,2.43749904633,327
6,0,0.137650966644,15
6,0,0.137330055237,15
6,0,1.47418999672,231
6,0,0.138638973236,15
7,0,0.472476959229,87
7,0,18.9446418285,1305
7,0,0.14191699028,15
7,0,0.145726919174,15
7,0,0.138957977295,15
7,0,0.149473190308,15
7,0,0.142635822296,15
7,0,0.138887882233,15
7,0,0.528445959091,87
7,0,0.138291120529,15
8,0,1.53229808807,231
8,0,18.8223769665,1305
8,0,1.42984676361,231
8,0,0.13698387146,15
8,0,0.140610933304,15
8,0,4.98395514488,579
8,0,0.143393039703,15
8,0,0.14156293869,15
8,0,9.93021702766,903
8,0,0.138417005539,15
9,0,0.49010515213,87
9,0,27.6305360794,1773
9,0,7.60493993759,735
9,0,0.139907836914,15
9,0,0.141966104507,15
9,0,5.22162485123,579
9,0,0.148778915405,15
9,0,0.155174970627,15
9,0,0.843778848648,147
9,0,0.145947933197,15
10,0,0.147895097733,15
10,0,0.151925086975,15
10,0,0.152535915375,15
10,0,2.32282996178,324
10,0,4.95474600792,582
10,0,1.64932394028,231
10,0,0.152112960815,15
10,0,4.92385220528,582
10,0,4.8922958374,579
10,0,0.154571056366,15
11,0,0.149037122726,15
11,0,0.884504079819,150
11,0,0.150339126587,15
11,3,0.880848884583,144
11,0,5.05741500854,585
11,3,0.815440177917,144
11,0,0.150094985962,15
11,0,1.60883903503,231
11,0,0.826195955276,150
11,0,0.143830776215,15
12,0,0.149435997009,15
12,0,0.248918056488,42
12,0,0.145811080933,15
12,0,1.66641020775,231
12,0,4.99897813797,585
12,0,1.41429710388,225
12,0,0.1458568573,15
12,0,1.3538339138,231
12,0,1.52064299583,231
12,0,0.147009134293,15
13,0,0.147442102432,15
13,0,0.810044050217,150
13,0,0.151954174042,15
13,0,0.468391895294,87
13,0,9.37546896935,909
13,0,2.25233101845,330
13,0,0.140090942383,15
13,0,1.26941585541,231
13,0,3.64596509933,444
13,0,0.148408174515,15
14,0,0.153201818466,15
14,0,1.67516088486,231
14,0,0.152381181717,15
14,0,0.234038114548,39
14,0,10.1530668736,909
14,0,3.62918806076,444
14,0,0.156829118729,15
14,0,1.43125510216,228
14,0,7.67249894142,732
14,0,0.153616905212,15
