0,0,0.131630182266,15
0,0,0.127329826355,15
0,0,0.140008926392,15
0,0,0.175060987473,15
0,0,0.118433952332,15
0,0,0.130352020264,15
0,0,0.148458957672,15
0,0,0.138362884521,15
0,0,0.119734048843,15
0,0,0.142660140991,15
1,0,0.15106511116,15
1,0,0.128336906433,15
1,0,0.18110704422,15
1,0,0.609888076782,87
1,0,0.122632980347,15
1,0,0.53441286087,87
1,0,0.130242824554,15
1,0,0.144613027573,15
1,0,0.148317098618,15
1,0,0.641611814499,87
2,0,0.212450027466,15
2,0,0.135186910629,15
2,0,0.125781059265,15
2,0,0.541090965271,87
2,0,0.139406204224,15
2,0,0.605802059174,93
2,0,0.177237987518,15
2,0,0.623366117477,87
2,0,0.145105838776,15
2,0,0.640644788742,93
3,0,0.142613887787,15
3,0,0.143916845322,15
3,0,0.147866010666,15
3,0,0.190788030624,15
3,0,0.13835811615,15
3,0,1.89285993576,237
3,0,0.154613018036,15
3,0,0.651020050049,93
3,0,0.58938908577,93
3,0,2.24804592133,237
4,0,0.160646915436,15
4,0,0.149392127991,15
4,0,0.152471065521,15
4,0,0.240988016129,39
4,0,0.182389974594,15
4,0,2.67743682861,333
4,0,0.127402067184,15
4,0,0.214120864868,39
4,0,1.03006601334,153
4,0,2.81081795692,333
5,0,0.129073858261,15
5,0,0.125321149826,15
5,0,0.134105920792,15
5,0,0.129815101624,15
5,0,0.133773088455,15
5,0,0.130791902542,15
5,0,4.92769408226,444
5,0,0.766799926758,87
5,0,3.17968797684,327
5,0,2.64316892624,327
6,0,0.150424957275,15
6,0,0.48136806488,81
6,0,0.147026062012,15
6,0,0.151745080948,15
6,0,0.130722045898,15
6,0,0.146037817001,15
6,0,3.84270191193,447
6,0,0.24717092514,39
6,0,0.163506031036,15
6,0,2.79177308083,327
7,0,0.129592180252,15
7,0,1.74270892143,225
7,0,0.139858961105,15
7,0,0.131052017212,15
7,0,0.126225948334,15
7,0,0.142853021622,15
7,0,3.99223303795,447
7,0,0.575104951859,87
7,0,2.66133880615,327
7,0,1.52187991142,228
8,0,0.144092082977,15
8,0,3.90880393982,444
8,0,0.141826152802,15
8,0,0.155444145203,15
8,0,0.158712148666,15
8,0,0.143728971481,15
8,0,4.19102096558,447
8,0,2.78253817558,330
8,0,2.36667394638,330
8,0,0.875867128372,150
9,0,0.135083198547,15
9,0,1.69158792496,228
9,0,0.193992853165,15
9,0,0.133741140366,15
9,0,0.202963829041,15
9,0,0.210165977478,15
9,0,3.71440601349,447
9,0,0.880681991577,150
9,0,0.490116834641,87
9,0,0.233035087585,42
10,0,0.146992921829,15
10,0,4.06731796265,447
10,0,1.79704594612,237
10,0,0.141832828522,15
10,0,0.143944978714,15
10,0,8.42451691628,738
10,0,38.889549017,2034
10,0,5.446215868,579
10,0,0.141725063324,15
10,0,35.8595712185,2018
