0,0,0.0493180751801,1
0,0,0.0501570701599,1
0,0,0.0495669841766,1
0,0,0.0485780239105,1
0,0,0.0488631725311,1
0,0,0.0502068996429,1
0,0,0.051677942276,1
0,0,0.0504059791565,1
0,0,0.0491418838501,1
0,0,0.0484540462494,1
1,0,0.051017999649,1
1,0,0.0533549785614,1
1,0,0.0545132160187,1
1,0,0.051775932312,1
1,0,0.0512609481812,1
1,0,0.0519499778748,1
1,0,0.0521948337555,1
1,0,0.0523090362549,1
1,0,0.0509581565857,1
1,0,0.051922082901,1
2,0,0.0552170276642,1
2,0,0.0523331165314,1
2,0,0.0513439178467,1
2,0,0.0513670444489,1
2,0,0.0516700744629,1
2,0,0.0527780056,1
2,1,0.0520150661469,1
2,0,0.0503931045532,1
2,1,0.0530009269714,1
2,0,0.051244020462,1
3,0,0.0544090270996,1
3,1,0.0538930892944,1
3,0,0.0541679859161,1
3,0,0.0522131919861,1
3,0,0.0543670654297,1
3,0,0.0531129837036,1
3,0,0.0535080432892,1
3,0,0.0539062023163,1
3,0,0.0567491054535,1
3,0,0.052209854126,1
4,0,0.0575230121613,1
4,0,0.0525991916656,1
4,0,0.0515029430389,1
4,0,0.0516231060028,1
4,0,0.053111076355,1
4,0,0.0522048473358,1
4,0,0.054906129837,1
4,0,0.0513310432434,1
4,0,0.054692029953,1
4,0,0.0528540611267,1
