0,0,0.0504989624023,1
0,0,0.0506870746613,1
0,0,0.0523619651794,1
0,0,0.0531980991364,1
0,0,0.0501019954681,1
0,0,0.0499680042267,1
0,0,0.0501718521118,1
0,0,0.0515730381012,1
0,0,0.0507371425629,1
0,0,0.0551590919495,1
1,0,0.0546388626099,1
1,0,0.0623068809509,1
1,0,0.0548920631409,1
1,0,0.052698135376,1
1,0,0.0534060001373,1
1,0,0.0545220375061,1
1,0,0.0529069900513,1
1,0,0.0594980716705,1
1,0,0.0543990135193,1
1,0,0.052255153656,1
2,0,0.0543529987335,1
2,0,0.0572979450226,1
2,0,0.0551481246948,1
2,0,0.0526950359344,1
2,0,0.0565078258514,1
2,0,0.05473279953,1
2,0,0.0559659004211,1
2,0,0.0546569824219,1
2,0,0.0595889091492,1
2,0,0.056608915329,1
3,0,0.0542249679565,1
3,0,0.0671100616455,1
3,0,0.0557131767273,1
3,0,0.0588569641113,1
3,0,0.0572950839996,1
3,0,0.0593168735504,1
3,0,0.0529460906982,1
3,0,0.0537400245667,1
3,0,0.0627799034119,1
3,0,0.0541698932648,1
4,0,0.0571229457855,1
4,0,0.0562400817871,1
4,0,0.0553569793701,1
4,0,0.0579299926758,1
4,0,0.0578870773315,1
4,0,0.0574848651886,1
4,0,0.0665330886841,1
4,0,0.0580651760101,1
4,0,0.0613219738007,1
4,0,0.0593550205231,1
5,0,0.0637187957764,1
5,0,0.0629858970642,1
5,0,0.0716099739075,1
5,0,0.0661149024963,1
5,0,0.0654270648956,1
5,0,0.0686399936676,1
5,0,0.0679590702057,1
5,0,0.0653190612793,1
5,0,0.0622360706329,1
5,0,0.061420917511,1
6,0,0.0600759983063,1
6,0,0.0608839988708,1
6,0,0.0624182224274,1
6,0,0.0659730434418,1
6,0,0.0686559677124,1
6,0,0.063539981842,1
6,0,0.062432050705,1
6,0,0.0644838809967,1
6,0,0.060338973999,1
6,0,0.0626039505005,1
7,0,0.067752122879,1
7,0,0.0669498443604,1
7,0,0.0657429695129,1
7,0,0.0649678707123,1
7,0,0.0654859542847,1
7,0,0.0689868927002,1
7,0,0.0732500553131,1
7,0,0.070858001709,1
7,0,0.0640950202942,1
7,0,0.0600380897522,1
8,0,0.0634770393372,1
8,0,0.0616121292114,1
8,0,0.0689480304718,1
8,0,0.0670230388641,1
8,0,0.0661718845367,1
8,0,0.0667178630829,1
8,0,0.0726249217987,1
8,0,0.065122127533,1
8,0,0.0692071914673,1
8,0,0.063588142395,1
9,0,0.0641350746155,1
9,0,0.0636050701141,1
9,0,0.0644681453705,1
9,0,0.068699836731,1
9,0,0.0661699771881,1
9,0,0.0668570995331,1
9,0,0.0669350624084,1
9,0,0.0682580471039,1
9,0,0.0624308586121,1
9,0,0.0632698535919,1
10,0,0.0771100521088,1
10,0,0.0736949443817,1
10,0,0.0703511238098,1
10,0,0.0697820186615,1
10,0,0.06711602211,1
10,0,0.0731689929962,1
10,0,0.0693850517273,1
10,0,0.0689170360565,1
10,0,0.0693020820618,1
10,0,0.0714499950409,1
11,0,0.0734300613403,1
11,0,0.0789260864258,1
11,0,0.0721659660339,1
11,0,0.0698580741882,1
11,0,0.0691778659821,1
11,0,0.0732090473175,1
11,0,0.0694909095764,1
11,0,0.0703690052032,1
11,0,0.0727651119232,1
11,0,0.0730619430542,1
12,0,0.0744450092316,1
12,0,0.0743691921234,1
12,0,0.0677080154419,1
12,0,0.0802710056305,1
12,0,0.0703411102295,1
12,0,0.0757250785828,1
12,0,0.0697410106659,1
12,0,0.0678489208221,1
12,0,0.0772230625153,1
12,0,0.0716578960419,1
13,0,0.0757389068604,1
13,0,0.0768041610718,1
13,0,0.0707440376282,1
13,0,0.0778160095215,1
13,0,0.0708100795746,1
13,0,0.0752060413361,1
13,0,0.0705010890961,1
13,0,0.0812039375305,1
13,0,0.0754551887512,1
13,0,0.0736019611359,1
14,0,0.0760219097137,1
14,0,0.0750122070312,1
14,0,0.0709009170532,1
14,0,0.0727770328522,1
14,0,0.0774478912354,1
14,0,0.0740818977356,1
14,0,0.0683739185333,1
14,0,0.0716321468353,1
14,0,0.0772769451141,1
14,0,0.0726361274719,1
15,0,0.0776770114899,1
15,0,0.078537940979,1
15,0,0.0775549411774,1
15,0,0.0773270130157,1
15,0,0.0769770145416,1
15,0,0.0796599388123,1
15,0,0.0810670852661,1
15,0,0.0766642093658,1
15,0,0.0920219421387,1
15,0,0.0771808624268,1
16,0,0.079617023468,1
16,0,0.0823469161987,1
16,0,0.0766558647156,1
16,0,0.0813751220703,1
16,0,0.0793669223785,1
16,0,0.0753870010376,1
16,0,0.0807600021362,1
16,0,0.0778090953827,1
16,0,0.0778939723969,1
16,0,0.078715801239,1
17,0,0.0820870399475,1
17,0,0.0815908908844,1
17,0,0.0781631469727,1
17,0,0.0813608169556,1
17,0,0.080717086792,1
17,0,0.0799210071564,1
17,0,0.0791590213776,1
17,0,0.0780589580536,1
17,0,0.0798110961914,1
17,0,0.0771210193634,1
18,0,0.0739259719849,1
18,0,0.0806760787964,1
18,0,0.0761091709137,1
18,0,0.088033914566,1
18,0,0.0837540626526,1
18,0,0.0800538063049,1
18,0,0.0803098678589,1
18,0,0.0790579319,1
18,0,0.0797288417816,1
18,0,0.0797989368439,1
19,0,0.0834550857544,1
19,0,0.0802161693573,1
19,0,0.0764729976654,1
19,0,0.0813419818878,1
19,0,0.0815980434418,1
19,0,0.0792460441589,1
19,0,0.0837829113007,1
19,0,0.0752720832825,1
19,0,0.0781049728394,1
19,0,0.0824899673462,1
20,0,0.0905258655548,1
20,0,0.0804929733276,1
20,0,0.103070020676,1
20,0,0.0841598510742,1
20,0,0.0872230529785,1
20,0,0.0799241065979,1
20,0,0.0812389850616,1
20,0,0.0815799236298,1
20,0,0.0814909934998,1
20,0,0.092502117157,1
21,0,0.0891880989075,1
21,0,0.0825250148773,1
21,0,0.0883851051331,1
21,0,0.081160068512,1
21,0,0.0944459438324,1
21,0,0.0808358192444,1
21,0,0.0813689231873,1
21,0,0.0788760185242,1
21,0,0.0796310901642,1
21,0,0.0870850086212,1
22,0,0.0839910507202,1
22,0,0.0811588764191,1
22,0,0.0889229774475,1
22,0,0.0872619152069,1
22,0,0.0874850749969,1
22,0,0.0869331359863,1
22,0,0.0969860553741,1
22,0,0.0978538990021,1
22,0,0.0818519592285,1
22,0,0.0856921672821,1
23,0,0.0873539447784,1
23,0,0.0806150436401,1
23,0,0.0864949226379,1
23,0,0.0833010673523,1
23,0,0.085294008255,1
23,0,0.0859048366547,1
23,0,0.0840449333191,1
23,0,0.0947949886322,1
23,0,0.0838840007782,1
23,0,0.0923750400543,1
24,0,0.0902299880981,1
24,0,0.0839989185333,1
24,0,0.0907719135284,1
24,0,0.0820989608765,1
24,0,0.089243888855,1
24,0,0.0813479423523,1
24,0,0.0807888507843,1
24,0,0.0800650119781,1
24,0,0.0822598934174,1
24,0,0.0929930210114,1
25,0,0.102025032043,1
25,0,0.0943870544434,1
25,0,0.0912928581238,1
25,0,0.0867390632629,1
25,0,0.0959670543671,1
25,0,0.0979990959167,1
25,0,0.0981731414795,1
25,0,0.0944430828094,1
25,0,0.0963590145111,1
25,0,0.0952780246735,1
26,0,0.0951631069183,1
26,0,0.0943760871887,1
26,0,0.0866429805756,1
26,0,0.0931429862976,1
26,0,0.0954608917236,1
26,0,0.0970959663391,1
26,0,0.0988688468933,1
26,0,0.0993490219116,1
26,0,0.0924201011658,1
26,0,0.0879039764404,1
27,0,0.098137140274,1
27,0,0.0969429016113,1
27,0,0.0880510807037,1
27,0,0.0896139144897,1
27,0,0.0956490039825,1
27,0,0.0866861343384,1
27,0,0.106822967529,1
27,0,0.0980541706085,1
27,0,0.0967819690704,1
27,0,0.0895900726318,1
28,0,0.0944550037384,1
28,0,0.0963180065155,1
28,0,0.0865740776062,1
28,0,0.0900139808655,1
28,0,0.0983581542969,1
28,0,0.0868308544159,1
28,0,0.104984045029,1
28,0,0.0958008766174,1
28,0,0.0991401672363,1
28,0,0.0886380672455,1
29,0,0.0953938961029,1
29,0,0.0960459709167,1
29,0,0.0875911712646,1
29,0,0.0881149768829,1
29,0,0.0969259738922,1
29,0,0.0858871936798,1
29,0,0.0966410636902,1
29,0,0.10604596138,1
29,0,0.0997879505157,1
29,0,0.0857760906219,1
30,0,0.0974729061127,1
30,0,0.101014852524,1
30,0,0.103610992432,1
30,0,0.114056110382,1
30,0,0.106445789337,1
30,0,0.108658075333,1
30,0,0.104418992996,1
30,0,0.108952045441,1
30,0,0.0961170196533,1
30,0,0.105666875839,1
31,0,0.0961570739746,1
31,0,0.103286981583,1
31,0,0.108130931854,1
31,0,0.108761072159,1
31,0,0.104444980621,1
31,0,0.107348918915,1
31,0,0.111929893494,1
31,0,0.109059095383,1
31,0,0.0961499214172,1
31,0,0.10227394104,1
32,0,0.102929115295,1
32,0,0.101675987244,1
32,0,0.115693092346,1
32,0,0.109019041061,1
32,0,0.108190059662,1
32,0,0.109302997589,1
32,0,0.102754831314,1
32,0,0.111196994781,1
32,0,0.102205038071,1
32,0,0.116972923279,1
33,0,0.109525918961,1
33,0,0.128081083298,1
33,0,0.1277987957,1
33,0,0.107869148254,1
33,0,0.108700037003,1
33,0,0.110812902451,1
33,0,0.106418132782,1
33,0,0.106464147568,1
33,0,0.102551937103,1
33,0,0.104214906693,1
34,0,0.104861974716,1
34,0,0.111142158508,1
34,0,0.110347032547,1
34,0,0.111912965775,1
34,0,0.108175039291,1
34,0,0.10617685318,1
34,0,0.105895042419,1
34,0,0.105847120285,1
34,0,0.100093126297,1
34,0,0.124288082123,1
35,0,0.10019493103,1
35,0,0.11235499382,1
35,0,0.111353874207,1
35,0,0.11331486702,1
35,0,0.105146884918,1
35,0,0.115077018738,1
35,0,0.107028007507,1
35,0,0.11235499382,1
35,0,0.112514019012,1
35,0,0.109274864197,1
36,0,0.10583114624,1
36,0,0.115692138672,1
36,0,0.112498044968,1
36,0,0.126925945282,1
36,0,0.105948925018,1
36,0,0.118234157562,1
36,0,0.103826999664,1
36,0,0.125082015991,1
36,0,0.110129117966,1
36,0,0.11159992218,1
37,0,0.105828046799,1
37,0,0.112562894821,1
37,0,0.126429080963,1
37,0,0.117758989334,1
37,0,0.102370977402,1
37,0,0.119812011719,1
37,0,0.101587057114,1
37,0,0.107978105545,1
37,0,0.110194206238,1
37,0,0.111533880234,1
38,0,0.101504087448,1
38,0,0.11917090416,1
38,0,0.117004871368,1
38,0,0.111752986908,1
38,0,0.105721950531,1
38,0,0.116007089615,1
38,0,0.100103139877,1
38,0,0.109895944595,1
38,0,0.114916086197,1
38,0,0.114342927933,1
39,0,0.111017942429,1
39,0,0.115958929062,1
39,0,0.114545822144,1
39,0,0.111576080322,1
39,0,0.103707075119,1
39,0,0.111107110977,1
39,0,0.103343009949,1
39,0,0.128924846649,1
39,0,0.127770185471,1
39,0,0.121103048325,1
40,0,0.105654001236,1
40,0,0.121078014374,1
40,0,0.112558841705,1
40,0,0.128715991974,1
40,0,0.122039079666,1
40,0,0.123387098312,1
40,0,0.122056007385,1
40,0,0.12127494812,1
40,0,0.110500097275,1
40,0,0.115053892136,1
41,0,0.108140945435,1
41,0,0.125422000885,1
41,0,0.113183021545,1
41,0,0.123934984207,1
41,0,0.120810985565,1
41,0,0.13202881813,1
41,0,0.11913895607,1
41,0,0.123627901077,1
41,0,0.11398601532,1
41,0,0.109995126724,1
42,0,0.118916034698,1
42,0,0.12123298645,1
42,0,0.113680839539,1
42,0,0.122087955475,1
42,0,0.122323036194,1
42,0,0.126075029373,1
42,0,0.122702121735,1
42,0,0.123527050018,1
42,0,0.113360881805,1
42,0,0.113392114639,1
43,0,0.10888504982,1
43,0,0.119793891907,1
43,0,0.113101959229,1
43,0,0.119369983673,1
43,0,0.120309114456,1
43,0,0.125851154327,1
43,0,0.127426147461,1
43,0,0.138217926025,1
43,0,0.107532024384,1
43,0,0.114044904709,1
44,0,0.108550071716,1
44,0,0.123711824417,1
44,0,0.108449935913,1
44,0,0.121247053146,1
44,0,0.120791196823,1
44,0,0.124533176422,1
44,0,0.126019954681,1
44,0,0.126174211502,1
44,0,0.109493017197,1
44,0,0.10971903801,1
45,0,0.133656978607,1
45,0,0.127103090286,1
45,0,0.131404876709,1
45,0,0.129920959473,1
45,0,0.131520986557,1
45,0,0.120095968246,1
45,0,0.114858865738,1
45,0,0.116863965988,1
45,0,0.119215965271,1
45,0,0.136345863342,1
46,0,0.130544185638,1
46,0,0.13343501091,1
46,0,0.13049697876,1
46,0,0.136733055115,1
46,0,0.132074117661,1
46,0,0.123649120331,1
46,0,0.118463039398,1
46,0,0.11371922493,1
46,0,0.116312980652,1
46,0,0.135538101196,1
47,0,0.128736972809,1
47,0,0.134212970734,1
47,0,0.129734039307,1
47,0,0.138500928879,1
47,0,0.13244509697,1
47,0,0.113667964935,1
47,0,0.116440057755,1
47,0,0.114999055862,1
47,0,0.114954948425,1
47,0,0.133098840714,1
48,0,0.133497953415,1
48,0,0.129412174225,1
48,0,0.132926940918,1
48,0,0.135608911514,1
48,0,0.128783941269,1
48,0,0.109148025513,1
48,0,0.116479873657,1
48,0,0.114130020142,1
48,0,0.113119125366,1
48,0,0.13942193985,1
49,0,0.134154081345,1
49,0,0.136753082275,1
49,0,0.131625890732,1
49,0,0.142522096634,1
49,0,0.133147001266,1
49,0,0.116183042526,1
49,0,0.121142864227,1
49,0,0.131870985031,1
49,0,0.117522001266,1
49,0,0.141307115555,1
50,0,0.123136997223,1
50,0,0.122286081314,1
50,0,0.154885053635,1
50,0,0.121052026749,1
50,0,0.122663021088,1
50,0,0.131523132324,1
50,0,0.120358943939,1
50,0,0.123603820801,1
50,0,0.143579006195,1
50,0,0.152058839798,1
51,0,0.125911951065,1
51,0,0.123210906982,1
51,0,0.138293027878,1
51,0,0.119509935379,1
51,0,0.1248691082,1
51,0,0.122559785843,1
51,0,0.121025800705,1
51,0,0.13229393959,1
51,0,0.13945889473,1
51,0,0.142753124237,1
52,0,0.125291109085,1
52,0,0.122934103012,1
52,0,0.140789031982,1
52,0,0.128546953201,1
52,0,0.126566171646,1
52,0,0.125464916229,1
52,0,0.127638101578,1
52,0,0.122555017471,1
52,0,0.137959957123,1
52,0,0.149818897247,1
53,0,0.121495962143,1
53,0,0.125808954239,1
53,0,0.150481939316,1
53,0,0.122820854187,1
53,0,0.117626190186,1
53,0,0.124190092087,1
53,0,0.12853717804,1
53,0,0.127869129181,1
53,0,0.135542869568,1
53,0,0.146159887314,1
54,0,0.124685049057,1
54,0,0.123748064041,1
54,0,0.139045953751,1
54,0,0.122391939163,1
54,0,0.117091178894,1
54,0,0.128943920135,1
54,0,0.121589899063,1
54,0,0.12878704071,1
54,0,0.14133810997,1
54,0,0.145771026611,1
55,0,0.151407003403,1
55,0,0.155460119247,1
55,0,0.131216049194,1
55,0,0.152092933655,1
55,0,0.131580114365,1
55,0,0.133069038391,1
55,0,0.155969142914,1
55,0,0.130743026733,1
55,0,0.159484148026,1
55,0,0.135139942169,1
56,0,0.147108078003,1
56,0,0.149014949799,1
56,0,0.131629943848,1
56,0,0.155321836472,1
56,0,0.137080907822,1
56,0,0.139595985413,1
56,0,0.146461963654,1
56,0,0.134197950363,1
56,0,0.149384975433,1
56,0,0.13169503212,1
57,0,0.150350093842,1
57,0,0.141564846039,1
57,0,0.168570995331,1
57,0,0.181635856628,1
57,0,0.158563137054,1
57,0,0.140410900116,1
57,0,0.142959117889,1
57,0,0.129555940628,1
57,0,0.152325868607,1
57,0,0.134181022644,1
58,0,0.148408889771,1
58,0,0.151837110519,1
58,0,0.133584022522,1
58,0,0.157939910889,1
58,0,0.132672071457,1
58,0,0.132378816605,1
58,0,0.150577068329,1
58,0,0.128031015396,1
58,0,0.154106855392,1
58,0,0.133635044098,1
59,0,0.148705005646,1
59,0,0.147510051727,1
59,0,0.152323007584,1
59,0,0.152794837952,1
59,0,0.128009080887,1
59,0,0.182827949524,1
59,0,0.166842937469,1
59,0,0.135092020035,1
59,0,0.148843050003,1
59,0,0.130953073502,1
60,0,0.151298999786,1
60,0,0.154021978378,1
60,0,0.163156032562,1
60,0,0.141227960587,1
60,0,0.16634106636,1
60,0,0.158648014069,1
60,0,0.157033920288,1
60,0,0.137179136276,1
60,0,0.155982017517,1
60,0,0.161084890366,1
61,0,0.165805101395,1
61,0,0.160768985748,1
61,0,0.157381057739,1
61,0,0.137433052063,1
61,0,0.162928819656,1
61,0,0.16387796402,1
61,0,0.161990880966,1
61,0,0.141864061356,1
61,0,0.160290002823,1
61,0,0.158759117126,1
62,0,0.159656047821,1
62,0,0.166744947433,1
62,0,0.163291931152,1
62,0,0.136723995209,1
62,0,0.155967950821,1
62,0,0.163600921631,1
62,0,0.157473087311,1
62,0,0.141295909882,1
62,0,0.167732000351,1
62,0,0.163414955139,1
63,0,0.163806915283,1
63,0,0.157006025314,1
63,0,0.157608985901,1
63,0,0.1350440979,1
63,0,0.161952018738,1
63,0,0.155867099762,1
63,0,0.151713848114,1
63,0,0.135177850723,1
63,0,0.156664133072,1
63,0,0.153970003128,1
64,0,0.158195018768,1
64,0,0.168800115585,1
64,0,0.156110048294,1
64,0,0.137037992477,1
64,0,0.158263921738,1
64,0,0.151013851166,1
64,0,0.154709815979,1
64,0,0.1372590065,1
64,0,0.159466981888,1
64,0,0.154684066772,1
65,0,0.143596887589,1
65,0,0.160355091095,1
65,0,0.161363840103,1
65,0,0.143836975098,1
65,0,0.141978025436,1
65,0,0.17467212677,1
65,0,0.158515930176,1
65,0,0.168909072876,1
65,0,0.144638061523,1
65,0,0.161752939224,1
66,0,0.141535043716,1
66,0,0.169389009476,1
66,0,0.158159971237,1
66,0,0.148419857025,1
66,0,0.147953033447,1
66,0,0.171256065369,1
66,0,0.159614086151,1
66,0,0.163735151291,1
66,0,0.147890090942,1
66,0,0.164952993393,1
67,0,0.144320011139,1
67,0,0.167749166489,1
67,0,0.155455112457,1
67,0,0.140580892563,1
67,0,0.140638828278,1
67,0,0.166332960129,1
67,0,0.168290138245,1
67,0,0.166167974472,1
67,0,0.143920898438,1
67,0,0.161616802216,1
68,0,0.148431062698,1
68,0,0.164188146591,1
68,0,0.166369915009,1
68,0,0.142295837402,1
68,0,0.145195007324,1
68,0,0.170653104782,1
68,0,0.215141773224,1
68,0,0.189631938934,1
68,0,0.172642946243,1
68,0,0.197609901428,1
69,0,0.173209190369,1
69,0,0.206754207611,1
69,0,0.194021940231,1
69,0,0.197366952896,1
69,0,0.176821947098,1
69,0,0.20947098732,1
69,0,0.203676939011,1
69,0,0.161689996719,1
69,0,0.142942905426,1
69,0,0.174148797989,1
70,0,0.163430929184,1
70,0,0.1838991642,1
70,0,0.183940887451,1
70,0,0.179396867752,1
70,0,0.180702924728,1
70,0,0.145823001862,1
70,0,0.169243097305,1
70,0,0.175101041794,1
70,0,0.184448957443,1
70,0,0.149365186691,1
71,0,0.174829959869,1
71,0,0.174638986588,1
71,0,0.177081823349,1
71,0,0.177119016647,1
71,0,0.18659901619,1
71,0,0.146036148071,1
71,0,0.173843860626,1
71,0,0.176311969757,1
71,0,0.171877861023,1
71,0,0.154078960419,1
72,0,0.170392036438,1
72,0,0.174494981766,1
72,0,0.184623003006,1
72,0,0.200047016144,1
72,0,0.196953058243,1
72,0,0.156200885773,1
72,0,0.175000905991,1
72,0,0.173274040222,1
72,0,0.179963827133,1
72,0,0.145871162415,1
73,0,0.171376943588,1
73,0,0.182783126831,1
73,0,0.173496961594,1
73,0,0.1687707901,1
73,0,0.182338953018,1
73,0,0.150451183319,1
73,0,0.174880981445,1
73,0,0.185856103897,1
73,0,0.18053483963,1
73,0,0.145380973816,1
74,0,0.173861026764,1
74,0,0.200708150864,1
74,0,0.178184986115,1
74,0,0.168174982071,1
74,0,0.188768148422,1
74,0,0.147463083267,1
74,0,0.171987056732,1
74,0,0.170361042023,1
74,0,0.185197114944,1
74,0,0.154751062393,1
75,0,0.153503894806,1
75,0,0.157310009003,1
75,0,0.157480955124,1
75,0,0.155385971069,1
75,0,0.159499883652,1
75,0,0.153653860092,1
75,0,0.184677839279,1
75,0,0.167578935623,1
75,0,0.181840896606,1
75,0,0.154811859131,1
76,0,0.153215885162,1
76,0,0.161504983902,1
76,0,0.156632184982,1
76,0,0.170047998428,1
76,0,0.158675193787,1
76,0,0.15009188652,1
76,0,0.179402112961,1
76,0,0.155669927597,1
76,0,0.190478086472,1
76,0,0.171519041061,1
77,0,0.153103113174,1
77,0,0.158257007599,1
77,0,0.156588077545,1
77,0,0.155272006989,1
77,0,0.155024051666,1
77,0,0.156546115875,1
77,0,0.19007897377,1
77,0,0.150496959686,1
77,0,0.185775995255,1
77,0,0.157008171082,1
78,0,0.153123140335,1
78,0,0.153657197952,1
78,0,0.160662889481,1
78,0,0.158447027206,1
78,0,0.157114028931,1
78,0,0.152037858963,1
78,0,0.187641859055,1
78,0,0.1540620327,1
78,0,0.180418968201,1
78,0,0.15443110466,1
79,0,0.155925035477,1
79,0,0.154304981232,1
79,0,0.157305002213,1
79,0,0.16387295723,1
79,0,0.160473823547,1
79,0,0.153650999069,1
79,0,0.180979967117,1
79,0,0.153766870499,1
79,0,0.186942100525,1
79,0,0.152275085449,1
80,0,0.194274187088,1
80,0,0.159768104553,1
80,0,0.164931058884,1
80,0,0.193329811096,1
80,0,0.197014093399,1
80,0,0.187370061874,1
80,0,0.18994808197,1
80,0,0.156571865082,1
80,0,0.201288938522,1
80,0,0.197443008423,1
81,0,0.204757928848,1
81,0,0.164634943008,1
81,0,0.162461996078,1
81,0,0.188709974289,1
81,0,0.198830127716,1
81,0,0.192728042603,1
81,0,0.188923120499,1
81,0,0.164701938629,1
81,0,0.18848991394,1
81,0,0.19762802124,1
82,0,0.198067903519,1
82,0,0.167086839676,1
82,0,0.158596992493,1
82,0,0.200540065765,1
82,0,0.200522899628,1
82,0,0.192092180252,1
82,0,0.187814950943,1
82,0,0.159641027451,1
82,0,0.194072961807,1
82,0,0.193804979324,1
83,0,0.205971956253,1
83,0,0.160582065582,1
83,0,0.158350944519,1
83,0,0.192466974258,1
83,0,0.201510906219,1
83,0,0.194538116455,1
83,0,0.189689159393,1
83,0,0.156450986862,1
83,0,0.193030118942,1
83,0,0.195168972015,1
84,0,0.201318025589,1
84,0,0.168871164322,1
84,0,0.159801959991,1
84,0,0.191787004471,1
84,0,0.194105148315,1
84,0,0.190429925919,1
84,0,0.198047876358,1
84,0,0.166328907013,1
84,0,0.193289041519,1
84,0,0.203200101852,1
85,0,0.1688580513,1
85,0,0.198975086212,1
85,0,0.194614171982,1
85,0,0.216624975204,1
85,0,0.171382188797,1
85,0,0.16959810257,1
85,0,0.186929225922,1
85,0,0.181014060974,1
85,0,0.164659023285,1
85,0,0.173556089401,1
86,0,0.166010856628,1
86,0,0.197156190872,1
86,0,0.199100017548,1
86,0,0.209578037262,1
86,0,0.176754951477,1
86,0,0.175651073456,1
86,0,0.204218864441,1
86,0,0.168384075165,1
86,0,0.16894698143,1
86,0,0.164622068405,1
87,0,0.179875850677,1
87,0,0.19979596138,1
87,0,0.200932025909,1
87,0,0.207736968994,1
87,0,0.16598200798,1
87,0,0.177103996277,1
87,0,0.204586029053,1
87,0,0.171304941177,1
87,0,0.166167974472,1
87,0,0.174903154373,1
88,0,0.164186000824,1
88,0,0.224168777466,1
88,0,0.196547031403,1
88,0,0.214190006256,1
88,0,0.16273188591,1
88,0,0.168137073517,1
88,0,0.193346977234,1
88,0,0.164546012878,1
88,0,0.163707971573,1
88,0,0.160798072815,1
89,0,0.166703939438,1
89,0,0.192098140717,1
89,0,0.201076030731,1
89,0,0.198206186295,1
89,0,0.16499209404,1
89,0,0.157133102417,1
89,0,0.191479921341,1
89,0,0.172201871872,1
89,0,0.162587881088,1
89,0,0.167238950729,1
90,0,0.193138122559,1
90,0,0.173699140549,1
90,0,0.176974058151,1
90,0,0.180474996567,1
90,0,0.172386169434,1
90,0,0.168921947479,1
90,0,0.189178943634,1
90,0,0.218902826309,1
90,0,0.171376943588,1
90,0,0.220306873322,1
91,0,0.170091867447,1
91,0,0.172330856323,1
91,0,0.177158117294,1
91,0,0.172763109207,1
91,0,0.178489923477,1
91,0,0.175168991089,1
91,0,0.185050010681,1
91,0,0.208232164383,1
91,0,0.173856973648,1
91,0,0.222196102142,1
92,0,0.176311969757,1
92,0,0.17402100563,1
92,0,0.199530124664,1
92,0,0.173916816711,1
92,0,0.170472860336,1
92,0,0.171888828278,1
92,0,0.172895908356,1
92,0,0.210172891617,1
92,0,0.179711103439,1
92,0,0.288717985153,1
93,0,0.197691917419,1
93,0,0.172501087189,1
93,0,0.176995992661,1
93,0,0.178988933563,1
93,0,0.172389030457,1
93,0,0.174796104431,1
93,0,0.174254894257,1
93,0,0.206645965576,1
93,0,0.179327964783,1
93,0,0.219407081604,1
94,0,0.173179149628,1
94,0,0.177962779999,1
94,0,0.176496982574,1
94,0,0.180253982544,1
94,0,0.174456119537,1
94,0,0.169749975204,1
94,0,0.174680948257,1
94,0,0.199445009232,1
94,0,0.178828954697,1
94,0,0.225553035736,1
95,0,0.214432954788,1
95,0,0.229612827301,1
95,0,0.209728956223,1
95,0,0.217106103897,1
95,0,0.221869945526,1
95,0,0.196400880814,1
95,0,0.228661060333,1
95,0,0.184914112091,1
95,0,0.223558187485,1
95,0,0.211114168167,1
96,0,0.238469839096,1
96,0,0.222826957703,1
96,0,0.22115111351,1
96,0,0.213227987289,1
96,0,0.222095966339,1
96,0,0.179544210434,1
96,0,0.226922988892,1
96,0,0.175288915634,1
96,0,0.231076002121,1
96,0,0.214917898178,1
97,0,0.210798978806,1
97,0,0.211037874222,1
97,0,0.216081142426,1
97,0,0.2112159729,1
97,0,0.234147071838,1
97,0,0.180017948151,1
97,0,0.221148967743,1
97,0,0.176577091217,1
97,0,0.228444814682,1
97,0,0.233163833618,1
98,0,0.210425138474,1
98,0,0.215090990067,1
98,0,0.21485209465,1
98,0,0.221853971481,1
98,0,0.216979026794,1
98,0,0.184634923935,1
98,0,0.231765031815,1
98,0,0.179363965988,1
98,0,0.228121042252,1
98,0,0.220229148865,1
99,0,0.2123939991,1
99,0,0.222341060638,1
99,0,0.208121776581,1
99,0,0.219161987305,1
99,0,0.226464033127,1
99,0,0.183707237244,1
99,0,0.232931852341,1
99,0,0.180362939835,1
99,0,0.234442949295,1
99,0,0.214504003525,1
100,0,0.223029851913,1
100,0,0.222321033478,1
100,0,0.222691059113,1
100,0,0.193339109421,1
100,0,0.237185955048,1
100,0,0.230599880219,1
100,0,0.224899053574,1
100,0,0.226145982742,1
100,0,0.234405994415,1
100,0,0.22682595253,1
101,0,0.234528064728,1
101,0,0.233570098877,1
101,0,0.222338199615,1
101,0,0.193129062653,1
101,0,0.21981883049,1
101,0,0.226802110672,1
101,0,0.222002983093,1
101,0,0.236612796783,1
101,0,0.214284181595,1
101,0,0.23267698288,1
102,0,0.223824977875,1
102,0,0.226380109787,1
102,0,0.233528852463,1
102,0,0.183003902435,1
102,0,0.234172105789,1
102,0,0.22567486763,1
102,0,0.24189209938,1
102,0,0.224488019943,1
102,0,0.222124814987,1
102,0,0.223871946335,1
103,0,0.226105928421,1
103,0,0.23872089386,1
103,0,0.222206830978,1
103,0,0.180447101593,1
103,0,0.229532957077,1
103,0,0.236343860626,1
103,0,0.235063076019,1
103,0,0.235888004303,1
103,0,0.226739168167,1
103,0,0.234210968018,1
104,0,0.171755075455,1
