0,0,0.0588178634644,1
0,0,0.0592219829559,1
0,0,0.0548460483551,1
0,0,0.0592238903046,1
0,0,0.0578708648682,1
0,0,0.0574171543121,1
0,0,0.0634589195251,1
0,0,0.0612659454346,1
0,0,0.0594539642334,1
0,0,0.0599129199982,1
1,0,0.0627899169922,1
1,0,0.0648508071899,1
1,0,0.0624709129333,1
1,0,0.067981004715,1
1,0,0.0635249614716,1
1,0,0.0667741298676,1
1,0,0.0661430358887,1
1,0,0.0656759738922,1
1,0,0.0657041072845,1
1,0,0.0671989917755,1
2,0,0.067498922348,1
2,0,0.0677030086517,1
2,0,0.0670530796051,1
2,0,0.0691320896149,1
2,0,0.0616810321808,1
2,0,0.0647211074829,1
2,0,0.0656080245972,1
2,0,0.0645530223846,1
2,0,0.0700659751892,1
2,0,0.0671210289001,1
3,0,0.0652210712433,1
3,0,0.0663201808929,1
3,0,0.0654640197754,1
3,0,0.0652468204498,1
3,0,0.0633277893066,1
3,0,0.0663650035858,1
3,0,0.0648939609528,1
3,0,0.0668151378632,1
3,0,0.0679528713226,1
3,0,0.0654039382935,1
4,0,0.0649290084839,1
4,0,0.071604013443,1
4,0,0.0680208206177,1
4,0,0.0698549747467,1
4,0,0.0662260055542,1
4,0,0.066901922226,1
4,0,0.0694499015808,1
4,0,0.067015171051,1
4,0,0.0674381256104,1
4,0,0.0734729766846,1
5,0,0.0747580528259,1
5,0,0.0753908157349,1
5,0,0.0734860897064,1
5,0,0.0709159374237,1
5,0,0.0747110843658,1
5,0,0.0749020576477,1
5,0,0.0722608566284,1
5,0,0.0685610771179,1
5,0,0.0723469257355,1
5,0,0.0730490684509,1
6,0,0.083832025528,1
6,0,0.073982000351,1
6,0,0.0688281059265,1
6,0,0.0712039470673,1
6,0,0.0742440223694,1
6,0,0.0729279518127,1
6,0,0.0695631504059,1
6,0,0.0700860023499,1
6,0,0.0723741054535,1
6,0,0.0737528800964,1
7,0,0.0679559707642,1
7,0,0.0814518928528,1
7,0,0.0687861442566,1
7,0,0.0740728378296,1
7,0,0.0754799842834,1
7,0,0.0754640102386,1
7,0,0.081531047821,1
7,0,0.0695779323578,1
7,0,0.0698628425598,1
7,0,0.0717680454254,1
8,0,0.0713608264923,1
8,0,0.0741431713104,1
8,0,0.0718059539795,1
8,0,0.0756931304932,1
8,0,0.0728659629822,1
8,0,0.0745351314545,1
8,0,0.0724339485168,1
8,0,0.0781800746918,1
8,0,0.0733780860901,1
8,0,0.0721378326416,1
9,0,0.0695240497589,1
9,0,0.0772368907928,1
9,0,0.0723540782928,1
9,0,0.0771851539612,1
9,0,0.0758662223816,1
9,0,0.0751891136169,1
9,0,0.0731339454651,1
9,0,0.0677230358124,1
9,0,0.0700109004974,1
9,0,0.0734310150146,1
10,0,0.0798349380493,1
10,0,0.0847799777985,1
10,0,0.0773859024048,1
10,0,0.080493927002,1
10,0,0.083792924881,1
10,0,0.0773689746857,1
10,0,0.0769779682159,1
10,0,0.0772478580475,1
10,0,0.075345993042,1
10,0,0.0782930850983,1
11,0,0.0812220573425,1
11,0,0.0837531089783,1
11,0,0.0756661891937,1
11,0,0.0821049213409,1
11,0,0.0842401981354,1
11,0,0.076554775238,1
11,0,0.0771369934082,1
11,0,0.0778279304504,1
11,0,0.0778660774231,1
11,0,0.0810000896454,1
12,0,0.0802409648895,1
12,0,0.0824768543243,1
12,0,0.0779490470886,1
12,0,0.0807209014893,1
12,0,0.0819020271301,1
12,0,0.0789680480957,1
12,0,0.0787699222565,1
12,0,0.0816822052002,1
12,0,0.0803680419922,1
12,0,0.0857739448547,1
13,0,0.0807800292969,1
13,0,0.0862340927124,1
13,0,0.0812439918518,1
13,0,0.0830509662628,1
13,1,0.0896129608154,1
13,0,0.0779848098755,1
13,0,0.0786051750183,1
13,0,0.0797941684723,1
13,0,0.0827760696411,1
13,0,0.0840260982513,1
14,0,0.0807530879974,1
14,0,0.0846960544586,1
14,0,0.0764241218567,1
14,0,0.089714050293,1
14,0,0.0850558280945,1
14,0,0.0805449485779,1
14,0,0.080756187439,1
14,0,0.0767319202423,1
14,0,0.0811250209808,1
14,0,0.0790920257568,1
