0,0,0.133129119873,15
0,0,0.1393430233,15
0,0,0.132097005844,15
0,0,0.130650043488,15
0,0,0.130914926529,15
0,0,0.126647949219,15
0,0,0.128753900528,15
0,0,0.130326986313,15
0,0,0.129346847534,15
0,0,0.126896858215,15
1,0,0.140730857849,15
1,0,0.137248039246,15
1,0,0.501332044601,87
1,0,0.511987924576,87
1,0,0.138216018677,15
1,0,0.13503408432,15
1,0,0.52848315239,87
1,0,0.145826101303,15
1,0,0.134572982788,15
1,0,0.141984939575,15
2,0,0.509871006012,87
2,0,0.140419006348,15
2,5,1.63126015663,231
2,5,1.60756111145,231
2,0,0.512193918228,87
2,0,0.133785009384,15
2,5,1.58169412613,231
2,0,0.138479948044,15
2,0,0.135173082352,15
2,0,0.517992019653,87
3,0,0.49639582634,87
3,0,0.138906002045,15
3,6,587.680166006,233
