0,0,0.0670478343964,1
0,0,0.0645360946655,1
0,0,0.0709500312805,1
0,0,0.0629649162292,1
0,0,0.061665058136,1
0,0,0.0605461597443,1
0,0,0.0645310878754,1
0,0,0.0594851970673,1
0,0,0.0589849948883,1
0,0,0.0570869445801,1
1,0,0.0561230182648,1
1,0,0.0647239685059,1
1,0,0.0610368251801,1
1,0,0.0625689029694,1
1,0,0.0614728927612,1
1,0,0.0625350475311,1
1,0,0.061527967453,1
1,0,0.0628261566162,1
1,0,0.0628719329834,1
1,0,0.0680708885193,1
2,0,0.0616929531097,1
2,0,0.0625829696655,1
2,0,0.0645108222961,1
2,0,0.0619931221008,1
2,0,0.0644080638885,1
2,0,0.0624120235443,1
2,0,0.0636370182037,1
2,0,0.0621829032898,1
2,0,0.0643448829651,1
2,0,0.0624599456787,1
3,0,0.0643200874329,1
3,0,0.0650360584259,1
3,0,0.0689370632172,1
3,0,0.0615801811218,1
3,0,0.0635058879852,1
3,0,0.0629980564117,1
3,0,0.06463098526,1
3,0,0.0699150562286,1
3,0,0.0642669200897,1
3,0,0.0659611225128,1
4,0,0.0684661865234,1
4,0,0.0768210887909,1
4,0,0.0661208629608,1
4,0,0.0680890083313,1
4,0,0.0661768913269,1
4,0,0.0623509883881,1
4,0,0.0666658878326,1
4,0,0.0667741298676,1
4,0,0.068904876709,1
4,0,0.0648381710052,1
5,0,0.0802509784698,1
5,0,0.0737679004669,1
5,0,0.0763709545135,1
5,0,0.0758099555969,1
5,0,0.0712962150574,1
5,0,0.073089838028,1
5,0,0.0728361606598,1
5,0,0.0674800872803,1
5,0,0.0719108581543,1
5,0,0.0715210437775,1
6,0,0.0707590579987,1
6,0,0.069883108139,1
6,0,0.0759339332581,1
6,0,0.0800321102142,1
6,0,0.0699560642242,1
6,0,0.0728611946106,1
6,0,0.074658870697,1
6,0,0.0700631141663,1
6,0,0.071918964386,1
6,0,0.07155585289,1
7,0,0.0726408958435,1
7,0,0.0786519050598,1
7,0,0.0773978233337,1
7,0,0.0728960037231,1
7,0,0.0702471733093,1
7,0,0.0752289295197,1
7,0,0.0716910362244,1
7,0,0.0726940631866,1
7,0,0.0720319747925,1
7,0,0.0721378326416,1
8,0,0.070897102356,1
8,0,0.072625875473,1
8,0,0.0797259807587,1
8,0,0.0725929737091,1
8,0,0.0706400871277,1
8,0,0.0715420246124,1
8,0,0.0729310512543,1
8,0,0.0699951648712,1
8,0,0.0754179954529,1
8,0,0.0734150409698,1
9,0,0.0724828243256,1
9,0,0.0746638774872,1
9,0,0.0768649578094,1
9,0,0.0730810165405,1
9,0,0.0712080001831,1
9,0,0.074991941452,1
9,0,0.0763468742371,1
9,0,0.0704338550568,1
9,0,0.0751440525055,1
9,0,0.0765650272369,1
10,0,0.075325012207,1
10,0,0.0787858963013,1
10,0,0.0768799781799,1
10,0,0.0801520347595,1
10,0,0.0786869525909,1
10,0,0.0785961151123,1
10,0,0.0803108215332,1
10,0,0.0779590606689,1
10,0,0.0826239585876,1
10,0,0.0863559246063,1
11,0,0.0809531211853,1
11,0,0.0830628871918,1
11,0,0.0811648368835,1
11,0,0.0831689834595,1
11,0,0.0857558250427,1
11,0,0.0791628360748,1
11,0,0.0842838287354,1
11,0,0.0825290679932,1
11,0,0.0787150859833,1
11,0,0.080708026886,1
12,0,0.0826959609985,1
12,0,0.0836350917816,1
12,0,0.0772290229797,1
12,0,0.083419084549,1
12,0,0.0902190208435,1
12,0,0.081179857254,1
12,0,0.0867350101471,1
12,0,0.0807859897614,1
12,0,0.0840749740601,1
12,0,0.0829880237579,1
13,0,0.0800619125366,1
13,0,0.0795559883118,1
13,0,0.0780799388885,1
13,0,0.0835149288177,1
13,0,0.0801119804382,1
13,0,0.0786828994751,1
13,0,0.082170009613,1
13,0,0.0768930912018,1
13,0,0.0837261676788,1
13,0,0.0819790363312,1
14,0,0.0772800445557,1
14,0,0.0802690982819,1
14,0,0.0770978927612,1
14,0,0.0878598690033,1
14,0,0.0828680992126,1
14,0,0.0812749862671,1
14,0,0.0870888233185,1
14,0,0.0807070732117,1
14,0,0.0802021026611,1
14,0,0.0809140205383,1
15,0,0.0904150009155,1
15,0,0.0911829471588,1
15,0,0.0857911109924,1
15,0,0.0859000682831,1
15,0,0.0835518836975,1
15,0,0.0874450206757,1
15,0,0.0847020149231,1
15,0,0.0871541500092,1
15,0,0.0848920345306,1
15,0,0.0826699733734,1
16,0,0.0886058807373,1
16,0,0.0841059684753,1
16,0,0.0786049365997,1
16,0,0.0828418731689,1
16,0,0.0791289806366,1
16,0,0.0782887935638,1
16,0,0.0770981311798,1
16,0,0.0866169929504,1
16,0,0.0811760425568,1
16,0,0.0787000656128,1
17,0,0.0851981639862,1
17,0,0.0870308876038,1
17,0,0.0782201290131,1
17,0,0.0848250389099,1
17,0,0.0774848461151,1
17,0,0.0777461528778,1
17,0,0.0806879997253,1
17,0,0.0861420631409,1
17,0,0.078341960907,1
17,0,0.0777690410614,1
18,0,0.0822479724884,1
18,0,0.0845508575439,1
18,0,0.0821480751038,1
18,0,0.0884480476379,1
18,0,0.0796217918396,1
18,0,0.08154296875,1
18,0,0.0836818218231,1
18,0,0.0838940143585,1
18,0,0.0798940658569,1
18,0,0.0777549743652,1
19,0,0.0844719409943,1
19,0,0.0841469764709,1
19,0,0.0793790817261,1
19,0,0.0841419696808,1
19,0,0.080785036087,1
19,0,0.0789549350739,1
19,0,0.078409910202,1
19,0,0.0860669612885,1
19,0,0.0809547901154,1
19,0,0.0791079998016,1
20,1,0.0893828868866,1
20,1,0.0934748649597,1
20,0,0.0944581031799,1
20,0,0.0960509777069,1
20,0,0.0899319648743,1
20,1,0.0879418849945,1
20,0,0.0886089801788,1
20,0,0.0889990329742,1
20,0,0.0873410701752,1
20,0,0.0925209522247,1
21,0,0.0944690704346,1
21,0,581.956528187,1
