0,0,0.128191947937,15
0,0,0.131726026535,15
0,0,0.146017074585,15
0,0,0.143898963928,15
0,0,0.138751029968,15
0,0,0.142987012863,15
0,0,0.132973909378,15
0,0,0.132325172424,15
0,0,0.136729001999,15
0,0,0.152260065079,15
1,0,0.147014856339,15
1,0,0.145332098007,15
1,0,0.14076089859,15
1,0,0.600740909576,87
1,0,0.154373168945,15
1,0,0.506504774094,87
1,0,0.518304824829,87
1,0,0.522561788559,87
1,0,0.132519006729,15
1,0,0.135988950729,15
2,0,0.565342903137,87
2,0,0.135634899139,15
2,0,1.63592290878,231
2,0,0.553241968155,87
2,0,0.55037689209,87
2,0,1.80005288124,231
2,0,1.80294489861,231
2,0,1.66090893745,231
2,0,0.132655143738,15
2,0,0.549403905869,87
3,0,0.505852937698,87
3,0,0.2201359272,39
3,0,2.74397706985,327
3,0,2.79904007912,327
3,0,0.978000879288,147
3,0,2.90785694122,327
3,0,2.96453905106,327
3,0,2.80519509315,327
3,0,0.150246143341,15
3,0,2.80859804153,327
4,0,0.14688205719,15
4,0,0.183434009552,15
4,0,0.973425865173,147
4,0,0.985279798508,150
4,0,0.223567962646,39
4,0,3.03030896187,330
4,0,3.38542318344,330
4,0,2.55834102631,330
4,0,0.134975910187,15
4,0,0.231991052628,42
5,0,2.35078716278,327
5,0,0.133452892303,15
5,0,0.129555940628,15
5,0,0.869425058365,147
5,0,1.46356606483,231
5,0,0.128859996796,15
5,0,5.16254115105,579
5,0,0.231380224228,39
5,0,1.50500702858,231
5,0,0.133239984512,15
6,0,4.20481300354,447
6,0,0.134062051773,15
6,0,0.129263877869,15
6,0,2.46749591827,327
6,0,5.58509588242,582
6,0,0.128307104111,15
6,0,0.91580414772,147
6,0,0.136114120483,15
6,0,0.837589979172,147
6,0,0.131166934967,15
7,0,3.79933404922,444
7,0,0.127149820328,15
7,0,0.134402036667,15
7,0,13.9750359058,1092
7,0,5.7126288414,582
7,0,0.134202003479,15
7,0,0.421714067459,81
7,0,0.135588169098,15
7,0,8.36634206772,735
7,0,0.132719993591,15
8,0,5.74663710594,579
8,0,0.134229183197,15
8,0,0.126667976379,15
8,0,0.917062044144,147
8,0,3.55029082298,441
8,0,0.135617017746,15
8,0,2.48787283897,330
8,0,0.835613012314,147
8,0,5.07320713997,441
8,0,0.211250066757,15
9,0,8.63766288757,729
9,0,0.130197048187,15
9,0,0.134736061096,15
9,0,5.48478984833,582
9,0,0.922311067581,150
9,0,0.133450984955,15
9,0,0.417150020599,81
9,0,0.498034000397,87
9,0,13.5812420845,1089
