0,0,0.130925178528,15
0,0,0.130470991135,15
0,0,0.126340150833,15
0,0,0.133252859116,15
0,0,0.127770185471,15
0,0,0.129338979721,15
0,0,0.122761011124,15
0,0,0.129216909409,15
0,0,0.126861095428,15
0,0,0.132560014725,15
1,1,0.532495975494,83
1,0,0.130425930023,15
1,1,0.500555038452,83
1,1,0.516504049301,83
1,1,0.501345872879,83
1,0,0.133898019791,15
1,0,0.135088920593,15
1,0,0.133908987045,15
1,0,0.145399808884,15
1,0,0.131836175919,15
2,1,0.494360208511,83
2,0,0.129698991776,15
2,10,0.63763999939,109
2,10,0.663630008698,109
2,1,0.507323980331,83
2,0,0.133152961731,15
2,0,0.230103969574,39
2,1,0.498533010483,83
2,0,0.211428165436,39
2,0,0.133311033249,15
3,4,0.797006130219,137
3,0,0.135867834091,15
3,10,0.557461023331,109
3,10,0.601011037827,109
3,4,0.79000711441,137
3,0,0.136771917343,15
3,1,0.208014011383,35
3,0,0.212986946106,39
3,1,0.204635858536,35
3,0,0.133554935455,15
4,1,0.197166919708,35
4,0,0.133009910583,15
4,10,0.618699073792,115
4,10,0.560284852982,115
4,1,0.0794191360474,1
4,0,0.137291193008,15
4,11,0.683328151703,119
4,0,0.222750902176,39
4,2,0.381453037262,76
4,0,0.139225006104,15
