0,0,0.0504641532898,1
0,0,0.0494470596313,1
0,0,0.0504539012909,1
0,0,0.0479001998901,1
0,0,0.0494830608368,1
0,0,0.0490810871124,1
0,0,0.0480799674988,1
0,0,0.0477919578552,1
0,0,0.0476388931274,1
0,0,0.049567937851,1
1,0,0.0506761074066,1
1,0,0.0505809783936,1
1,0,0.0517201423645,1
1,0,0.0522949695587,1
1,0,0.0531871318817,1
1,0,0.0511870384216,1
1,0,0.052129983902,1
1,0,0.0518651008606,1
1,0,0.0512139797211,1
1,0,0.0566439628601,1
2,0,0.0518481731415,1
2,0,0.0524508953094,1
2,0,0.0537738800049,1
2,0,0.0581679344177,1
2,0,0.0534870624542,1
2,0,0.054603099823,1
2,0,0.0541489124298,1
2,0,0.0546319484711,1
2,0,0.0524041652679,1
2,0,0.0508120059967,1
3,0,0.0535099506378,1
3,0,0.0523898601532,1
3,0,0.0527510643005,1
3,0,0.0539019107819,1
3,0,0.0517811775208,1
3,0,0.0520780086517,1
3,0,0.0544369220734,1
3,0,0.0581810474396,1
3,0,0.0567970275879,1
3,0,0.0515730381012,1
4,0,0.0549759864807,1
4,0,0.0535628795624,1
4,0,0.0585680007935,1
4,0,0.0535609722137,1
4,0,0.0516738891602,1
4,0,0.0531930923462,1
4,0,0.0535349845886,1
4,0,0.0569069385529,1
4,0,0.0565221309662,1
4,0,0.0529000759125,1
5,0,0.0625121593475,1
5,0,0.0609049797058,1
5,0,0.0615520477295,1
5,0,0.0593290328979,1
5,0,0.0643899440765,1
5,0,0.0601389408112,1
5,0,0.06019282341,1
5,0,0.0597879886627,1
5,0,0.0621728897095,1
5,0,0.0600960254669,1
6,0,0.0611500740051,1
6,0,0.0624070167542,1
6,0,0.0619249343872,1
6,0,0.0605800151825,1
6,0,0.0618090629578,1
6,0,0.065623998642,1
6,0,0.0635390281677,1
6,0,0.0595648288727,1
6,0,0.0635678768158,1
6,0,0.0615270137787,1
7,0,0.0625400543213,1
7,0,0.0610108375549,1
7,0,0.0600919723511,1
7,0,0.0614960193634,1
7,0,0.0646731853485,1
7,0,0.0608990192413,1
7,0,0.0624520778656,1
7,0,0.0604560375214,1
7,0,0.0636768341064,1
7,0,0.0618469715118,1
8,0,0.0625989437103,1
8,0,0.0669758319855,1
8,0,0.0650532245636,1
8,0,0.0622498989105,1
8,0,0.0655920505524,1
8,0,0.0631470680237,1
8,0,0.0630729198456,1
8,0,0.0622880458832,1
8,0,0.0669250488281,1
8,0,0.0650658607483,1
9,0,0.0627930164337,1
9,0,0.0640110969543,1
9,0,0.0645461082458,1
9,0,0.0623481273651,1
9,0,0.0644500255585,1
9,0,0.0632569789886,1
9,0,0.0639359951019,1
9,0,0.0657291412354,1
9,0,0.0643658638,1
9,0,0.0628888607025,1
10,0,0.067999124527,1
10,0,0.0676469802856,1
10,0,0.0674600601196,1
10,0,0.0678918361664,1
10,0,0.0670499801636,1
10,0,0.0682139396667,1
10,0,0.0699281692505,1
10,0,0.0657370090485,1
10,0,0.069168806076,1
10,0,0.067006111145,1
11,0,0.0671429634094,1
11,0,0.0697939395905,1
11,0,0.0691289901733,1
11,0,0.0700168609619,1
11,0,0.0641498565674,1
11,0,0.0715792179108,1
11,0,0.0687580108643,1
11,0,0.0653250217438,1
11,0,0.067804813385,1
11,0,0.0674600601196,1
12,0,0.0691699981689,1
12,0,0.0749311447144,1
12,0,0.0705549716949,1
12,0,0.0704779624939,1
12,0,0.0656728744507,1
12,0,0.0701899528503,1
12,0,0.068363904953,1
12,0,0.0671920776367,1
12,0,0.0691220760345,1
12,0,0.0663359165192,1
13,0,0.0670020580292,1
13,0,0.0673499107361,1
13,0,0.0673460960388,1
13,0,0.0781471729279,1
13,0,0.0729811191559,1
13,0,0.0838959217072,1
13,0,0.0681631565094,1
13,0,0.0671420097351,1
13,0,0.0700709819794,1
13,0,0.0666129589081,1
14,0,0.066113948822,1
14,0,0.0680680274963,1
14,0,0.0679609775543,1
14,0,0.0708978176117,1
14,0,0.0680069923401,1
14,0,0.0733690261841,1
14,0,0.0691068172455,1
14,0,0.0662920475006,1
14,0,0.0689470767975,1
14,0,0.065994977951,1
15,0,0.0774500370026,1
15,0,0.0767960548401,1
15,0,0.0763659477234,1
15,0,0.0731880664825,1
15,0,0.0748529434204,1
15,0,0.0777728557587,1
15,0,0.0763900279999,1
15,0,0.0739018917084,1
15,0,0.0849800109863,1
15,0,0.0767159461975,1
16,0,0.0793399810791,1
16,0,0.0785388946533,1
16,0,0.0785119533539,1
16,0,0.0716590881348,1
16,0,0.0735359191895,1
16,0,0.0773839950562,1
16,0,0.0798590183258,1
16,0,0.0735719203949,1
16,0,0.0774259567261,1
16,0,0.0783598423004,1
17,0,0.0777668952942,1
17,0,0.0799381732941,1
17,0,0.0770189762115,1
17,0,0.0731098651886,1
17,0,0.0735800266266,1
17,0,0.0782861709595,1
17,0,0.0782248973846,1
17,0,0.0736830234528,1
17,0,0.0772199630737,1
17,0,0.0790340900421,1
18,0,0.0786337852478,1
18,0,0.077378988266,1
18,0,0.0827169418335,1
18,0,0.081582069397,1
18,0,0.084321975708,1
18,0,0.0856919288635,1
18,0,0.0888810157776,1
18,0,0.0974509716034,1
18,0,0.0792429447174,1
18,0,0.0773270130157,1
19,0,0.0803771018982,1
19,0,0.0792551040649,1
19,0,0.0797679424286,1
19,0,0.0731139183044,1
19,0,0.0783228874207,1
19,0,0.0818560123444,1
19,0,0.0895290374756,1
19,0,0.0771851539612,1
19,0,0.0842809677124,1
19,0,0.0779020786285,1
20,0,0.0858490467072,1
20,0,0.0793190002441,1
20,0,0.0872941017151,1
20,0,0.0866949558258,1
20,0,0.0832369327545,1
20,0,0.085697889328,1
20,0,0.0788779258728,1
20,0,0.08455991745,1
20,0,0.0774199962616,1
20,0,0.0835750102997,1
21,0,0.0896611213684,1
21,0,0.0806608200073,1
21,0,0.0845348834991,1
21,0,0.0848979949951,1
21,0,0.0875198841095,1
21,0,0.0938739776611,1
21,0,0.0785629749298,1
21,0,0.089017868042,1
21,0,0.0790190696716,1
21,0,0.0831727981567,1
22,0,0.0900208950043,1
22,0,0.0808510780334,1
22,0,0.0867478847504,1
22,0,0.0859520435333,1
22,0,0.085963010788,1
22,0,0.0839898586273,1
22,0,0.0822479724884,1
22,0,0.0848851203918,1
22,0,0.0783450603485,1
22,0,0.0820600986481,1
23,0,0.0884778499603,1
23,0,0.0797080993652,1
23,0,0.0865190029144,1
23,0,0.0843939781189,1
23,0,0.089998960495,1
23,0,0.0891718864441,1
23,0,0.0795071125031,1
23,0,0.0848948955536,1
23,0,0.0839178562164,1
23,0,0.0822689533234,1
24,0,0.0902719497681,1
24,0,0.0839219093323,1
24,0,0.084793806076,1
24,0,0.0862531661987,1
24,0,0.0883131027222,1
24,0,0.084380865097,1
24,0,0.0780928134918,1
24,0,0.0846199989319,1
24,0,0.0781970024109,1
24,0,0.0788650512695,1
25,0,0.0904979705811,1
25,0,0.0928919315338,1
25,0,0.0929179191589,1
25,0,0.091747045517,1
25,0,0.091737985611,1
25,0,0.0841648578644,1
25,0,0.094428062439,1
25,0,0.0978629589081,1
25,0,0.0842590332031,1
25,0,0.0840969085693,1
26,0,0.094260931015,1
26,0,0.0915479660034,1
26,0,0.0935361385345,1
26,0,0.0927398204803,1
26,0,0.0883519649506,1
26,0,0.088926076889,1
26,0,0.0936930179596,1
26,0,0.0937819480896,1
26,0,0.0906798839569,1
26,0,0.0829720497131,1
27,0,0.0928430557251,1
27,0,0.0945479869843,1
27,0,0.0929870605469,1
27,0,0.0955610275269,1
27,0,0.0835919380188,1
27,0,0.084422826767,1
27,0,0.0936970710754,1
27,0,0.0952088832855,1
27,0,0.0837159156799,1
27,0,0.0943760871887,1
28,0,0.0951251983643,1
28,0,0.0962979793549,1
28,0,0.0931069850922,1
28,0,0.094144821167,1
28,0,0.0869657993317,1
28,0,0.0863828659058,1
28,0,0.0958471298218,1
28,0,0.0928900241852,1
28,0,0.0852060317993,1
28,0,0.0895051956177,1
29,0,0.101444005966,1
29,0,0.0943908691406,1
29,0,0.0947301387787,1
29,0,0.0945811271667,1
29,0,0.0836799144745,1
29,0,0.0849130153656,1
29,0,0.0967650413513,1
29,0,0.0910110473633,1
29,0,0.0844070911407,1
29,0,0.0852468013763,1
30,0,0.0977668762207,1
30,0,0.0917558670044,1
30,0,0.101882219315,1
30,0,0.0989611148834,1
30,0,0.103969097137,1
30,0,0.0922901630402,1
30,0,0.104617834091,1
30,0,0.102680206299,1
30,0,0.102343082428,1
30,0,0.101797819138,1
31,0,0.101682901382,1
31,0,0.0915369987488,1
31,0,0.104959964752,1
31,0,0.100239038467,1
31,0,0.101321935654,1
31,0,0.0921859741211,1
31,0,0.110397100449,1
31,0,0.104911088943,1
31,0,0.101681947708,1
31,0,0.100682973862,1
32,0,0.103137969971,1
32,0,0.0896580219269,1
32,0,0.100461006165,1
32,0,0.100850105286,1
32,0,0.105127096176,1
32,0,0.105969905853,1
32,0,0.120700836182,1
32,0,0.102632045746,1
32,0,0.0975520610809,1
32,0,0.102246999741,1
33,0,0.0985381603241,1
33,0,0.0907049179077,1
33,0,0.103250026703,1
33,0,0.0997400283813,1
33,0,0.10204911232,1
33,0,0.0914251804352,1
33,0,0.106751918793,1
33,0,0.105396032333,1
33,0,0.0997140407562,1
33,0,0.0996968746185,1
34,0,0.102255105972,1
34,0,0.0909690856934,1
34,0,0.102683067322,1
34,0,0.102229118347,1
34,0,0.102458000183,1
34,0,0.0916850566864,1
34,0,0.11642408371,1
34,0,0.103399038315,1
34,0,0.102195978165,1
34,0,0.103778839111,1
35,0,0.0988690853119,1
35,0,0.108494997025,1
35,0,0.106701135635,1
35,0,0.108391046524,1
35,0,0.0981428623199,1
35,0,0.104207992554,1
35,0,0.10725402832,1
35,0,0.107719898224,1
35,0,0.10822892189,1
35,0,0.105551958084,1
36,0,0.0990130901337,1
36,0,0.0995049476624,1
36,0,0.110165119171,1
36,0,0.111282110214,1
36,0,0.0966701507568,1
36,0,0.0980379581451,1
36,0,0.105385065079,1
36,0,0.110739946365,1
36,0,0.109171152115,1
36,0,0.105554819107,1
37,0,0.108623981476,1
37,0,0.0965139865875,1
37,0,0.109200000763,1
37,0,0.105851888657,1
37,0,0.0970799922943,1
37,0,0.098258972168,1
37,0,0.108756065369,1
37,0,0.114511966705,1
37,0,0.108226060867,1
37,0,0.105065107346,1
38,0,0.101698875427,1
38,0,0.0981459617615,1
38,0,0.10865187645,1
38,0,0.107005834579,1
38,0,0.0985109806061,1
38,0,0.0965430736542,1
38,0,0.106477975845,1
38,0,0.111911058426,1
38,0,0.10534787178,1
38,0,0.11251115799,1
39,0,0.097238779068,1
39,0,0.0974929332733,1
39,0,0.107839107513,1
39,0,0.107103824615,1
39,0,0.0970010757446,1
39,0,0.0939419269562,1
39,0,0.106828927994,1
39,0,0.106500864029,1
39,0,0.11036491394,1
39,0,0.115518808365,1
40,0,0.12292098999,1
40,0,0.122425079346,1
40,0,0.103677034378,1
40,0,0.101282835007,1
40,0,0.12948513031,1
40,0,0.113405942917,1
40,0,0.122256040573,1
40,0,0.112962007523,1
40,0,0.115185976028,1
40,0,0.114320993423,1
41,0,0.13179898262,1
41,0,0.127002954483,1
41,0,0.103245973587,1
41,0,0.106635808945,1
41,0,0.116307973862,1
41,0,0.11696600914,1
41,0,0.115190029144,1
41,0,0.115840911865,1
41,0,0.115089178085,1
41,0,0.113178014755,1
42,0,0.123598098755,1
42,0,0.134065151215,1
42,0,0.103121042252,1
42,0,0.105720996857,1
42,0,0.117540121078,1
42,0,0.119034051895,1
42,0,0.122205972672,1
42,0,0.114331007004,1
42,0,0.115429162979,1
42,0,0.115056037903,1
43,0,0.126498937607,1
43,0,0.126382112503,1
43,0,0.103955984116,1
43,0,0.101290941238,1
43,0,0.113458871841,1
43,0,0.113298177719,1
43,0,0.122454881668,1
43,0,0.118196964264,1
43,0,0.121310949326,1
43,0,0.116667032242,1
44,0,0.12944984436,1
44,0,0.129009962082,1
44,0,0.107136011124,1
44,0,0.102282047272,1
44,0,0.115170001984,1
44,0,0.117545127869,1
44,0,0.116572141647,1
44,0,0.119494915009,1
44,0,0.113692045212,1
44,0,0.116050958633,1
45,0,0.135905981064,1
45,0,0.141529083252,1
45,0,0.126473903656,1
45,0,0.15373301506,1
45,0,0.143877029419,1
45,0,0.146727085114,1
45,0,0.146510124207,1
45,0,0.120633125305,1
45,0,0.108356952667,1
45,0,0.123227834702,1
46,0,0.131513834,1
46,0,0.110648870468,1
46,0,0.110008001328,1
46,0,0.114112138748,1
46,0,0.118543863297,1
46,0,0.124111890793,1
46,0,0.151109933853,1
46,0,0.166765213013,1
46,0,0.119601011276,1
46,0,0.124387025833,1
47,0,0.131204128265,1
47,0,0.107847929001,1
47,0,0.11115694046,1
47,0,0.120409965515,1
47,0,0.123459100723,1
47,0,0.112203121185,1
47,0,0.130906105042,1
47,0,0.122752904892,1
47,0,0.107985973358,1
47,0,0.11785697937,1
48,0,0.132081031799,1
48,0,0.112818002701,1
48,0,0.109634876251,1
48,0,0.126708030701,1
48,0,0.125471115112,1
48,0,0.11309504509,1
48,0,0.131721019745,1
48,0,0.123167037964,1
48,0,0.109716892242,1
48,0,0.121761083603,1
49,0,0.132338047028,1
49,0,0.113028049469,1
49,0,0.110010147095,1
49,0,0.123581171036,1
49,0,0.124342918396,1
49,0,0.110975027084,1
49,0,0.132779836655,1
49,0,0.127503156662,1
49,0,0.110240936279,1
49,0,0.132550001144,1
50,0,0.131091117859,1
50,0,0.115058898926,1
50,0,0.114364147186,1
50,0,0.131371974945,1
50,0,0.132214069366,1
50,0,0.131928920746,1
50,0,0.11737704277,1
50,0,0.125817060471,1
50,0,0.114138126373,1
50,0,0.139008998871,1
51,0,0.126857995987,1
51,0,0.122357130051,1
51,0,0.126057863235,1
51,0,0.131193876266,1
51,0,0.130748987198,1
51,0,0.126389980316,1
51,0,0.116817951202,1
51,0,0.134835004807,1
51,0,0.115890026093,1
51,0,0.144414186478,1
52,0,0.133854150772,1
52,0,0.116065979004,1
52,0,0.114850997925,1
52,0,0.12774515152,1
52,0,0.129750967026,1
52,0,0.128767967224,1
52,0,0.116828918457,1
52,0,0.128743886948,1
52,0,0.121789932251,1
52,0,0.141055107117,1
53,0,0.130393981934,1
53,0,0.116904973984,1
53,0,0.114739894867,1
53,0,0.129390001297,1
53,0,0.130488872528,1
53,0,0.13654088974,1
53,0,0.12020277977,1
53,0,0.131949901581,1
53,0,0.113759040833,1
53,0,0.140085935593,1
54,0,0.128937005997,1
54,0,0.115628004074,1
54,0,0.115103006363,1
54,0,0.135185003281,1
54,0,0.135640859604,1
54,0,0.133852958679,1
54,0,0.117357969284,1
54,0,0.134943008423,1
54,0,0.115036010742,1
54,0,0.141891002655,1
55,0,0.12372303009,1
55,0,0.125544786453,1
55,0,0.139102935791,1
55,0,0.143742084503,1
55,0,0.140940189362,1
55,0,0.129927873611,1
55,0,0.124039888382,1
55,0,0.125529050827,1
55,0,0.124423980713,1
55,0,0.123245000839,1
56,0,0.125855922699,1
56,0,0.123595952988,1
56,0,0.144015073776,1
56,0,0.1424741745,1
56,0,0.146554946899,1
56,0,0.124172925949,1
56,0,0.126944065094,1
56,0,0.126529932022,1
56,0,0.126543045044,1
56,0,0.124625921249,1
57,0,0.127722024918,1
57,0,0.154769182205,1
57,0,0.152745008469,1
57,0,0.142910003662,1
57,0,0.143264055252,1
57,0,0.124675035477,1
57,0,0.12424492836,1
57,0,0.122454881668,1
57,0,0.129878997803,1
57,0,0.12676692009,1
58,0,0.127111911774,1
58,0,0.126685142517,1
58,0,0.145606994629,1
58,0,0.147253036499,1
58,0,0.137281894684,1
58,0,0.129959106445,1
58,0,0.122114896774,1
58,0,0.123088121414,1
58,0,0.124933958054,1
58,0,0.122951030731,1
59,0,0.124796152115,1
59,0,0.123178005219,1
59,0,0.148180007935,1
59,0,0.150307893753,1
59,0,0.145323991776,1
59,0,0.1304500103,1
59,0,0.122936010361,1
59,0,0.126723051071,1
59,0,0.122187137604,1
59,0,0.121827125549,1
60,0,0.130433082581,1
60,0,0.146394968033,1
60,0,0.150610923767,1
60,0,0.130310058594,1
60,0,0.134064912796,1
60,0,0.13388299942,1
60,0,0.132436037064,1
60,0,0.148470163345,1
60,0,0.147295951843,1
60,0,0.149851083755,1
61,0,0.136734962463,1
61,0,0.156661987305,1
61,0,0.146239995956,1
61,0,0.127930879593,1
61,0,0.134779930115,1
61,0,0.129984140396,1
61,0,0.133407831192,1
61,0,0.147018909454,1
61,0,0.164880037308,1
61,0,0.157186985016,1
62,0,0.131630897522,1
62,0,0.155791044235,1
62,0,0.159389019012,1
62,0,0.130044937134,1
62,0,0.136858940125,1
62,0,0.129951000214,1
62,0,0.130591869354,1
62,0,0.147257089615,1
62,0,0.152572870255,1
62,0,0.15062379837,1
63,0,0.129662036896,1
63,0,0.149798870087,1
63,0,0.158803939819,1
63,0,0.135680913925,1
63,0,0.132887840271,1
63,0,0.130177974701,1
63,0,0.129791975021,1
63,0,0.149102926254,1
63,0,0.159276008606,1
63,0,0.157086849213,1
64,0,0.131533145905,1
64,0,0.152740001678,1
64,0,0.154757022858,1
64,0,0.13085603714,1
64,0,0.135308980942,1
64,0,0.132076025009,1
64,0,0.133567810059,1
64,0,0.152682065964,1
64,0,0.154053926468,1
64,0,0.152895927429,1
65,0,0.142231941223,1
65,0,0.137693881989,1
65,0,0.136566162109,1
65,0,0.158401966095,1
65,0,0.137820959091,1
65,0,0.136878967285,1
65,0,0.160911083221,1
65,0,0.158979892731,1
65,0,0.135632991791,1
65,0,0.179667949677,1
66,0,0.13743686676,1
66,0,0.140223026276,1
66,0,0.139392852783,1
66,0,0.16675901413,1
66,0,0.136703968048,1
66,0,0.137380123138,1
66,0,0.165389060974,1
66,0,0.157019853592,1
66,0,0.136079072952,1
66,0,0.175805091858,1
67,0,0.13796877861,1
67,0,0.135769128799,1
67,0,0.13710308075,1
67,0,0.15131521225,1
67,0,0.139806032181,1
67,0,0.136206865311,1
67,0,0.169683933258,1
67,0,0.16868185997,1
67,0,0.135032176971,1
67,0,0.175863027573,1
68,0,0.1360039711,1
68,0,0.144566059113,1
68,0,0.150861024857,1
68,0,0.198875904083,1
68,0,0.141150951385,1
68,0,0.137939929962,1
68,0,0.15944814682,1
68,0,0.159192085266,1
68,0,0.137408018112,1
68,0,0.174915075302,1
69,0,0.140070915222,1
69,0,0.149319171906,1
69,0,0.14773607254,1
69,0,0.151343107224,1
69,0,0.1432762146,1
69,0,0.138047933578,1
69,0,0.159289836884,1
69,0,0.160238027573,1
69,0,0.132828950882,1
69,0,0.174198150635,1
70,0,0.177990913391,1
70,0,0.164354085922,1
70,0,0.142440080643,1
70,0,0.165097951889,1
70,0,0.143538951874,1
70,0,0.173737049103,1
70,0,0.143376111984,1
70,0,0.143604040146,1
70,0,0.145616054535,1
70,0,0.142471075058,1
71,0,0.173509120941,1
71,0,0.168692111969,1
71,0,0.144361972809,1
71,0,0.186371088028,1
71,0,0.143006086349,1
71,0,0.174253940582,1
71,0,0.14556312561,1
71,0,0.146420001984,1
71,0,0.149840831757,1
71,0,0.148183107376,1
72,0,0.174860954285,1
72,0,0.163426876068,1
72,0,0.14274096489,1
72,0,0.170129060745,1
72,0,0.134438991547,1
72,0,0.178390026093,1
72,0,0.138193845749,1
72,0,0.135092020035,1
72,0,0.140450000763,1
72,0,0.136816978455,1
73,0,0.164371967316,1
73,0,0.168967008591,1
73,0,0.14360499382,1
73,0,0.165055990219,1
73,0,0.140336990356,1
73,0,0.177075862885,1
73,0,0.139782905579,1
73,0,0.14041686058,1
73,0,0.144958972931,1
73,0,0.148985147476,1
74,0,0.170550823212,1
74,0,0.161054849625,1
74,0,0.141700983047,1
74,0,0.162381887436,1
74,0,0.140425920486,1
74,0,0.176092863083,1
74,0,0.141297101974,1
74,0,0.141472816467,1
74,0,0.141937971115,1
74,0,0.137291193008,1
75,0,0.147945165634,1
75,0,0.173562049866,1
75,0,0.147359848022,1
75,0,0.172652006149,1
75,0,0.171627998352,1
75,0,0.178404092789,1
75,0,0.150650978088,1
75,0,0.149551868439,1
75,0,0.151917934418,1
75,0,0.148814916611,1
76,0,0.148679971695,1
76,0,0.186920881271,1
76,0,0.145848035812,1
76,0,0.177489995956,1
76,0,0.170797109604,1
76,0,0.170607089996,1
76,0,0.150089979172,1
76,0,0.164412021637,1
76,0,0.150316953659,1
76,0,0.150724887848,1
77,0,0.149149894714,1
77,0,0.172164916992,1
77,0,0.144174098969,1
77,0,0.176292181015,1
77,0,0.177461147308,1
77,0,0.183202981949,1
77,0,0.143655061722,1
77,0,0.147154092789,1
77,0,0.147155046463,1
77,0,0.144320011139,1
78,0,0.147260904312,1
78,0,0.16699886322,1
78,0,0.14911198616,1
78,0,0.187105178833,1
78,0,0.181308031082,1
78,0,0.173043012619,1
78,0,0.146823167801,1
78,0,0.147887945175,1
78,0,0.14857506752,1
78,0,0.146436929703,1
79,0,0.149025201797,1
79,0,0.160634994507,1
79,0,0.149699926376,1
79,0,0.178586006165,1
79,0,0.170640945435,1
79,0,0.178045034409,1
79,0,0.149749040604,1
79,0,0.146185874939,1
79,0,0.145472049713,1
79,0,0.158537149429,1
80,0,0.155297040939,1
80,0,0.152409791946,1
80,0,0.166432142258,1
80,0,0.199797868729,1
80,0,0.159922838211,1
80,0,0.15487909317,1
80,0,0.182471990585,1
80,0,0.201386928558,1
80,0,0.181405067444,1
80,0,0.178081989288,1
81,0,0.158720970154,1
81,0,0.157435894012,1
81,0,0.162907123566,1
81,0,0.212886095047,1
81,0,0.158394813538,1
81,0,0.152830839157,1
81,0,0.195109128952,1
81,0,0.201910972595,1
81,0,0.182075977325,1
81,0,0.198990106583,1
82,0,0.156876087189,1
82,0,0.154325008392,1
82,0,0.155068874359,1
82,0,0.198978185654,1
82,0,0.155965089798,1
82,0,0.165606975555,1
82,0,0.183725118637,1
82,0,0.209419965744,1
82,0,0.172988891602,1
82,0,0.175532102585,1
83,0,0.160675048828,1
83,0,0.155044078827,1
83,0,0.153795003891,1
83,0,0.201634168625,1
83,0,0.152550935745,1
83,0,0.150362968445,1
83,0,0.194456100464,1
83,0,0.202904939651,1
83,0,0.180653095245,1
83,0,0.182476997375,1
84,0,0.161834001541,1
84,0,0.153414011002,1
84,0,0.1581158638,1
84,0,0.207119941711,1
84,0,0.154241800308,1
84,0,0.151788949966,1
84,0,0.185804128647,1
84,0,0.208382844925,1
84,0,0.186403036118,1
84,0,0.19167804718,1
85,0,0.163777112961,1
85,0,0.164309978485,1
85,0,0.212405920029,1
85,0,0.209002017975,1
85,0,0.185599088669,1
85,0,0.172964096069,1
85,0,0.166920900345,1
85,0,0.197959899902,1
85,0,0.200795888901,1
85,0,0.167562961578,1
86,0,0.169079065323,1
86,0,0.175065994263,1
86,0,0.220850944519,1
86,0,0.198552846909,1
86,0,0.187722921371,1
86,0,0.160743951797,1
86,0,0.173275947571,1
86,0,0.191356897354,1
86,0,0.227849006653,1
86,0,0.166958093643,1
87,0,0.163218021393,1
87,0,0.160198926926,1
87,0,0.206974983215,1
87,0,0.190698862076,1
87,0,0.184569120407,1
87,0,0.159916162491,1
87,0,0.160734176636,1
87,0,0.188420057297,1
87,0,0.197911977768,1
87,0,0.155765771866,1
88,0,0.158087015152,1
88,0,0.156714916229,1
88,0,0.212308883667,1
88,0,0.199636936188,1
88,0,0.20040512085,1
88,0,0.19841003418,1
88,0,0.185320854187,1
88,0,0.197075843811,1
88,0,0.195589065552,1
88,0,0.168544054031,1
89,0,0.161535024643,1
89,0,0.157850980759,1
89,0,0.214133024216,1
89,0,0.199037075043,1
89,0,0.198648929596,1
89,0,0.160847902298,1
89,0,0.159981012344,1
89,0,0.193659067154,1
89,0,0.197225093842,1
89,0,0.16427397728,1
90,0,0.199928998947,1
90,0,0.208076953888,1
90,0,0.203267812729,1
90,0,0.206499814987,1
90,0,0.173722028732,1
90,0,0.197504997253,1
90,0,0.172393083572,1
90,0,0.180504083633,1
90,0,0.176076173782,1
90,0,0.16428899765,1
91,0,0.197762966156,1
91,0,0.203735113144,1
91,0,0.210283994675,1
91,0,0.199796915054,1
91,0,0.16935801506,1
91,0,0.193292856216,1
91,0,0.172186136246,1
91,0,0.177452087402,1
91,0,0.170624017715,1
91,0,0.170540094376,1
92,0,0.199589014053,1
92,0,0.200007915497,1
92,0,0.210872888565,1
92,0,0.199172973633,1
92,0,0.170455932617,1
92,0,0.195773839951,1
92,0,0.168195009232,1
92,0,0.168975114822,1
92,0,0.179659128189,1
92,0,0.168883085251,1
93,0,0.193670988083,1
93,0,0.201277017593,1
93,0,0.20267701149,1
93,0,0.197127103806,1
93,0,0.172914028168,1
93,0,0.211349964142,1
93,0,0.162841081619,1
93,0,0.172376871109,1
93,0,0.170362949371,1
93,0,0.169751882553,1
94,0,0.21079492569,1
94,0,0.207849025726,1
94,0,0.196616888046,1
94,0,0.202547073364,1
94,0,0.164650201797,1
94,0,0.20001077652,1
94,0,0.185135126114,1
94,0,0.169598817825,1
94,0,0.176747083664,1
94,0,0.165052890778,1
95,0,0.171872138977,1
95,0,0.172061920166,1
95,0,0.234230995178,1
95,0,0.216029882431,1
95,0,0.214106082916,1
95,0,0.206829071045,1
95,0,0.219146966934,1
95,0,0.181221961975,1
95,0,0.176834821701,1
95,0,0.249464035034,1
96,0,0.175755977631,1
96,0,0.174102067947,1
96,0,0.236685991287,1
96,0,0.211990833282,1
96,0,0.210647106171,1
96,0,0.206732034683,1
96,0,0.212904930115,1
96,0,0.175988912582,1
96,0,0.181223154068,1
96,0,0.206699848175,1
97,0,0.171790838242,1
97,0,0.179461956024,1
97,0,0.244187116623,1
97,0,0.210129976273,1
97,0,0.211598157883,1
97,0,0.208696126938,1
97,0,0.20921087265,1
97,0,0.174445867538,1
97,0,0.17822599411,1
97,0,0.198670864105,1
98,0,0.172225952148,1
98,0,0.175123929977,1
98,0,0.243000984192,1
98,0,0.217201948166,1
98,0,0.204951047897,1
98,0,0.207929134369,1
98,0,0.213188886642,1
98,0,0.180608034134,1
98,0,0.178005933762,1
98,0,0.201317071915,1
99,0,0.171977043152,1
99,0,0.177020072937,1
99,0,0.23655796051,1
99,0,0.211559057236,1
99,0,0.20591878891,1
99,0,0.201142072678,1
99,0,0.205636024475,1
99,0,0.18189907074,1
99,0,0.176367044449,1
99,0,0.194720029831,1
100,0,0.177731990814,1
100,0,0.214609861374,1
100,0,0.227122068405,1
100,0,0.227051019669,1
100,0,0.194391965866,1
100,0,0.255009889603,1
100,0,0.220948219299,1
100,0,0.181021928787,1
100,0,0.21151804924,1
100,0,0.213043928146,1
101,0,0.179142951965,1
101,0,0.213485956192,1
101,0,0.216265201569,1
101,0,0.224379062653,1
101,0,0.183433055878,1
101,0,0.234801054001,1
101,0,0.217445135117,1
101,0,0.1798620224,1
101,0,0.212397813797,1
101,0,0.215344190598,1
102,0,0.179349899292,1
102,0,0.213963031769,1
102,0,0.215637922287,1
102,0,0.252864122391,1
102,0,0.1840031147,1
102,0,0.230188131332,1
102,0,0.218683958054,1
102,0,0.177052021027,1
102,0,0.214474916458,1
102,0,0.219753980637,1
103,0,0.180094003677,1
103,0,0.215682029724,1
103,0,0.221335887909,1
103,0,0.233059167862,1
103,0,0.184353113174,1
103,0,0.216356039047,1
103,0,0.208457946777,1
103,0,0.183262109756,1
103,0,0.208238840103,1
103,0,0.20814704895,1
104,0,0.183930873871,1
104,0,0.221879959106,1
104,0,0.230769872665,1
104,0,0.229142189026,1
104,0,0.179993152618,1
104,0,0.22474193573,1
104,0,0.21734213829,1
104,0,0.177963972092,1
104,0,0.212108135223,1
104,0,0.207777023315,1
105,0,0.229913949966,1
105,0,0.23219203949,1
105,0,0.182642936707,1
105,0,0.226233005524,1
105,0,0.219848871231,1
105,0,0.236619949341,1
105,0,0.217195034027,1
105,0,0.239047050476,1
105,0,0.22315788269,1
105,0,0.220363140106,1
106,0,0.227135896683,1
106,0,0.233520030975,1
106,0,0.19317817688,1
106,0,0.235156059265,1
106,0,0.231430053711,1
106,0,0.230786085129,1
106,0,0.227058887482,1
106,0,0.250233888626,1
106,0,0.231486082077,1
106,0,0.220686197281,1
107,0,0.224841117859,1
