0,0,0.0617198944092,1
0,0,0.0615179538727,1
0,0,0.0598859786987,1
0,0,0.0629410743713,1
0,0,0.0638430118561,1
0,0,0.0611069202423,1
0,0,0.0582549571991,1
0,0,0.0557978153229,1
0,0,0.0623500347137,1
0,0,0.0639979839325,1
1,0,0.0664329528809,1
1,0,0.0656349658966,1
1,0,0.0631771087646,1
1,0,0.0627698898315,1
1,0,0.0633430480957,1
1,0,0.0648710727692,1
1,0,0.0629549026489,1
1,0,0.0702230930328,1
1,0,0.0630970001221,1
1,0,0.0630359649658,1
2,0,0.0644659996033,1
2,0,0.0656988620758,1
2,0,0.0658440589905,1
2,0,0.0657069683075,1
2,0,0.068235874176,1
2,0,0.0614440441132,1
2,0,0.0650689601898,1
2,0,0.0633459091187,1
2,0,0.0634341239929,1
2,0,0.0608870983124,1
3,0,0.0630769729614,1
3,0,0.0622601509094,1
3,0,0.0623829364777,1
3,0,0.0601270198822,1
3,0,0.0660679340363,1
3,0,0.0628080368042,1
3,0,0.0652360916138,1
3,0,0.0651531219482,1
3,0,0.0629899501801,1
3,0,0.0646278858185,1
4,0,0.0621430873871,1
4,0,0.0662159919739,1
4,0,0.0706181526184,1
4,0,0.0629298686981,1
4,0,0.0685288906097,1
4,0,0.0642731189728,1
4,0,0.0645968914032,1
4,0,0.0634250640869,1
4,0,0.0623400211334,1
4,0,0.0652029514313,1
5,0,0.0707569122314,1
5,0,0.0702669620514,1
5,0,0.0713148117065,1
5,0,0.0697050094604,1
5,0,0.0735368728638,1
5,0,0.0689358711243,1
5,0,0.0721099376678,1
5,0,0.0706238746643,1
5,0,0.0708241462708,1
5,0,0.0753171443939,1
6,0,0.0702540874481,1
6,0,0.0729660987854,1
6,0,0.0729260444641,1
6,0,0.0741889476776,1
6,0,0.0722978115082,1
6,0,0.0784020423889,1
6,0,0.0751991271973,1
6,0,0.074569940567,1
6,0,0.0783770084381,1
6,0,0.0790460109711,1
7,0,0.0740141868591,1
7,0,0.0751729011536,1
7,0,0.0723569393158,1
7,0,0.0745491981506,1
7,0,0.0776410102844,1
7,0,0.0763161182404,1
7,0,0.0785579681396,1
7,0,0.0739889144897,1
7,0,0.0736329555511,1
7,0,0.0798218250275,1
8,0,0.0782399177551,1
8,0,0.0839409828186,1
8,0,0.0778541564941,1
8,0,0.0770452022552,1
8,0,0.0764989852905,1
8,0,0.0743989944458,1
8,0,0.0826618671417,1
8,0,0.07546210289,1
8,0,0.0792429447174,1
8,0,0.0757849216461,1
9,0,0.0736658573151,1
9,0,0.0747809410095,1
9,0,0.0778348445892,1
9,0,0.0771980285645,1
9,0,0.0768098831177,1
9,0,0.076180934906,1
9,0,0.0810518264771,1
9,0,0.0783171653748,1
9,0,0.0782599449158,1
9,0,0.0793550014496,1
10,0,0.0819427967072,1
10,0,0.0826289653778,1
10,0,0.0802052021027,1
10,0,0.0772550106049,1
10,0,0.0821208953857,1
10,0,0.0793888568878,1
10,0,0.080461025238,1
10,0,0.0863139629364,1
10,0,0.0800778865814,1
10,0,0.0817658901215,1
11,0,0.0818169116974,1
11,0,0.080235004425,1
11,0,0.0874900817871,1
11,0,0.0788052082062,1
11,0,0.082202911377,1
11,0,0.080235004425,1
11,0,0.0797820091248,1
11,0,0.0809319019318,1
11,0,0.0820279121399,1
11,0,0.0805680751801,1
12,0,0.0800559520721,1
12,0,0.0860600471497,1
12,1,0.0834629535675,1
12,0,0.0835258960724,1
12,0,0.0878260135651,1
12,0,0.077605009079,1
12,0,0.0874772071838,1
12,0,0.0854980945587,1
12,0,0.0833330154419,1
12,0,0.077761888504,1
13,0,0.0782680511475,1
13,0,0.0836927890778,1
13,0,0.0879189968109,1
13,0,0.0792400836945,1
13,0,0.0808010101318,1
13,0,0.080934047699,1
13,0,0.0846769809723,1
13,0,0.0841820240021,1
13,0,0.0838229656219,1
13,0,0.0784161090851,1
14,0,0.0856101512909,1
14,0,0.0813391208649,1
14,1,0.0819160938263,1
14,0,0.0808420181274,1
14,1,0.0832140445709,1
14,0,0.0800709724426,1
14,0,0.0826289653778,1
14,0,0.0824458599091,1
14,0,0.0799829959869,1
14,0,0.0759630203247,1
