0,0,0.132956981659,15
0,0,0.124376058578,15
0,0,0.129256010056,15
0,0,0.132691860199,15
0,0,0.129553079605,15
0,0,0.131242036819,15
0,0,0.124423980713,15
0,0,0.129725933075,15
0,0,0.126492977142,15
0,0,0.131701946259,15
1,0,0.144681215286,15
1,0,0.130066156387,15
1,0,0.129378080368,15
1,0,0.513188838959,87
1,0,0.14026594162,15
1,0,0.132822036743,15
1,0,0.515408992767,87
1,0,0.134771108627,15
1,0,0.519587039948,87
1,0,0.517076015472,87
2,0,0.134795188904,15
2,0,0.135463953018,15
2,0,0.132198095322,15
2,0,0.133702993393,15
2,0,0.132740020752,15
2,0,0.135121107101,15
2,0,1.60059285164,231
2,0,0.130990028381,15
2,0,1.62791800499,231
2,0,1.65320801735,231
3,0,0.133846998215,15
3,0,0.130367040634,15
3,0,0.145963191986,15
3,0,0.130213022232,15
3,0,0.13262295723,15
3,0,0.131587028503,15
3,0,4.1567800045,447
3,0,0.135952949524,15
3,0,4.07954597473,447
3,0,4.01986694336,447
4,0,0.137870073318,15
4,0,0.13087105751,15
4,0,0.134899139404,15
4,0,3.88604187965,441
4,0,0.130577087402,15
4,0,0.132753133774,15
4,0,7.25845909119,729
4,0,0.12237906456,15
4,0,7.17697501183,729
4,0,7.39317202568,729
5,0,1.61150598526,231
5,0,4.23388600349,447
5,0,0.532246112823,87
5,0,0.136467933655,15
5,0,0.13605594635,15
5,0,10.7604029179,906
5,0,1.42157292366,231
5,0,10.7168889046,906
5,0,1.44611310959,231
5,0,1.41390705109,231
6,0,4.05347681046,447
6,0,5.54093909264,582
6,0,4.02408885956,447
6,0,0.139003038406,15
6,0,0.135779857635,15
6,0,17.8819031715,1302
6,0,3.81284809113,447
6,0,18.1524100304,1302
6,0,3.83874607086,447
6,0,3.68758106232,447
7,0,5.31636595726,582
7,0,1.6722869873,340
