0,0,0.0615940093994,1
0,0,0.0599880218506,1
0,0,0.0594429969788,1
0,0,0.0608069896698,1
0,0,0.0596001148224,1
0,0,0.0624749660492,1
0,0,0.0640740394592,1
0,0,0.0613508224487,1
0,0,0.0638389587402,1
0,0,0.0643079280853,1
1,0,0.067321062088,1
1,0,0.0656008720398,1
1,0,0.0677809715271,1
1,0,0.0678741931915,1
1,0,0.0651769638062,1
1,0,0.0626540184021,1
1,0,0.0652120113373,1
1,0,0.0626749992371,1
1,0,0.0636157989502,1
1,0,0.0711989402771,1
2,0,0.0695979595184,1
2,0,0.0659589767456,1
2,0,0.0659101009369,1
2,0,0.0662910938263,1
2,0,0.0727019309998,1
2,0,0.0684070587158,1
2,0,0.0661749839783,1
2,0,0.0701928138733,1
2,0,0.0693211555481,1
2,0,0.0693509578705,1
3,0,0.069708108902,1
3,0,0.067370891571,1
3,0,0.0662660598755,1
3,0,0.0685389041901,1
3,0,0.0631999969482,1
3,0,0.0670418739319,1
3,0,0.0736379623413,1
3,0,0.0670268535614,1
3,0,0.0666561126709,1
3,0,0.0648260116577,1
4,0,0.0662269592285,1
4,0,0.0647609233856,1
4,0,0.0699479579926,1
4,0,0.0663230419159,1
4,0,0.0649909973145,1
4,0,0.0658888816833,1
4,0,0.0666818618774,1
4,0,0.0650210380554,1
4,0,0.0659780502319,1
4,0,0.0648319721222,1
5,0,0.0759460926056,1
5,0,0.0756440162659,1
5,0,0.0745589733124,1
5,0,0.0725290775299,1
5,0,0.0781831741333,1
5,0,0.0708940029144,1
5,0,0.0734028816223,1
5,0,0.0693280696869,1
5,0,0.0732679367065,1
5,0,0.0680458545685,1
6,0,0.0717871189117,1
6,0,0.0722889900208,1
6,0,0.0727860927582,1
6,0,0.0713338851929,1
6,0,0.0689871311188,1
6,0,0.0755040645599,1
6,0,0.0712339878082,1
6,0,0.0737850666046,1
6,0,0.0771658420563,1
6,0,0.0696530342102,1
7,0,0.0760259628296,1
7,0,0.0772008895874,1
7,0,0.0759680271149,1
7,0,0.0734930038452,1
7,0,0.0693109035492,1
7,0,0.0720100402832,1
7,0,0.0757431983948,1
7,0,0.0729420185089,1
7,0,0.0755100250244,1
7,0,0.0743601322174,1
8,0,0.0755069255829,1
8,0,0.0792710781097,1
8,0,0.0903599262238,1
8,0,0.0764470100403,1
8,0,0.0717120170593,1
8,0,0.0717799663544,1
8,0,0.0771870613098,1
8,0,0.0702090263367,1
8,0,0.0769090652466,1
8,0,0.0737640857697,1
9,0,0.0727460384369,1
9,0,0.0765299797058,1
9,0,0.0753672122955,1
9,0,0.0780417919159,1
9,0,0.0711979866028,1
9,0,0.0722899436951,1
9,0,0.0725710391998,1
9,0,0.074362039566,1
9,0,0.0740611553192,1
9,0,0.071319103241,1
10,0,0.0800590515137,1
10,0,0.0810070037842,1
10,0,0.0803580284119,1
10,0,0.0779531002045,1
10,0,0.0824749469757,1
10,0,0.0793409347534,1
10,0,0.0836710929871,1
10,0,0.0832140445709,1
10,0,0.0846130847931,1
10,0,0.0781490802765,1
11,0,0.0792028903961,1
11,0,0.0795509815216,1
11,0,0.0777390003204,1
11,0,0.0834748744965,1
11,0,0.0807929039001,1
11,0,0.0809509754181,1
11,0,0.0829939842224,1
11,0,0.0816090106964,1
11,0,0.0823669433594,1
11,0,0.0816900730133,1
12,0,0.0808680057526,1
12,0,0.0849888324738,1
12,0,0.0896718502045,1
12,0,0.0776920318604,1
12,0,0.0809731483459,1
12,0,0.0837080478668,1
12,0,0.0867941379547,1
12,0,0.0864341259003,1
12,0,0.0839738845825,1
12,0,0.0848159790039,1
13,0,0.0815780162811,1
13,0,0.0803999900818,1
13,0,0.0811429023743,1
13,0,0.0770261287689,1
13,0,0.083310842514,1
13,0,0.0789091587067,1
13,0,0.0840458869934,1
13,0,0.0849280357361,1
13,0,0.0811338424683,1
13,0,0.081258058548,1
14,0,0.0804779529572,1
14,0,0.0831189155579,1
14,0,0.0823800563812,1
14,0,0.0803289413452,1
14,0,0.0816240310669,1
14,0,0.0811657905579,1
14,0,0.0872349739075,1
14,0,0.0820300579071,1
14,0,0.0834240913391,1
14,0,0.0837409496307,1
15,0,0.0862948894501,1
15,0,0.0896489620209,1
15,0,0.0834829807281,1
15,0,0.0824840068817,1
15,0,0.0859568119049,1
15,0,0.0849750041962,1
15,0,0.0832369327545,1
15,0,0.0870401859283,1
15,0,0.0901618003845,1
15,0,0.0909261703491,1
16,0,0.0972549915314,1
16,0,0.0851049423218,1
16,0,0.0842361450195,1
16,0,0.0829877853394,1
16,0,0.0875520706177,1
16,0,0.0881149768829,1
16,0,0.0818908214569,1
16,0,0.0875508785248,1
16,0,0.0867249965668,1
16,0,0.0881149768829,1
17,0,0.088320016861,1
17,0,0.0856580734253,1
17,0,0.0832591056824,1
17,0,0.0877401828766,1
17,0,0.094918012619,1
17,0,0.0831708908081,1
17,0,0.0835061073303,1
17,0,0.0925788879395,1
17,0,0.0891609191895,1
17,0,0.0917739868164,1
18,0,0.0897710323334,1
18,0,0.0888090133667,1
18,0,0.0840599536896,1
18,0,0.0838470458984,1
18,0,0.0889620780945,1
18,0,0.0903251171112,1
18,0,0.0865888595581,1
18,0,0.0901119709015,1
18,0,0.0962889194489,1
18,0,0.0910749435425,1
19,0,0.0934360027313,1
19,0,0.0884308815002,1
19,0,0.0897769927979,1
19,0,0.0856189727783,1
19,0,0.0914762020111,1
19,0,0.0872519016266,1
19,0,0.0874040126801,1
19,0,0.089959859848,1
19,0,0.0935928821564,1
19,0,0.0938248634338,1
20,0,0.0959260463715,1
20,0,0.0937960147858,1
20,0,0.0885860919952,1
20,0,0.0977370738983,1
20,0,0.093593120575,1
20,0,0.0984780788422,1
20,0,0.0912330150604,1
20,0,0.0920579433441,1
20,0,0.0955748558044,1
20,0,0.105319023132,1
21,0,0.0956518650055,1
21,0,0.0902690887451,1
21,0,0.0933158397675,1
21,0,0.0975518226624,1
21,0,0.101068019867,1
21,0,0.0937321186066,1
21,0,0.0914578437805,1
21,0,0.0888459682465,1
21,0,0.0901019573212,1
21,0,0.0973839759827,1
22,0,0.0950469970703,1
22,0,0.0922057628632,1
22,0,0.0928158760071,1
22,0,0.0995881557465,1
22,0,0.0988938808441,1
22,0,0.0977940559387,1
22,0,0.104390144348,1
22,0,0.091276884079,1
22,0,0.0924730300903,1
22,0,0.0990509986877,1
23,0,0.0973010063171,1
23,0,0.0891950130463,1
23,0,0.0968070030212,1
23,0,0.098296880722,1
23,0,0.102787971497,1
23,0,0.0980110168457,1
23,0,0.0951290130615,1
23,0,0.0934309959412,1
23,0,0.0918719768524,1
23,0,0.101112127304,1
24,0,0.0992279052734,1
24,0,0.094575881958,1
24,0,0.0915369987488,1
24,0,0.0980710983276,1
24,0,0.0966529846191,1
24,0,0.0942399501801,1
24,0,0.0913190841675,1
24,0,0.0950319766998,1
24,0,0.0897440910339,1
24,0,0.100032091141,1
25,0,0.0970470905304,1
25,0,0.105777978897,1
25,0,0.100829839706,1
25,0,0.104481220245,1
25,0,0.100734949112,1
25,0,0.111639976501,1
25,0,0.0969400405884,1
25,0,0.101345062256,1
25,0,0.103604078293,1
25,0,0.104258060455,1
26,0,0.100438833237,1
26,0,0.105940103531,1
26,0,0.10611987114,1
26,0,0.107856035233,1
26,0,0.105533123016,1
26,0,0.10188794136,1
26,0,0.0956189632416,1
26,0,0.107419967651,1
26,0,0.103660106659,1
26,0,0.102941036224,1
27,0,0.104531049728,1
27,0,0.10422205925,1
27,0,0.103348970413,1
27,0,0.108664035797,1
27,0,0.108497858047,1
27,0,0.10448718071,1
27,0,0.100561141968,1
27,0,0.106596946716,1
27,0,0.111689090729,1
27,0,0.107639074326,1
28,0,0.103813171387,1
28,0,0.10958814621,1
28,0,0.109565973282,1
28,0,0.110327959061,1
28,0,0.11102104187,1
28,0,0.106513023376,1
28,0,0.100342988968,1
28,0,0.106209039688,1
28,0,0.105490922928,1
28,0,0.113790035248,1
29,0,0.102184057236,1
29,0,0.10723400116,1
29,0,0.106179952621,1
29,0,0.113064050674,1
29,0,0.107252836227,1
29,0,0.10551905632,1
29,0,0.0985960960388,1
29,0,0.102939844131,1
29,0,0.109647035599,1
29,0,0.105045080185,1
30,0,0.116899967194,1
30,0,0.116495847702,1
30,0,0.112313985825,1
30,0,0.111154079437,1
30,0,0.107696056366,1
30,0,0.102624893188,1
30,0,0.114326953888,1
30,0,0.112170934677,1
30,0,0.107997894287,1
30,0,0.104980945587,1
31,0,0.116080999374,1
31,0,0.122424125671,1
31,0,0.113595962524,1
31,0,0.115765094757,1
31,0,0.113821029663,1
31,0,0.10650396347,1
31,0,0.114609003067,1
31,0,0.105775117874,1
31,0,0.117609977722,1
31,0,0.10216999054,1
32,0,0.114896059036,1
32,0,0.114516973495,1
32,0,0.120837926865,1
32,0,0.110584020615,1
32,0,0.11692404747,1
32,0,0.101277112961,1
32,0,0.113335132599,1
32,0,0.106256008148,1
32,0,0.113342046738,1
32,0,0.107143878937,1
33,0,0.113085031509,1
33,0,0.113888978958,1
33,0,0.116550922394,1
33,0,0.113898992538,1
33,0,0.11455988884,1
33,0,0.106472015381,1
33,0,0.117130994797,1
33,0,0.106709003448,1
33,0,0.115851163864,1
33,0,0.113027095795,1
34,0,0.11770606041,1
34,0,0.118863105774,1
34,0,0.114289045334,1
34,0,0.118442058563,1
34,0,0.113514900208,1
34,0,0.100409984589,1
34,0,0.112357139587,1
34,0,0.103281974792,1
34,0,0.111819982529,1
34,0,0.103180885315,1
35,0,0.116746902466,1
35,0,0.113903999329,1
35,0,0.104804992676,1
35,0,0.116322040558,1
35,0,0.108496189117,1
35,0,0.11677312851,1
35,0,0.10444188118,1
35,0,0.110845088959,1
35,0,0.108392000198,1
35,0,0.109884023666,1
36,0,0.118067026138,1
36,0,0.11868596077,1
36,0,0.109200954437,1
36,0,0.116179943085,1
36,0,0.107759952545,1
36,0,0.12056684494,1
36,0,0.102092027664,1
36,0,0.107090950012,1
36,0,0.112861871719,1
36,0,0.107182979584,1
37,0,0.117223024368,1
37,0,0.115341901779,1
37,0,0.108747005463,1
37,0,0.120311975479,1
37,0,0.108471870422,1
37,0,0.117871046066,1
37,0,0.109420061111,1
37,0,0.111872911453,1
37,0,0.10737490654,1
37,0,0.113505125046,1
38,0,0.116564035416,1
38,0,0.117220163345,1
38,0,0.107535123825,1
38,0,0.117950201035,1
38,0,0.107270002365,1
38,0,0.119726896286,1
38,0,0.104130983353,1
38,0,0.109351158142,1
38,0,0.103264093399,1
38,0,0.10073184967,1
39,0,0.12250494957,1
39,0,0.111999034882,1
39,0,0.107352018356,1
39,0,0.119320869446,1
39,0,0.112093925476,1
39,0,0.120378017426,1
39,0,0.101533174515,1
39,0,0.103198051453,1
39,0,0.10213804245,1
39,0,0.102656841278,1
40,0,0.121007919312,1
40,0,0.113955020905,1
40,0,0.115032911301,1
40,0,0.112939834595,1
40,0,0.122493982315,1
40,0,0.12483716011,1
40,0,0.114277124405,1
40,0,0.112874031067,1
40,0,0.116430044174,1
40,0,0.12960100174,1
41,0,0.126528978348,1
41,0,0.11757683754,1
41,0,0.115410089493,1
41,0,0.11416721344,1
41,0,0.129044055939,1
41,0,0.122861146927,1
41,0,0.11529302597,1
41,0,0.113921165466,1
41,0,0.112025022507,1
41,0,0.127274990082,1
42,0,0.131185054779,1
42,0,0.122338056564,1
42,0,0.118539094925,1
42,0,0.118003129959,1
42,0,0.130156993866,1
42,0,0.128327131271,1
42,0,0.11948800087,1
42,0,0.11767411232,1
42,0,0.125723838806,1
42,0,0.133726119995,1
43,0,0.134248971939,1
43,0,0.120022058487,1
43,0,0.119629859924,1
43,0,0.119374036789,1
43,0,0.124067783356,1
43,0,0.125644922256,1
43,0,0.114737033844,1
43,0,0.116714000702,1
43,0,0.111688137054,1
43,0,0.12659907341,1
44,0,0.1290371418,1
44,0,0.112150907516,1
44,0,0.113554954529,1
44,0,0.114933013916,1
44,0,0.124706029892,1
44,0,0.124284029007,1
44,0,0.1138920784,1
44,0,0.117177963257,1
44,0,0.118197917938,1
44,0,0.130339860916,1
45,0,0.139021158218,1
45,0,0.122061014175,1
45,0,0.140290021896,1
45,0,0.142708063126,1
45,0,0.126716136932,1
45,0,0.133744955063,1
45,0,0.129637956619,1
45,0,0.12556385994,1
45,0,0.135992050171,1
45,0,0.126733064651,1
46,0,0.142789125443,1
46,0,0.125613212585,1
46,0,0.143539190292,1
46,0,0.133995056152,1
46,0,0.122717857361,1
46,0,0.139792919159,1
46,0,0.120315074921,1
46,0,0.119222164154,1
46,0,0.137676000595,1
46,0,0.121939897537,1
47,0,0.132090091705,1
47,0,0.121020078659,1
47,0,0.146246910095,1
47,0,0.141045808792,1
47,0,0.125049829483,1
47,0,0.146651983261,1
47,0,0.121746063232,1
47,0,0.123600006104,1
47,0,0.135500907898,1
47,0,0.123955011368,1
48,0,0.135752916336,1
48,0,0.124619007111,1
48,0,0.140424013138,1
48,0,0.132364034653,1
48,0,0.125230073929,1
48,0,0.135058879852,1
48,0,0.120788097382,1
48,0,0.121588945389,1
48,0,0.132941961288,1
48,0,0.12114906311,1
49,0,0.139907121658,1
49,0,0.12202000618,1
49,0,0.142154932022,1
49,0,0.137628078461,1
49,0,0.119035005569,1
49,0,0.134243965149,1
49,0,0.119844913483,1
49,0,0.122076034546,1
49,0,0.136442184448,1
49,0,0.127967119217,1
50,0,0.130228042603,1
50,0,0.143224000931,1
50,0,0.143898010254,1
50,0,0.143743991852,1
50,0,0.130746841431,1
50,0,0.131688833237,1
50,0,0.143522024155,1
50,0,0.126229047775,1
50,0,0.129319906235,1
50,0,0.130808115005,1
51,0,0.129030942917,1
51,0,0.143298149109,1
51,0,0.146282911301,1
51,0,0.154604911804,1
51,0,0.13063287735,1
51,0,0.130691051483,1
51,0,0.152085065842,1
51,0,0.13087105751,1
51,0,0.131203174591,1
51,0,0.133434057236,1
52,0,0.127977848053,1
52,0,0.146406173706,1
52,0,0.149199008942,1
52,0,0.145922899246,1
52,0,0.130393028259,1
52,0,0.13299202919,1
52,0,0.151343107224,1
52,0,0.127709150314,1
52,0,0.129992961884,1
52,0,0.128959178925,1
53,0,0.127096176147,1
53,0,0.14692902565,1
53,0,0.144551992416,1
53,0,0.139487028122,1
53,0,0.133027076721,1
53,0,0.126767158508,1
53,0,0.143306016922,1
53,0,0.132210016251,1
53,0,0.131407022476,1
53,0,0.12847495079,1
54,0,0.135572910309,1
54,0,0.14853811264,1
54,0,0.145479917526,1
54,0,0.148030996323,1
54,0,0.129106998444,1
54,0,0.130880117416,1
54,0,0.144563913345,1
54,0,0.131273984909,1
54,0,0.12498998642,1
54,0,0.130473136902,1
55,0,0.134773015976,1
55,0,0.128318071365,1
55,0,0.131068944931,1
55,0,0.151302814484,1
55,0,0.14374089241,1
55,0,0.152083873749,1
55,0,0.156795978546,1
55,0,0.142529964447,1
55,0,0.155211925507,1
55,0,0.157727003098,1
56,0,0.133688926697,1
56,0,0.13517999649,1
56,0,0.139920949936,1
56,0,0.153433084488,1
56,0,0.140224933624,1
56,0,0.158293008804,1
56,0,0.162003993988,1
56,0,0.133645057678,1
56,0,0.159438848495,1
56,0,0.155466079712,1
57,0,0.138341903687,1
57,0,0.134834051132,1
57,0,0.136515140533,1
57,0,0.155481100082,1
57,0,0.13818693161,1
57,0,0.152877092361,1
57,0,0.152450799942,1
57,0,0.135047912598,1
57,0,0.153888940811,1
57,0,0.157516002655,1
58,0,0.133702039719,1
58,0,0.135562896729,1
58,0,0.136866807938,1
58,0,0.151330947876,1
58,0,0.1378262043,1
58,0,0.155592918396,1
58,0,0.161268949509,1
58,0,0.14043211937,1
58,0,0.150984048843,1
58,0,0.147739887238,1
59,0,0.136070013046,1
59,0,0.137324810028,1
59,0,0.135869979858,1
59,0,0.155749797821,1
59,0,0.137260913849,1
59,0,0.161955833435,1
59,0,0.157072067261,1
59,0,0.138699054718,1
59,0,0.15917301178,1
59,0,0.15142416954,1
60,0,0.175366163254,1
60,0,0.161345005035,1
60,0,0.168689012527,1
60,0,0.14177107811,1
60,0,0.144460916519,1
60,0,0.140314102173,1
60,0,0.142390012741,1
60,0,0.166067838669,1
60,0,0.144377946854,1
60,0,0.14036989212,1
61,0,0.163658857346,1
61,0,0.169811010361,1
61,0,0.164237976074,1
61,0,0.142274856567,1
61,0,0.14523100853,1
61,0,0.14124584198,1
61,0,0.147678852081,1
61,0,0.158721923828,1
61,0,0.148110866547,1
61,0,0.142586946487,1
62,0,0.1634349823,1
62,0,0.158333063126,1
62,0,0.162528038025,1
62,0,0.140446901321,1
62,0,0.144735097885,1
62,0,0.140758991241,1
62,0,0.147171020508,1
62,0,0.163305044174,1
62,0,0.145505905151,1
62,0,0.144031047821,1
63,0,0.158806085587,1
63,0,0.162302017212,1
63,0,0.160799026489,1
63,0,0.138536930084,1
63,0,0.152400016785,1
63,0,0.139705896378,1
63,0,0.137907028198,1
63,0,0.157018899918,1
63,0,0.14227104187,1
63,0,0.140898942947,1
64,0,0.162212848663,1
64,0,0.162193059921,1
64,0,0.161118984222,1
64,0,0.142535924911,1
64,0,0.138437986374,1
64,0,0.138850927353,1
64,0,0.138966083527,1
64,0,0.160043001175,1
64,0,0.142462968826,1
64,0,0.139504909515,1
65,0,0.175701856613,1
65,0,0.174735069275,1
65,0,0.171752929688,1
65,0,0.153716087341,1
65,0,0.174481868744,1
65,0,0.162916898727,1
65,0,0.148461103439,1
65,0,0.177687883377,1
65,0,0.176398038864,1
65,0,0.153337955475,1
66,0,0.173714160919,1
66,0,0.171561002731,1
66,0,0.174857139587,1
66,0,0.149184942245,1
66,0,0.170086145401,1
66,0,0.169111013412,1
66,0,0.14611697197,1
66,0,0.177181005478,1
66,0,0.178680896759,1
66,0,0.156390190125,1
67,0,0.177167892456,1
67,0,0.178503990173,1
67,0,0.164824962616,1
67,0,0.149789094925,1
67,0,0.188872098923,1
67,0,0.17621088028,1
67,0,0.154623031616,1
67,0,0.17870092392,1
67,0,0.177079916,1
67,0,0.14963388443,1
68,0,0.176870822906,1
68,0,0.184635877609,1
68,0,0.16898393631,1
68,0,0.156482934952,1
68,0,0.177790880203,1
68,0,0.171056032181,1
68,0,0.146638154984,1
68,0,0.175196170807,1
68,0,0.181907892227,1
68,0,0.148910999298,1
69,0,0.177556991577,1
69,0,0.172276973724,1
69,0,0.167503118515,1
69,0,0.1502430439,1
69,0,0.172363996506,1
69,0,0.174751996994,1
69,0,0.147538900375,1
69,0,0.172277927399,1
69,0,0.176501989365,1
69,0,0.147302150726,1
70,0,0.178677082062,1
70,0,0.178605079651,1
70,0,0.18158197403,1
70,0,0.159286975861,1
70,0,0.158680915833,1
70,0,0.183136940002,1
70,0,0.160552978516,1
70,0,0.182156085968,1
70,0,0.15482711792,1
70,0,0.159733057022,1
71,0,0.180703878403,1
71,0,0.17666220665,1
71,0,0.176918029785,1
71,0,0.154619932175,1
71,0,0.161149024963,1
71,0,0.178657054901,1
71,0,0.156677961349,1
71,0,0.174082040787,1
71,0,0.152526855469,1
71,0,0.150479078293,1
72,0,0.176036834717,1
72,0,0.182834148407,1
72,0,0.184272050858,1
72,0,0.157474994659,1
72,0,0.151822090149,1
72,0,0.178492069244,1
72,0,0.151198863983,1
72,0,0.174274921417,1
72,0,0.160030126572,1
72,0,0.15293097496,1
73,0,0.185352087021,1
73,0,0.176985025406,1
73,0,0.180812120438,1
73,0,0.155928134918,1
73,0,0.151838779449,1
73,0,0.182723999023,1
73,0,0.150684118271,1
73,0,0.175122022629,1
73,0,0.152833938599,1
73,0,0.148297071457,1
74,0,0.178446054459,1
74,0,0.171807050705,1
74,0,0.180561065674,1
74,0,0.159462928772,1
74,0,0.153609037399,1
74,0,0.174640893936,1
74,0,0.150958061218,1
74,0,0.175379991531,1
74,0,0.155710220337,1
74,0,0.150784015656,1
75,0,0.181773900986,1
75,0,0.182161092758,1
75,0,0.189702033997,1
75,0,0.16021490097,1
75,0,0.164834976196,1
75,0,0.162280082703,1
75,0,0.165577888489,1
75,0,0.194653987885,1
75,0,0.156623125076,1
75,0,0.185539007187,1
76,0,0.185781955719,1
76,0,0.188671112061,1
76,0,0.18868803978,1
76,0,0.168905973434,1
76,0,0.160102844238,1
76,0,0.161083936691,1
76,0,0.160048007965,1
76,0,0.190580844879,1
76,0,0.163223981857,1
76,0,0.186573982239,1
77,0,0.189212083817,1
77,0,0.173588037491,1
77,0,0.180834054947,1
77,0,0.160254001617,1
77,0,0.155931949615,1
77,0,0.159440040588,1
77,0,0.16418504715,1
77,0,0.20060801506,1
77,0,0.161123037338,1
77,0,0.188961029053,1
78,0,0.189462900162,1
78,0,0.187200069427,1
78,0,0.183786869049,1
78,0,0.155925989151,1
78,0,0.163267850876,1
78,0,0.159719944,1
78,0,0.157495975494,1
78,0,0.194993019104,1
78,0,0.157335996628,1
78,0,0.185235977173,1
79,0,0.183970212936,1
79,0,0.185322999954,1
79,0,0.184270858765,1
79,0,0.159677028656,1
79,0,0.153755903244,1
79,0,0.160542011261,1
79,0,0.158015966415,1
79,0,0.197932004929,1
79,0,0.159108161926,1
79,0,0.190243005753,1
80,0,0.164155006409,1
80,0,0.187116861343,1
80,0,0.205805063248,1
80,0,0.205570936203,1
80,0,0.19441819191,1
80,0,0.174777984619,1
80,0,0.170907020569,1
80,0,0.167718887329,1
80,0,0.175515890121,1
80,0,0.172666072845,1
81,0,0.168032169342,1
81,0,0.194155931473,1
81,0,0.206192016602,1
81,0,0.203391075134,1
81,0,0.204922914505,1
81,0,0.172337055206,1
81,0,0.169238090515,1
81,0,0.165277004242,1
81,0,0.16545009613,1
81,0,0.177477121353,1
82,0,0.164976119995,1
82,0,0.197202205658,1
82,0,0.202790975571,1
82,0,0.207539081573,1
82,0,0.200791120529,1
82,0,0.173348903656,1
82,0,0.166754961014,1
82,0,0.161922931671,1
82,0,0.168476104736,1
82,0,0.168618202209,1
83,0,0.162497997284,1
83,0,0.185493946075,1
83,0,0.212131977081,1
83,0,0.203544139862,1
83,0,0.195437908173,1
83,0,0.164719104767,1
83,0,0.168537855148,1
83,0,0.160054922104,1
83,0,0.16090798378,1
83,0,0.171035051346,1
84,0,0.161918878555,1
84,0,0.196245908737,1
84,0,0.202445030212,1
84,0,0.207464933395,1
84,0,0.194550991058,1
84,0,0.169225931168,1
84,0,0.168840885162,1
84,0,0.169396877289,1
84,0,0.170419216156,1
84,0,0.167000055313,1
85,0,0.17502617836,1
85,0,0.172742843628,1
85,0,0.181030035019,1
85,0,0.209089040756,1
85,0,0.207309961319,1
85,0,0.170819997787,1
85,0,0.169742107391,1
85,0,0.210333824158,1
85,0,0.174529075623,1
85,0,0.199214935303,1
86,0,0.165765047073,1
86,0,0.176519870758,1
86,0,0.178544998169,1
86,0,0.226395130157,1
86,0,0.195469141006,1
86,0,0.17663693428,1
86,0,0.172390937805,1
86,0,0.208930015564,1
86,0,0.17021894455,1
86,0,0.211801052094,1
87,0,0.175201177597,1
87,0,0.184555768967,1
87,0,0.170269012451,1
87,0,0.207115888596,1
87,0,0.201977968216,1
87,0,0.174013137817,1
87,0,0.167634010315,1
87,0,0.21751499176,1
87,0,0.166665077209,1
87,0,0.199856042862,1
88,0,0.172151088715,1
88,0,0.171389818192,1
88,0,0.176640033722,1
88,0,0.211952924728,1
88,0,0.214981079102,1
88,0,0.169014215469,1
88,0,0.170397996902,1
88,0,0.20547914505,1
88,0,0.171384811401,1
88,0,0.197103023529,1
89,0,0.17095208168,1
89,0,0.167967796326,1
89,0,0.16895699501,1
89,0,0.208333969116,1
89,0,0.202435016632,1
89,0,0.174072027206,1
89,0,0.171712875366,1
89,0,0.213792800903,1
89,0,0.170767068863,1
89,0,0.200240850449,1
90,0,0.181123018265,1
90,0,0.19012594223,1
90,0,0.191048145294,1
90,0,0.216304063797,1
90,0,0.206878900528,1
90,0,0.208733797073,1
90,0,0.181324958801,1
90,0,0.21456193924,1
90,0,0.222071170807,1
90,0,0.20769405365,1
91,0,0.185628890991,1
91,0,0.180075883865,1
91,0,0.176824092865,1
91,0,0.207491874695,1
91,0,0.225646972656,1
91,0,0.214504957199,1
91,0,0.183804988861,1
91,0,0.220217943192,1
91,0,0.231854200363,1
91,0,0.216367006302,1
92,0,0.17947101593,1
92,0,0.179900169373,1
92,0,0.186094999313,1
92,0,0.21550488472,1
92,0,0.214295864105,1
92,0,0.197474002838,1
92,0,0.182104110718,1
92,0,0.218792915344,1
92,0,0.227703094482,1
92,0,0.215847969055,1
93,0,0.184930086136,1
93,0,0.183435916901,1
93,0,0.180771112442,1
93,0,0.212224006653,1
93,0,0.20992398262,1
93,0,0.211322069168,1
93,0,0.186245918274,1
93,0,0.216758012772,1
93,0,0.223529100418,1
93,0,0.208899021149,1
94,0,0.176867961884,1
94,0,0.177888154984,1
94,0,0.18132686615,1
94,0,0.215590000153,1
94,0,0.2083568573,1
94,0,0.204499959946,1
94,0,0.179747104645,1
94,0,0.216109991074,1
94,0,0.226129055023,1
94,0,0.213812828064,1
95,0,0.234944105148,1
95,0,0.231761932373,1
95,0,0.227410078049,1
95,0,0.188104152679,1
95,0,0.195127010345,1
95,0,0.195410013199,1
95,0,0.195758104324,1
95,0,0.231664896011,1
95,0,0.229696989059,1
95,0,0.189408063889,1
96,0,0.238707065582,1
96,0,0.228219985962,1
96,0,0.214975118637,1
96,0,0.184566020966,1
96,0,0.184343099594,1
96,0,0.194638967514,1
96,0,0.185480833054,1
96,0,0.216140031815,1
96,0,0.231494903564,1
96,0,0.185456037521,1
97,0,0.231868028641,1
97,0,0.220211982727,1
97,0,0.21993303299,1
97,0,0.180608987808,1
97,0,0.195566892624,1
97,0,0.186841964722,1
97,0,0.183538913727,1
97,0,0.221771001816,1
97,0,0.234459161758,1
97,0,0.177445173264,1
98,0,0.232394933701,1
98,0,0.222753047943,1
98,0,0.218589067459,1
98,0,0.178014993668,1
98,0,0.185756921768,1
98,0,0.183902978897,1
98,0,0.183388948441,1
98,0,0.217272996902,1
98,0,0.225742101669,1
98,0,0.180279016495,1
99,0,0.226280927658,1
99,0,0.21670794487,1
99,0,0.21878695488,1
99,0,0.217792987823,1
99,0,0.228197097778,1
99,0,0.181633234024,1
99,0,0.180106163025,1
99,0,0.218340873718,1
99,0,0.229485988617,1
99,0,0.17889881134,1
100,0,0.196753978729,1
100,0,0.239207029343,1
100,0,0.223926067352,1
100,0,0.238363027573,1
100,0,0.243254899979,1
100,0,0.241719961166,1
100,0,0.229537963867,1
100,0,0.216568946838,1
100,0,0.191787004471,1
100,0,0.194223880768,1
101,0,0.203283071518,1
101,0,0.227417945862,1
101,0,0.231096029282,1
101,0,0.245818138123,1
101,0,0.24179315567,1
101,0,0.246160984039,1
101,0,0.221977949142,1
101,0,0.230456113815,1
101,0,0.191284894943,1
101,0,0.194519042969,1
102,0,0.192602872849,1
102,0,0.225517034531,1
102,0,0.225890159607,1
102,0,0.241683959961,1
102,0,0.238132953644,1
102,0,0.24059510231,1
102,0,0.238303184509,1
102,0,0.240579128265,1
102,0,0.187972068787,1
102,0,0.192095041275,1
103,0,0.197479009628,1
103,0,0.245632886887,1
103,0,0.234078884125,1
103,0,0.252687931061,1
103,0,0.240279912949,1
103,0,0.239529132843,1
103,0,0.233891963959,1
103,0,0.23480796814,1
103,0,0.193440914154,1
103,0,0.196394920349,1
104,0,0.19194984436,1
104,0,0.240174055099,1
104,0,0.237782001495,1
104,0,0.247015953064,1
104,0,0.243391036987,1
104,0,0.244218826294,1
104,0,0.232576847076,1
104,0,0.239264011383,1
104,0,0.192605018616,1
104,0,0.198850870132,1
105,0,0.245634078979,1
105,0,0.246662855148,1
105,0,0.241101980209,1
105,0,0.19780087471,1
105,0,0.199074983597,1
105,0,0.249815940857,1
105,0,0.234832048416,1
105,0,0.232146024704,1
105,0,0.231464147568,1
105,0,0.233884096146,1
106,0,0.25107884407,1
106,0,0.238798141479,1
106,0,0.244328022003,1
106,0,0.192996025085,1
106,0,0.199774980545,1
106,0,0.250544071198,1
106,0,0.23474407196,1
106,0,0.239377975464,1
106,0,0.232647895813,1
106,0,0.239024877548,1
107,0,0.237353086472,1
107,0,0.248857975006,1
107,0,0.246490955353,1
107,0,0.196079969406,1
107,0,0.198399066925,1
107,0,0.250739097595,1
107,0,0.241761922836,1
107,0,0.235554933548,1
107,0,0.245892047882,1
107,0,0.234444141388,1
108,0,0.243753910065,1
108,0,0.25261092186,1
108,0,0.239114999771,1
108,0,0.200677871704,1
108,0,0.20033788681,1
108,0,0.248039960861,1
108,0,0.236310958862,1
108,0,0.234322071075,1
108,0,0.232169866562,1
108,0,0.227684020996,1
109,0,0.235841035843,1
109,0,0.25137090683,1
109,0,0.238841056824,1
109,0,0.195384979248,1
109,0,0.20028591156,1
109,0,0.24881696701,1
109,0,0.239334106445,1
109,0,0.225078105927,1
109,0,0.235628843307,1
109,0,0.237668991089,1
110,0,0.252981901169,1
110,0,0.206130981445,1
110,0,0.208101987839,1
110,0,0.253278970718,1
110,0,0.26909995079,1
110,0,0.241364002228,1
110,0,0.253084897995,1
110,0,0.256258964539,1
110,0,0.204514026642,1
110,0,0.262312889099,1
111,0,0.256440877914,1
111,0,0.211206197739,1
111,0,0.206605911255,1
111,0,0.246875047684,1
111,0,0.260851144791,1
111,0,0.257709980011,1
111,0,0.250162124634,1
111,0,0.243001937866,1
111,0,0.205372095108,1
111,0,0.254485845566,1
112,0,0.261238098145,1
112,0,0.211316108704,1
112,0,0.19889998436,1
112,0,0.253211021423,1
112,0,0.257589817047,1
112,0,0.248925209045,1
112,0,0.241158008575,1
112,0,0.246859073639,1
112,0,0.204858064651,1
112,0,0.26774096489,1
113,0,0.257580041885,1
113,0,0.207751989365,1
113,0,0.201895952225,1
113,0,0.246929883957,1
113,0,0.25524687767,1
113,0,0.23676609993,1
113,0,0.245161056519,1
113,0,0.242124080658,1
113,0,0.200996160507,1
113,0,0.255572795868,1
114,0,0.260285139084,1
114,0,0.204214811325,1
114,0,0.202331066132,1
114,0,0.246527910233,1
114,0,0.254373073578,1
114,0,0.247162103653,1
114,0,0.248594045639,1
114,0,0.244282960892,1
114,0,0.207057952881,1
114,0,0.263078927994,1
115,0,0.206994771957,1
115,0,0.249917030334,1
115,0,0.269026041031,1
115,0,0.255808830261,1
115,0,0.212973117828,1
115,0,0.252721071243,1
115,0,0.266214847565,1
115,0,0.213400125504,1
115,0,0.259085178375,1
115,0,0.277970075607,1
116,0,0.216115951538,1
116,0,0.251673221588,1
116,0,0.278435945511,1
116,0,0.238056182861,1
116,0,0.212496995926,1
116,0,0.262912034988,1
116,0,0.266214132309,1
116,0,0.217195987701,1
116,0,0.251153945923,1
116,0,0.291198968887,1
117,0,0.215535879135,1
117,0,0.257899045944,1
117,0,0.270250082016,1
117,0,0.250575065613,1
117,0,0.213505983353,1
117,0,0.25167298317,1
117,0,0.274332046509,1
117,0,0.219080924988,1
117,0,0.24808883667,1
117,0,0.256970882416,1
118,0,0.207346916199,1
118,0,0.259613990784,1
118,0,0.271590948105,1
118,0,0.250085115433,1
118,0,0.20850110054,1
118,0,0.26483297348,1
118,0,0.283370018005,1
118,0,0.208184957504,1
118,0,0.251455068588,1
118,0,0.258352041245,1
119,0,0.208625078201,1
119,0,0.254187822342,1
119,0,0.268644094467,1
119,0,0.249394893646,1
119,0,0.207306146622,1
119,0,0.251830101013,1
119,0,0.274776935577,1
119,0,0.208943843842,1
119,0,0.254947900772,1
119,0,0.255003213882,1
120,0,0.215095996857,1
120,0,0.227200031281,1
120,0,0.263018846512,1
120,0,0.264713048935,1
120,0,0.271865129471,1
120,0,0.280721187592,1
120,0,0.288242101669,1
120,0,0.278805017471,1
120,0,0.274598121643,1
120,0,0.277827978134,1
121,0,0.220163106918,1
121,0,0.222438097,1
121,0,0.260679006577,1
121,0,0.268070936203,1
121,0,0.28298997879,1
121,0,0.264909982681,1
121,0,0.274043083191,1
121,0,0.291628837585,1
121,0,0.267734050751,1
121,0,0.264529943466,1
122,0,0.212913036346,1
122,0,0.220438957214,1
122,0,0.26433801651,1
122,0,0.249639034271,1
122,0,0.262456178665,1
122,0,0.270750999451,1
122,0,0.273638963699,1
122,0,0.277595043182,1
122,0,0.269995927811,1
122,0,0.267436981201,1
123,0,0.217176198959,1
123,0,0.21647810936,1
123,0,0.254282951355,1
123,0,0.252332925797,1
123,0,0.269302845001,1
123,0,0.262750864029,1
123,0,0.274861097336,1
123,0,0.278357982635,1
123,0,0.260832071304,1
123,0,0.259903907776,1
124,0,0.215358018875,1
124,0,0.222939968109,1
124,0,0.254103899002,1
124,0,0.250134944916,1
124,0,0.253317117691,1
124,0,0.260813951492,1
124,0,0.276880979538,1
124,0,0.286644935608,1
124,0,0.271784067154,1
124,0,0.280716896057,1
125,0,0.265144109726,1
125,0,0.260642051697,1
125,0,0.219532966614,1
125,0,0.227452993393,1
125,0,0.227802991867,1
125,0,0.223744869232,1
125,0,0.270629882812,1
125,0,0.21826505661,1
125,0,0.268906116486,1
125,0,0.229710102081,1
126,0,0.264210939407,1
126,0,0.254598855972,1
126,0,0.221379995346,1
126,0,0.224630117416,1
126,0,0.218834161758,1
126,0,0.224471092224,1
126,0,0.269861936569,1
126,0,0.223176956177,1
126,0,0.272788047791,1
126,0,0.218616008759,1
127,0,0.271037817001,1
127,0,0.256376028061,1
127,0,0.220016002655,1
127,0,0.227100849152,1
127,0,0.22227191925,1
127,0,0.22040605545,1
127,0,0.269630908966,1
127,0,0.21574306488,1
127,0,0.27442407608,1
127,0,0.22324514389,1
128,0,0.264666080475,1
128,0,0.266593933105,1
128,0,0.2145819664,1
128,0,0.223749876022,1
128,0,0.218070983887,1
128,0,0.220578193665,1
128,0,0.273559093475,1
128,0,0.22015619278,1
128,0,0.266467094421,1
128,0,0.223436832428,1
129,0,0.266660928726,1
129,0,0.258688926697,1
129,0,0.220198154449,1
129,0,0.223574876785,1
129,0,0.227847099304,1
129,0,0.224665880203,1
129,0,0.274799823761,1
129,0,0.220489025116,1
129,0,0.282719135284,1
129,0,0.218878030777,1
130,0,0.291766166687,1
130,0,0.233664035797,1
130,0,0.240961074829,1
130,0,0.234950065613,1
130,0,0.292304992676,1
130,0,0.30748295784,1
130,0,0.28593993187,1
130,0,0.285760164261,1
130,0,0.272397041321,1
130,0,0.305354118347,1
131,0,0.29643702507,1
131,0,0.228098869324,1
131,0,0.237107038498,1
131,0,0.239443063736,1
131,0,0.289609909058,1
131,0,0.313616037369,1
131,0,0.275354862213,1
131,0,0.291213989258,1
131,0,0.28095293045,1
131,0,0.298653125763,1
132,0,0.290976047516,1
132,0,0.228466033936,1
132,0,0.2394490242,1
132,0,0.235483169556,1
132,0,0.300019025803,1
132,0,0.297538995743,1
132,0,0.274658918381,1
132,0,0.30507183075,1
132,0,0.281283855438,1
132,0,0.300502061844,1
133,0,0.281593799591,1
133,0,0.231943130493,1
133,0,0.231768131256,1
133,0,0.229272127151,1
133,0,0.293915987015,1
133,0,0.305438041687,1
133,0,0.289610147476,1
133,0,0.300131082535,1
133,0,0.258982896805,1
133,0,0.296752929688,1
134,0,0.29101896286,1
134,0,0.231390953064,1
134,0,0.236928939819,1
134,0,0.224575042725,1
134,0,0.298318147659,1
134,0,0.307667970657,1
134,0,0.289510011673,1
134,0,0.28396987915,1
134,0,0.284688949585,1
134,0,0.305814981461,1
135,0,0.245532035828,1
135,0,0.241277933121,1
135,0,0.2457010746,1
135,0,0.239269018173,1
135,0,0.233623027802,1
135,0,0.234215974808,1
135,0,0.295697927475,1
135,0,0.318822145462,1
135,0,0.238029003143,1
135,0,0.291929960251,1
136,0,0.249166965485,1
136,0,0.245661973953,1
136,0,0.255534887314,1
136,0,0.241123914719,1
136,0,0.24785900116,1
136,0,0.246312856674,1
136,0,0.293585062027,1
136,0,0.317238092422,1
136,0,0.240236997604,1
136,0,0.292461872101,1
137,0,0.240678071976,1
137,0,0.24470281601,1
137,0,0.236696004868,1
137,0,0.239462852478,1
137,0,0.245665073395,1
137,0,0.240585803986,1
137,0,0.287672996521,1
137,0,0.304643154144,1
137,0,0.251312017441,1
137,0,0.29364991188,1
138,0,0.241239070892,1
138,0,0.238224029541,1
138,0,0.238155841827,1
138,0,0.24050283432,1
138,0,0.240868091583,1
138,0,0.239336013794,1
138,0,0.277498006821,1
138,0,0.312148094177,1
138,0,0.240885019302,1
138,0,0.294615030289,1
139,0,0.233288049698,1
139,0,0.240083932877,1
139,0,0.235983133316,1
139,0,0.239472866058,1
139,0,0.260712862015,1
139,0,0.236778020859,1
139,0,0.29541516304,1
139,0,0.3128490448,1
139,0,0.23407292366,1
139,0,0.304475069046,1
140,0,0.309642076492,1
140,0,0.303572893143,1
140,0,0.322849988937,1
140,0,0.301495075226,1
140,0,0.30057311058,1
140,0,0.249173164368,1
140,0,0.301202058792,1
140,0,0.254080057144,1
140,0,0.309967041016,1
140,0,0.254236936569,1
141,0,0.308507204056,1
141,0,0.31120800972,1
141,0,0.323881864548,1
141,0,0.311491012573,1
141,0,0.295919895172,1
141,0,0.262224912643,1
141,0,0.309504985809,1
141,0,0.252068996429,1
141,0,0.305738925934,1
141,0,0.253182172775,1
142,0,0.318251132965,1
142,0,0.304626941681,1
142,0,0.31989812851,1
142,0,0.309798002243,1
142,0,0.282310962677,1
142,0,0.251420021057,1
142,0,0.307028055191,1
142,0,0.247329950333,1
142,0,0.295188903809,1
142,0,0.249386072159,1
143,0,0.312070131302,1
143,0,0.299170017242,1
143,0,0.355237007141,1
143,0,0.294224977493,1
143,0,0.290777921677,1
143,0,0.244901895523,1
143,0,0.299851894379,1
143,0,0.245628118515,1
143,0,0.309876918793,1
143,0,0.252806901932,1
144,0,0.321535110474,1
144,0,0.289009809494,1
144,0,0.329330921173,1
144,0,0.289083957672,1
144,0,0.297488927841,1
144,0,0.234459877014,1
144,0,0.29407119751,1
144,0,0.229470014572,1
144,0,0.269865989685,1
144,0,0.240746021271,1
145,0,0.249413013458,1
145,0,0.246911048889,1
145,0,0.256520986557,1
145,0,0.260645151138,1
145,0,0.321827888489,1
145,0,0.309938192368,1
145,0,0.302892923355,1
145,0,0.258423089981,1
145,0,0.327121973038,1
145,0,0.323679924011,1
146,0,0.25519990921,1
146,0,0.254106998444,1
146,0,0.250664949417,1
146,0,0.254067897797,1
146,0,0.332271099091,1
146,0,0.324964046478,1
146,0,0.29648900032,1
146,0,0.255709171295,1
146,0,0.33406996727,1
146,0,0.33141708374,1
147,0,0.249757051468,1
147,0,0.252671957016,1
147,0,0.249094009399,1
147,0,0.251873016357,1
147,0,0.332360029221,1
147,0,0.30918598175,1
147,0,0.300604820251,1
147,0,0.251218080521,1
147,0,0.329411029816,1
147,0,0.322916030884,1
148,0,0.250721931458,1
148,0,0.257521152496,1
148,0,0.250813961029,1
148,0,0.246957063675,1
148,0,0.327494859695,1
148,0,0.313453912735,1
148,0,0.29967880249,1
148,0,0.247126102448,1
148,0,0.320567846298,1
148,0,0.327151060104,1
149,0,0.246944904327,1
149,0,0.25422501564,1
149,0,0.24704003334,1
149,0,0.252372980118,1
149,0,0.33203291893,1
149,0,0.314079046249,1
149,0,0.297064065933,1
149,0,0.251170873642,1
149,0,0.326543092728,1
149,0,0.338389873505,1
150,0,0.312156915665,1
150,0,0.264462947845,1
150,0,0.3310110569,1
150,0,0.335865974426,1
150,0,0.308043003082,1
150,0,0.32275390625,1
150,0,0.339315891266,1
150,0,0.343431949615,1
150,0,0.324609994888,1
150,0,0.255930900574,1
151,0,0.307544946671,1
151,0,0.262359142303,1
151,0,0.32763004303,1
151,0,0.3170170784,1
151,0,0.303989887238,1
151,0,0.335437059402,1
151,0,0.340596914291,1
151,0,0.334853887558,1
151,0,0.333745956421,1
151,0,0.253630876541,1
152,0,0.32116985321,1
152,0,0.253788948059,1
152,0,0.306235074997,1
152,0,0.316794157028,1
152,0,0.302191972733,1
152,0,0.31085896492,1
152,0,0.337498903275,1
152,0,0.33443903923,1
152,0,0.330394029617,1
152,0,0.257972955704,1
153,0,0.317957162857,1
153,0,0.258061170578,1
153,0,0.332757949829,1
153,0,0.320131063461,1
153,0,0.320909976959,1
153,0,0.330458164215,1
153,0,0.337193012238,1
153,0,0.338917016983,1
153,0,0.332159996033,1
153,0,0.262984037399,1
154,0,0.316081047058,1
154,0,0.254763841629,1
154,0,0.333194971085,1
154,0,0.32493185997,1
154,0,0.315541982651,1
154,0,0.313313961029,1
154,0,0.342998027802,1
154,0,0.3407330513,1
154,0,0.332967996597,1
154,0,0.266680002213,1
155,0,0.262814998627,1
155,0,0.276542901993,1
155,0,0.338087081909,1
155,0,0.347460031509,1
155,0,0.343025922775,1
155,0,0.27005815506,1
155,0,0.353616952896,1
155,0,0.346894025803,1
155,0,0.353269100189,1
155,0,0.276576042175,1
156,0,0.270182132721,1
156,0,0.270542860031,1
156,0,0.334131002426,1
156,0,0.35657286644,1
156,0,0.352737188339,1
156,0,0.267755031586,1
156,0,0.354780912399,1
156,0,0.343182086945,1
156,0,0.352828979492,1
156,0,0.267941951752,1
157,0,0.270889043808,1
157,0,0.269036054611,1
157,0,0.334603071213,1
157,0,0.356466054916,1
157,0,0.361387968063,1
157,0,0.269891023636,1
157,0,0.347794055939,1
157,0,0.35425901413,1
157,0,0.356304168701,1
157,0,0.286739826202,1
158,0,0.270380973816,1
158,0,0.271456956863,1
158,0,0.322824001312,1
158,0,0.347149133682,1
158,0,0.345519781113,1
158,0,0.273364067078,1
158,0,0.356271982193,1
158,0,0.348695039749,1
158,0,0.362884044647,1
158,0,0.270279884338,1
159,0,0.267578125,1
159,0,0.26646900177,1
159,0,0.320451021194,1
159,0,0.353110074997,1
159,0,0.352570056915,1
159,0,0.268028020859,1
159,0,0.344110965729,1
159,0,0.349571943283,1
159,0,0.358817100525,1
159,0,0.26572394371,1
160,0,0.270828008652,1
160,0,0.327083110809,1
160,0,0.28134393692,1
160,0,0.276728868484,1
160,0,0.363882064819,1
160,0,0.365823984146,1
160,0,0.282145023346,1
160,0,0.272352933884,1
160,0,0.359352111816,1
160,0,0.337020874023,1
161,0,0.270901918411,1
161,0,0.343894958496,1
161,0,0.27340221405,1
161,0,0.29497218132,1
161,0,0.35906791687,1
161,0,0.362166881561,1
161,0,0.271793842316,1
161,0,0.265142917633,1
161,0,0.357175111771,1
161,0,0.340048074722,1
162,0,0.273591041565,1
162,0,0.332050085068,1
162,0,0.281188011169,1
162,0,0.277065992355,1
162,0,0.359028100967,1
162,0,0.362752914429,1
162,0,0.266760110855,1
162,0,0.274231910706,1
162,0,0.363607883453,1
162,0,0.322209119797,1
163,0,0.268914937973,1
163,0,0.324357032776,1
163,0,0.272499084473,1
163,0,0.27626490593,1
163,0,0.354310035706,1
163,0,0.341652870178,1
163,0,0.257529973984,1
163,0,0.261518001556,1
163,0,0.346927881241,1
163,0,0.304776906967,1
164,0,0.263221025467,1
164,0,0.339709043503,1
164,0,0.265379905701,1
164,0,0.264456987381,1
164,0,0.361526966095,1
164,0,0.360688924789,1
164,0,0.268552064896,1
164,0,0.266847848892,1
164,0,0.364832162857,1
164,0,0.343702793121,1
165,0,0.281574964523,1
165,0,0.297433137894,1
165,0,0.346429109573,1
165,0,0.354972839355,1
165,0,0.372023105621,1
165,0,0.350797891617,1
165,0,0.281438112259,1
165,0,0.331364870071,1
165,0,0.368897914886,1
165,0,0.277509212494,1
166,0,0.275093078613,1
166,0,0.278224945068,1
166,0,0.34649515152,1
166,0,0.346713066101,1
166,0,0.362863063812,1
166,0,0.367960929871,1
166,0,0.285756111145,1
166,0,0.332355976105,1
166,0,0.366724967957,1
166,0,0.280280828476,1
167,0,0.279386043549,1
167,0,0.275976896286,1
167,0,0.336251020432,1
167,0,0.356328010559,1
167,0,0.371935844421,1
167,0,0.341737985611,1
167,0,0.282608032227,1
167,0,0.337942838669,1
167,0,0.374637126923,1
167,0,0.281277179718,1
168,0,0.281340122223,1
168,0,0.276807069778,1
168,0,0.323879003525,1
168,0,0.342211961746,1
168,0,0.382104158401,1
168,0,0.354209899902,1
168,0,0.277523994446,1
168,0,0.354122161865,1
168,0,0.366958856583,1
168,0,0.273259162903,1
169,0,0.278383016586,1
169,0,0.282672166824,1
169,0,0.344647169113,1
169,0,0.354521989822,1
169,0,0.366634130478,1
169,0,0.35786485672,1
169,0,0.281239032745,1
169,0,0.333770036697,1
169,0,0.371966123581,1
169,0,0.271155118942,1
170,0,0.339766979218,1
170,0,0.373652935028,1
170,0,0.283545017242,1
170,0,0.352735996246,1
170,0,0.356101036072,1
170,0,0.347832918167,1
170,0,0.345541000366,1
170,0,0.383310079575,1
170,0,0.342609882355,1
170,0,0.284829854965,1
171,0,0.358397006989,1
171,0,0.376009225845,1
171,0,0.286018133163,1
171,0,0.365582942963,1
171,0,0.357977151871,1
171,0,0.360013961792,1
171,0,0.365238904953,1
171,0,0.381731987,1
171,0,0.341503143311,1
171,0,0.284752130508,1
172,0,0.3424949646,1
172,0,0.382992982864,1
172,0,0.289988994598,1
172,0,0.345505952835,1
172,0,0.361778020859,1
172,0,0.339025974274,1
172,0,0.368908882141,1
172,0,0.380919933319,1
172,0,0.339737892151,1
172,0,0.28191614151,1
173,0,0.348143815994,1
173,0,0.368631839752,1
173,0,0.274694919586,1
173,0,0.353262901306,1
173,0,0.362674951553,1
173,0,0.344488143921,1
173,0,0.35396194458,1
173,0,0.370714902878,1
173,0,0.340631961823,1
173,0,0.280112981796,1
174,0,0.351799964905,1
174,0,0.364415168762,1
174,0,0.28635597229,1
174,0,0.355762004852,1
174,0,0.364897012711,1
174,0,0.335724115372,1
174,0,0.360077142715,1
174,0,0.385165929794,1
174,0,0.349631071091,1
174,0,0.285793066025,1
175,0,0.370270967484,1
175,0,0.30731010437,1
175,0,0.394455909729,1
175,0,0.388957023621,1
175,0,0.29912686348,1
175,0,0.294507980347,1
175,0,0.347424030304,1
175,0,0.380092859268,1
175,0,0.29700088501,1
175,0,0.366521835327,1
176,0,0.386245012283,1
176,0,0.303399801254,1
176,0,0.38879609108,1
176,0,0.34739613533,1
176,0,0.288012981415,1
176,0,0.293512821198,1
176,0,0.354767084122,1
176,0,0.357324838638,1
176,0,0.289052963257,1
176,0,0.363023996353,1
177,0,0.369910955429,1
177,0,0.282990932465,1
177,0,0.39009308815,1
177,0,0.359159946442,1
177,0,0.291136980057,1
177,0,0.292485952377,1
177,0,0.359079122543,1
177,0,0.361304044724,1
177,0,0.287035942078,1
177,0,0.364257097244,1
178,0,0.362283945084,1
178,0,0.287307977676,1
178,0,0.379433870316,1
178,0,0.369257926941,1
178,0,0.294770002365,1
178,0,0.282241106033,1
178,0,0.346545934677,1
178,0,0.368158102036,1
178,0,0.278500080109,1
178,0,0.353569984436,1
179,0,0.355416059494,1
179,0,0.286927938461,1
179,0,0.377009868622,1
179,0,0.358412981033,1
179,0,0.281397104263,1
179,0,0.286682128906,1
179,0,0.338301181793,1
179,0,0.371057033539,1
179,0,0.281005144119,1
179,0,0.359556913376,1
180,0,0.39847278595,1
180,0,0.294930934906,1
180,0,0.385823011398,1
180,0,0.295646905899,1
180,0,0.303776979446,1
180,0,0.384478092194,1
180,0,0.398785114288,1
180,0,0.298095941544,1
180,0,0.292232990265,1
180,0,0.295705795288,1
181,0,0.378314971924,1
181,0,0.301973104477,1
181,0,0.378201961517,1
181,0,0.298115968704,1
181,0,0.289083957672,1
181,0,0.377424955368,1
181,0,0.38357591629,1
181,0,0.296582937241,1
181,0,0.290467023849,1
181,0,0.287169933319,1
182,0,0.366722106934,1
182,0,0.29314494133,1
182,0,0.385131120682,1
182,0,0.29689002037,1
182,0,0.294205904007,1
182,0,0.380910873413,1
182,0,0.385115146637,1
182,0,0.289891004562,1
182,0,0.295836925507,1
182,0,0.296705007553,1
183,0,0.373281002045,1
183,0,0.294749975204,1
183,0,0.372488021851,1
183,0,0.29430103302,1
183,0,0.292447090149,1
183,0,0.376054048538,1
183,0,0.396301984787,1
183,0,0.299569129944,1
183,0,0.293300867081,1
183,0,0.295606136322,1
184,0,0.390679121017,1
184,0,0.290874958038,1
184,0,0.380326986313,1
184,0,0.293663978577,1
184,0,0.294892072678,1
184,0,0.382427930832,1
184,0,0.398587942123,1
184,0,0.304574012756,1
184,0,0.294540166855,1
184,0,0.294405937195,1
185,0,0.401674985886,1
185,0,0.408205986023,1
185,0,0.387882947922,1
185,0,0.297574043274,1
185,0,0.313386917114,1
185,0,0.375277996063,1
185,0,0.397541999817,1
185,0,0.302895069122,1
185,0,0.388486146927,1
185,0,0.404105186462,1
186,0,0.382391929626,1
186,0,0.37077999115,1
186,0,0.382358789444,1
186,0,0.300765037537,1
186,0,0.308892965317,1
186,0,0.381711006165,1
186,0,0.379544019699,1
186,0,0.295737028122,1
186,0,0.389888048172,1
186,0,0.405081987381,1
187,0,0.37490606308,1
187,0,0.378741979599,1
187,0,0.374231815338,1
187,0,0.304188966751,1
187,0,0.304144144058,1
187,0,0.373030900955,1
187,0,0.413078069687,1
187,0,0.302546024323,1
187,0,0.376387119293,1
187,0,0.404834985733,1
188,0,0.387324094772,1
188,0,0.460197925568,1
188,0,0.362329959869,1
188,0,0.287078142166,1
188,0,0.293908119202,1
188,0,0.364660024643,1
188,0,0.378432035446,1
188,0,0.289510011673,1
188,0,0.384445905685,1
188,0,0.376665830612,1
189,0,0.361124038696,1
189,0,0.37834405899,1
189,0,0.379586935043,1
189,0,0.292517900467,1
189,0,0.29640007019,1
189,0,0.408869981766,1
189,0,0.404117107391,1
189,0,0.303771018982,1
189,0,0.385369062424,1
189,0,0.378593206406,1
190,0,0.315575838089,1
190,0,0.311798095703,1
190,0,0.392874002457,1
190,0,0.315510988235,1
190,0,0.312007904053,1
190,0,0.419740915298,1
190,0,0.320462942123,1
190,0,0.314138174057,1
190,0,0.412634849548,1
190,0,0.314828157425,1
191,0,0.319277048111,1
191,0,0.317995071411,1
191,0,0.398278951645,1
191,0,0.321151971817,1
191,0,0.317033052444,1
191,0,0.411571025848,1
191,0,0.317301034927,1
191,0,0.322067022324,1
191,0,0.414324045181,1
191,0,0.316446065903,1
192,0,0.321063995361,1
192,0,0.319900035858,1
192,0,0.424043893814,1
192,0,0.31670498848,1
192,0,0.313848972321,1
192,0,0.434148073196,1
192,0,0.313878059387,1
192,0,0.314568996429,1
192,0,0.440268993378,1
192,0,0.330680847168,1
193,0,0.319430828094,1
193,0,0.305948019028,1
193,0,0.398019790649,1
193,0,0.318030118942,1
193,0,0.311361074448,1
193,0,0.415710926056,1
193,0,0.303707838058,1
193,0,0.302755832672,1
193,0,0.405858039856,1
193,0,0.307954072952,1
194,0,0.31093287468,1
194,0,0.304470062256,1
194,0,0.384737014771,1
194,0,0.304491043091,1
194,0,0.304826021194,1
194,0,0.408190011978,1
194,0,0.312142133713,1
194,0,0.331144094467,1
194,0,0.449937820435,1
194,0,0.302072048187,1
195,0,0.416152000427,1
195,0,0.318829059601,1
195,0,0.395713090897,1
195,0,0.437184095383,1
195,0,0.316733121872,1
195,0,0.306776046753,1
195,0,0.32270693779,1
195,0,0.380820035934,1
195,0,0.317337036133,1
195,0,0.428869009018,1
196,0,0.388785839081,1
196,0,0.324324131012,1
196,0,0.399744033813,1
196,0,0.432746171951,1
196,0,0.317791938782,1
196,0,0.314137935638,1
196,0,0.326154947281,1
196,0,0.401048183441,1
196,0,0.311192035675,1
196,0,0.410290002823,1
197,0,0.399333953857,1
197,0,0.321511983871,1
197,0,0.401268005371,1
197,0,0.428330898285,1
197,0,0.311292886734,1
197,0,0.311374902725,1
197,0,0.32004404068,1
197,0,0.389134883881,1
197,0,0.320599079132,1
197,0,0.409538984299,1
198,0,0.399265050888,1
198,0,0.313752174377,1
198,0,0.385061979294,1
198,0,0.429654836655,1
198,0,0.315855979919,1
198,0,0.305795192719,1
198,0,0.315414190292,1
198,0,0.405050039291,1
198,0,0.319226026535,1
198,0,0.410479068756,1
199,0,0.411237001419,1
199,0,0.314361095428,1
199,0,0.392377853394,1
199,0,0.431404829025,1
199,0,0.313699960709,1
199,0,0.306545972824,1
199,0,0.346915006638,1
199,0,0.432988166809,1
199,0,0.312727928162,1
199,0,0.409881830215,1
200,0,0.323969125748,1
200,0,0.443406105042,1
200,0,0.423155069351,1
200,0,0.442747831345,1
200,0,0.414533138275,1
200,0,0.431584835052,1
200,0,0.425994157791,1
200,0,0.330787181854,1
200,0,0.318948984146,1
200,0,0.409434080124,1
201,0,0.328855037689,1
201,0,0.448494911194,1
201,0,0.393893957138,1
201,0,0.449294805527,1
201,0,0.417432069778,1
201,0,0.447461843491,1
201,0,0.417068004608,1
201,0,0.332012891769,1
201,0,0.326534986496,1
201,0,0.412112951279,1
202,0,0.326807975769,1
202,0,0.431054115295,1
202,0,0.394987821579,1
202,0,0.439436912537,1
202,0,0.394670963287,1
202,0,0.43076300621,1
202,0,0.442589998245,1
202,0,0.323484897614,1
202,0,0.322824001312,1
202,0,0.418340921402,1
203,0,0.318378925323,1
203,0,0.436581850052,1
203,0,0.397531032562,1
203,0,0.433022022247,1
203,0,0.402925014496,1
203,0,0.446049928665,1
203,0,0.430685043335,1
203,0,0.327641963959,1
203,0,0.337153911591,1
203,0,0.398634910583,1
204,0,0.322733879089,1
204,0,0.465311050415,1
204,0,0.408521175385,1
204,0,0.45480298996,1
204,0,0.399984836578,1
204,0,0.45356798172,1
204,0,0.491219997406,1
204,0,0.325923919678,1
204,0,0.322275876999,1
204,0,0.428379058838,1
205,0,0.418627023697,1
205,0,0.469273090363,1
205,0,0.453448057175,1
205,0,0.429155111313,1
205,0,0.334692955017,1
205,0,0.331516981125,1
205,0,0.45053601265,1
205,0,0.332514047623,1
205,0,0.436686992645,1
205,0,0.438394069672,1
206,0,0.418087005615,1
206,0,0.44558095932,1
206,0,0.457175016403,1
206,0,0.435379981995,1
206,0,0.325703859329,1
206,0,0.330252170563,1
206,0,0.434857845306,1
206,0,0.331821203232,1
206,0,0.433868169785,1
206,0,0.436592817307,1
207,0,0.421247959137,1
207,0,0.469518184662,1
207,0,0.453711986542,1
207,0,0.422077894211,1
207,0,0.33164691925,1
207,0,0.329415082932,1
207,0,0.409476995468,1
207,0,0.334346055984,1
207,0,0.430715084076,1
207,0,0.402478933334,1
208,0,0.420085906982,1
208,0,0.469307899475,1
208,0,0.455086946487,1
208,0,0.411565065384,1
208,0,0.32120013237,1
208,0,0.320314884186,1
208,0,0.437852859497,1
208,0,0.329006910324,1
208,0,0.432420015335,1
208,0,0.425932884216,1
209,0,0.408385038376,1
209,0,0.448664903641,1
209,0,0.461451053619,1
209,0,0.409076213837,1
209,0,0.342219114304,1
209,0,0.383726119995,1
209,0,0.409272909164,1
209,0,0.323650121689,1
209,0,0.438012838364,1
209,0,0.43036198616,1
210,0,0.435690879822,1
210,0,0.337611913681,1
210,0,0.345674037933,1
210,0,0.454827070236,1
210,0,0.470337152481,1
210,0,0.470873117447,1
210,0,0.439873933792,1
210,0,0.439931154251,1
210,0,0.45975112915,1
210,0,0.345782995224,1
211,0,0.434786081314,1
211,0,0.333977937698,1
211,0,0.339349985123,1
211,0,0.424875974655,1
211,0,0.470938920975,1
211,0,0.467956066132,1
211,0,0.438829898834,1
211,0,0.408345222473,1
211,0,0.452074050903,1
211,0,0.325097084045,1
212,0,0.432525157928,1
212,0,0.33176612854,1
212,0,0.347099065781,1
212,0,0.408132076263,1
212,0,0.461999893188,1
212,0,0.456416845322,1
212,0,0.444416999817,1
212,0,0.419423103333,1
212,0,0.454513788223,1
212,0,0.342226982117,1
213,0,0.445192098618,1
213,0,0.337402820587,1
213,0,0.344965934753,1
213,0,0.41438293457,1
213,0,0.46101808548,1
213,0,0.459086894989,1
213,0,0.43356180191,1
213,0,0.414144039154,1
213,0,0.45978307724,1
213,0,0.332801103592,1
214,0,0.431488990784,1
214,0,0.328157186508,1
214,0,0.336997032166,1
214,0,0.456014156342,1
214,0,0.503936052322,1
214,0,0.477397918701,1
214,0,0.45062494278,1
214,0,0.433609008789,1
214,0,0.480702161789,1
214,0,0.346246004105,1
215,0,0.463443040848,1
215,0,0.350354909897,1
215,0,0.439215898514,1
215,0,0.455039024353,1
215,0,0.343374967575,1
215,0,0.349292993546,1
215,0,0.486894130707,1
215,0,0.450963020325,1
215,0,0.347862958908,1
215,0,0.425861120224,1
216,0,0.464656114578,1
216,0,0.340823888779,1
216,0,0.442108869553,1
216,0,0.445560932159,1
216,0,0.336899995804,1
216,0,0.34139084816,1
216,0,0.468261957169,1
216,0,0.444906949997,1
216,0,0.345624923706,1
216,0,0.432626008987,1
217,0,0.465036153793,1
217,0,0.340389966965,1
217,0,0.4381980896,1
217,0,0.442620038986,1
217,0,0.335165977478,1
217,0,0.339505910873,1
217,0,0.471598148346,1
217,0,0.455310106277,1
217,0,0.339612960815,1
217,0,0.431221961975,1
218,0,0.459453821182,1
218,0,0.339445114136,1
218,0,0.454395055771,1
218,0,0.446416139603,1
218,0,0.348522186279,1
218,0,0.344581127167,1
218,0,0.473999023438,1
218,0,0.434657096863,1
218,0,0.337800979614,1
218,0,0.43275809288,1
219,0,0.430119037628,1
219,0,0.345751047134,1
219,0,0.470205068588,1
219,0,0.494852781296,1
219,0,0.342747926712,1
219,0,0.343873977661,1
219,0,0.47980093956,1
219,0,0.428814888,1
219,0,0.336066961288,1
219,0,0.435941934586,1
220,0,0.354587078094,1
220,0,0.476244926453,1
220,0,0.445389032364,1
220,0,0.483325958252,1
220,0,0.454423189163,1
220,0,0.464795827866,1
220,0,0.358840942383,1
220,0,0.354243993759,1
220,0,0.430021047592,1
220,0,0.437388181686,1
221,0,0.354959964752,1
221,0,0.466346979141,1
221,0,0.444770097733,1
221,0,0.438189983368,1
221,0,0.421098947525,1
221,0,0.441236019135,1
221,0,0.334903001785,1
221,0,0.345669031143,1
221,0,0.439407110214,1
221,0,0.422159910202,1
222,0,0.342816114426,1
222,0,0.472539901733,1
222,0,0.437959909439,1
222,0,0.467891931534,1
222,0,0.418370962143,1
222,0,0.452321052551,1
222,0,0.342852115631,1
222,0,0.350514888763,1
222,0,0.437249898911,1
222,0,0.421916007996,1
223,0,0.355077028275,1
223,0,0.46409702301,1
223,0,0.44774389267,1
223,0,0.453229904175,1
223,0,0.4504737854,1
223,0,0.449655056,1
223,0,0.345598936081,1
223,0,0.331893920898,1
223,0,0.416150808334,1
223,0,0.42659497261,1
224,0,0.349244117737,1
224,0,0.453544855118,1
224,0,0.50307393074,1
224,0,0.473316192627,1
224,0,0.426954030991,1
224,0,0.43989109993,1
224,0,0.348989009857,1
224,0,0.343997001648,1
224,0,0.432467937469,1
224,0,0.420328140259,1
225,0,0.469531059265,1
225,0,0.49279499054,1
225,0,0.465080976486,1
225,0,0.372946977615,1
225,0,0.493904829025,1
225,0,0.359122991562,1
225,0,0.36047911644,1
225,0,0.500133037567,1
225,0,0.430311203003,1
225,0,0.359944105148,1
226,0,0.457020044327,1
226,0,0.499616146088,1
226,0,0.452164888382,1
226,0,0.351020812988,1
226,0,0.504492998123,1
226,0,0.346440076828,1
226,0,0.345174074173,1
226,0,0.503453016281,1
226,0,0.46420788765,1
226,0,0.355968952179,1
227,0,0.450581073761,1
227,0,0.499868154526,1
227,0,0.464442968369,1
227,0,0.356461048126,1
227,0,0.482960939407,1
227,0,0.353400945663,1
227,0,0.36542391777,1
227,0,0.526561975479,1
227,0,0.443282842636,1
227,0,0.356706857681,1
228,0,0.444118976593,1
228,0,0.492463111877,1
228,0,0.493804931641,1
228,0,0.362821817398,1
228,0,0.702476024628,1
228,0,0.391080856323,1
228,0,0.386929035187,1
228,0,0.553915023804,1
228,0,0.512534856796,1
228,0,0.396543979645,1
229,0,0.526669979095,1
229,0,0.547183990479,1
229,0,0.53590798378,1
229,0,0.378747224808,1
229,0,0.556755781174,1
229,0,0.455687999725,1
229,0,0.491515159607,1
229,0,0.663905858994,1
229,0,0.512373924255,1
229,0,0.352609872818,1
230,0,0.369210958481,1
230,0,0.47322511673,1
230,0,0.61658000946,1
230,0,0.659744977951,1
230,0,0.396274089813,1
230,0,0.4702501297,1
230,0,0.613978147507,1
230,0,0.735285043716,1
230,0,0.692287921906,1
230,0,0.448830127716,1
231,0,0.402330160141,1
231,0,0.606165885925,1
231,0,0.562570810318,1
231,0,0.499916791916,1
231,0,0.379415035248,1
231,0,0.373227119446,1
231,0,0.517118215561,1
231,0,0.482181072235,1
231,0,0.518229961395,1
231,0,0.375782012939,1
232,0,0.36171913147,1
232,0,0.471098899841,1
232,0,0.469219923019,1
232,0,0.60503911972,1
232,0,0.372977972031,1
232,0,0.413069009781,1
232,0,0.507149934769,1
232,0,0.483605861664,1
232,0,0.546869039536,1
232,0,0.388700008392,1
233,0,0.367943048477,1
233,0,0.482897043228,1
233,0,0.614905118942,1
233,0,0.568251132965,1
233,0,0.466361999512,1
233,0,0.388500928879,1
