0,0,0.0596401691437,1
0,0,0.0585131645203,1
0,0,0.0644040107727,1
0,0,0.0583591461182,1
0,0,0.0557041168213,1
0,0,0.0591561794281,1
0,0,0.06045794487,1
0,0,0.0583479404449,1
0,0,0.0541620254517,1
0,0,0.0595831871033,1
1,0,0.0610117912292,1
1,0,0.0617151260376,1
1,0,0.0625071525574,1
1,0,0.0636630058289,1
1,0,0.0626380443573,1
1,0,0.0673820972443,1
1,0,0.0626451969147,1
1,0,0.0645830631256,1
1,0,0.0623209476471,1
1,0,0.0606250762939,1
2,0,0.0639271736145,1
2,0,0.0667929649353,1
2,0,0.0635190010071,1
2,0,0.0625569820404,1
2,0,0.0647919178009,1
2,0,0.0688021183014,1
2,0,0.0616648197174,1
2,0,0.0652358531952,1
2,0,0.0662221908569,1
2,0,0.067409992218,1
3,0,0.0662019252777,1
3,0,0.0648369789124,1
3,0,0.0656311511993,1
3,0,0.0656061172485,1
3,0,0.0698411464691,1
3,0,0.0687510967255,1
3,0,0.0657720565796,1
3,0,0.0651829242706,1
3,0,0.0685448646545,1
3,0,0.0699119567871,1
4,0,0.0646221637726,1
4,0,0.0661420822144,1
4,0,0.061910867691,1
4,0,0.0672760009766,1
4,0,0.0659420490265,1
4,0,0.065169095993,1
4,0,0.064777135849,1
4,0,0.0642311573029,1
4,0,0.0708639621735,1
4,0,0.0675230026245,1
5,0,0.0745160579681,1
5,0,0.068883895874,1
5,0,0.0758829116821,1
5,0,0.0744450092316,1
5,0,0.070328950882,1
5,0,0.0696120262146,1
5,0,0.0701570510864,1
5,0,0.0733180046082,1
5,0,0.070209980011,1
5,0,0.0697939395905,1
6,0,0.0748121738434,1
6,0,0.0687010288239,1
6,0,0.0736479759216,1
6,0,0.0769989490509,1
6,0,0.0732340812683,1
6,0,0.0709052085876,1
6,0,0.0706810951233,1
6,0,0.0747721195221,1
6,0,0.0759279727936,1
6,0,0.0712900161743,1
7,0,0.0763809680939,1
7,0,0.0699329376221,1
7,0,0.0731949806213,1
7,0,0.0713250637054,1
7,0,0.072714805603,1
7,0,0.0717008113861,1
7,0,0.0709087848663,1
7,0,0.0730581283569,1
7,0,0.0736870765686,1
7,0,0.0763130187988,1
8,0,0.0748360157013,1
8,0,0.0699701309204,1
8,0,0.0735220909119,1
8,0,0.0745930671692,1
8,0,0.0738668441772,1
8,0,0.0735220909119,1
8,0,0.0736920833588,1
8,0,0.0712749958038,1
8,0,0.075217962265,1
8,0,0.0737149715424,1
9,0,0.0820219516754,1
9,0,0.0753688812256,1
9,0,0.0796411037445,1
9,0,0.0769798755646,1
9,0,0.0724029541016,1
9,0,0.0786221027374,1
9,0,0.072005033493,1
9,0,0.0750651359558,1
9,0,0.0755670070648,1
9,0,0.0726289749146,1
10,0,0.0819299221039,1
10,0,0.0835418701172,1
10,0,0.0865941047668,1
10,0,0.0766708850861,1
10,0,0.0791001319885,1
10,0,0.0809469223022,1
10,0,0.0787410736084,1
10,0,0.0772390365601,1
10,0,0.078800201416,1
10,0,0.0817799568176,1
11,0,0.081020116806,1
11,0,0.0763118267059,1
11,0,0.0834379196167,1
11,0,0.0801801681519,1
11,0,0.0820908546448,1
11,0,0.079498052597,1
11,0,0.0808339118958,1
11,0,0.0808172225952,1
11,0,0.0817270278931,1
11,0,0.078803062439,1
12,0,0.0801250934601,1
12,0,0.0829222202301,1
12,0,0.0846960544586,1
12,0,0.0806012153625,1
12,0,0.0840430259705,1
12,0,0.0817818641663,1
12,0,0.0832688808441,1
12,0,0.0807199478149,1
12,0,0.0828349590302,1
12,0,0.0802938938141,1
13,0,0.0847270488739,1
13,0,0.0780320167542,1
13,0,0.0829658508301,1
13,0,0.079952955246,1
13,0,0.0803430080414,1
13,0,0.0817010402679,1
13,0,0.0833449363708,1
13,0,0.0806109905243,1
13,0,0.0792720317841,1
13,0,0.0827789306641,1
14,0,0.0862419605255,1
14,0,0.0776779651642,1
14,0,0.0845060348511,1
14,0,0.0765740871429,1
14,0,0.0837359428406,1
14,0,0.0784947872162,1
14,0,0.0787041187286,1
14,0,0.0811250209808,1
14,0,0.0809280872345,1
14,0,0.0816099643707,1
15,0,0.0966100692749,1
15,0,0.0893909931183,1
15,0,0.092444896698,1
15,0,0.0902380943298,1
15,0,0.0893490314484,1
15,0,0.0884380340576,1
15,0,0.0837199687958,1
15,0,0.0871090888977,1
15,0,0.0855119228363,1
15,0,0.0927979946136,1
16,0,0.096953868866,1
16,0,0.0903408527374,1
16,0,0.0878689289093,1
16,0,0.0917210578918,1
16,0,0.0962908267975,1
16,0,0.0857698917389,1
16,0,0.082221031189,1
16,0,0.0895929336548,1
16,0,0.0879600048065,1
16,0,0.0855600833893,1
17,0,0.0834197998047,1
17,0,0.0832841396332,1
17,0,0.0837099552155,1
17,0,0.0842158794403,1
17,0,0.0846929550171,1
17,0,0.0839190483093,1
17,0,0.0813059806824,1
17,0,0.084892988205,1
17,0,0.0850238800049,1
17,0,0.0877280235291,1
18,0,0.0872480869293,1
18,0,0.0840690135956,1
18,0,0.0867300033569,1
18,0,0.0918498039246,1
18,0,0.0909659862518,1
18,0,0.0927939414978,1
18,0,0.0851030349731,1
18,0,0.0900938510895,1
18,0,0.0878989696503,1
18,0,0.0949530601501,1
19,0,0.0932509899139,1
19,0,0.09539103508,1
19,0,0.0890429019928,1
19,0,0.088809967041,1
19,0,0.089546918869,1
19,0,0.089882850647,1
19,0,0.0839881896973,1
19,0,0.0884718894958,1
19,0,0.0924220085144,1
19,0,0.0927300453186,1
20,0,0.101693868637,1
20,0,0.0986471176147,1
20,0,0.0976722240448,1
20,0,0.0954949855804,1
20,0,0.0921227931976,1
20,0,0.0941910743713,1
20,0,0.0944819450378,1
20,0,0.0941309928894,1
20,0,0.0920860767365,1
20,0,0.0967769622803,1
21,0,0.0984768867493,1
21,0,0.0952501296997,1
21,0,0.0962929725647,1
21,0,0.0991401672363,1
21,0,0.0901069641113,1
21,0,0.0991320610046,1
21,0,0.0955591201782,1
21,0,0.0981209278107,1
21,0,0.0935761928558,1
21,0,0.0979580879211,1
22,0,0.0997278690338,1
22,0,0.103785037994,1
22,0,0.0994219779968,1
22,0,0.0983068943024,1
22,0,0.0925300121307,1
22,0,0.0992398262024,1
22,0,0.099280834198,1
22,0,0.100540161133,1
22,0,0.0899360179901,1
22,0,0.0962791442871,1
23,0,0.0959370136261,1
23,0,0.100406169891,1
23,0,0.0993912220001,1
23,0,0.101363897324,1
23,0,0.0942139625549,1
23,0,0.0998511314392,1
23,0,0.0985291004181,1
23,0,0.102515935898,1
23,0,0.0899138450623,1
23,0,0.0981640815735,1
24,0,0.101469039917,1
24,0,0.0999970436096,1
24,0,0.102407932281,1
24,0,0.0994110107422,1
24,0,0.0951058864594,1
24,0,0.100476980209,1
24,0,0.100456953049,1
24,0,0.0995712280273,1
24,0,0.0895500183105,1
24,0,0.102831125259,1
25,0,0.107357978821,1
25,0,0.103470087051,1
25,0,0.101680040359,1
25,0,0.104401111603,1
25,0,0.108896970749,1
25,0,0.100298881531,1
25,0,0.103381872177,1
25,0,0.106923103333,1
25,0,0.104764938354,1
25,0,0.104108810425,1
26,0,0.102056980133,1
26,0,0.103746891022,1
26,0,0.103319883347,1
26,0,0.0983159542084,1
26,0,0.103790998459,1
26,0,0.0953688621521,1
26,0,0.10603094101,1
26,0,0.107020139694,1
26,0,0.113794803619,1
26,0,0.1052339077,1
27,0,0.108654975891,1
27,0,0.109863996506,1
27,0,0.109740972519,1
27,0,0.0995700359344,1
27,0,0.109051942825,1
27,0,0.0988850593567,1
27,0,0.112183094025,1
27,0,0.103904008865,1
27,0,0.10439491272,1
27,0,0.108304023743,1
28,0,0.107706785202,1
28,0,0.106569051743,1
28,0,0.1057741642,1
28,0,0.0987429618835,1
28,0,0.102668046951,1
28,0,0.0953681468964,1
28,0,0.108579874039,1
28,0,0.110294818878,1
28,0,0.108684062958,1
28,0,0.10403585434,1
29,0,0.108342170715,1
29,0,0.11442399025,1
29,0,0.107511997223,1
29,0,0.101677894592,1
29,0,0.111721992493,1
29,0,0.100077867508,1
29,0,0.112428188324,1
29,0,0.108062028885,1
29,0,0.112994909286,1
29,0,0.105134963989,1
30,0,0.101289987564,1
30,0,0.105664968491,1
30,0,0.102135896683,1
30,0,0.111479043961,1
30,0,0.101704120636,1
30,0,0.108314990997,1
30,0,0.112465143204,1
30,0,0.099907875061,1
30,0,0.102112054825,1
30,0,0.0998342037201,1
31,0,0.10468506813,1
31,0,0.0999820232391,1
31,0,0.0993399620056,1
31,0,0.111221075058,1
31,0,0.103016853333,1
31,0,0.109008073807,1
31,0,0.108753919601,1
31,0,0.107909917831,1
31,0,0.103884935379,1
31,0,0.100897073746,1
32,0,0.105989933014,1
32,0,0.11329293251,1
32,0,0.105612039566,1
32,0,0.115948915482,1
32,0,0.108782052994,1
32,0,0.116498947144,1
32,0,0.112588167191,1
32,0,0.101091861725,1
32,0,0.111572980881,1
32,0,0.108006954193,1
33,0,0.105431079865,1
33,0,0.104838848114,1
33,0,0.108586072922,1
33,0,0.119833946228,1
33,0,0.107879161835,1
33,0,0.114151000977,1
33,0,0.112928152084,1
33,0,0.100636959076,1
33,0,0.105648994446,1
33,0,0.105354070663,1
34,0,0.10227394104,1
34,0,0.104306936264,1
34,0,0.106800079346,1
34,0,0.125216007233,1
34,0,0.104940891266,1
34,0,0.113672971725,1
34,0,0.113033056259,1
34,0,0.107287168503,1
34,0,0.108155965805,1
34,0,0.102962017059,1
35,0,0.125468015671,1
35,0,0.108602046967,1
35,0,0.110944986343,1
35,0,0.110311985016,1
35,0,0.117522001266,1
35,0,0.119368076324,1
35,0,0.108294963837,1
35,0,0.11078286171,1
35,0,0.118745088577,1
35,0,0.109323978424,1
36,0,0.121552944183,1
36,0,0.110975980759,1
36,0,0.108995914459,1
36,0,0.113214015961,1
36,0,0.120342969894,1
36,0,0.12416601181,1
36,0,0.113450050354,1
36,0,0.112314939499,1
36,0,0.12832903862,1
36,0,0.111557006836,1
37,0,0.117415189743,1
37,0,0.114600896835,1
37,0,0.110458850861,1
37,0,0.111043930054,1
37,0,0.118467092514,1
37,0,0.128142118454,1
37,0,0.109742164612,1
37,0,0.113657951355,1
37,0,0.134701013565,1
37,0,0.111711025238,1
38,0,0.120995998383,1
38,0,0.113755941391,1
38,0,0.108886957169,1
38,0,0.114614009857,1
38,0,0.121194839478,1
38,0,0.124109983444,1
38,0,0.113400936127,1
38,0,0.114264011383,1
38,0,0.13094496727,1
38,0,0.108510971069,1
39,0,0.120635986328,1
39,0,0.106858968735,1
39,0,0.106508016586,1
39,0,0.107209920883,1
39,0,0.122623920441,1
39,0,0.125827074051,1
39,0,0.114105224609,1
39,0,0.110916137695,1
39,0,0.122569084167,1
39,0,0.113284111023,1
40,0,0.128828048706,1
40,0,0.123912096024,1
40,0,0.114014863968,1
40,0,0.114687919617,1
40,0,0.127729892731,1
40,0,0.128722190857,1
40,0,0.131105899811,1
40,0,0.120944023132,1
40,0,0.125735998154,1
40,0,0.133991003036,1
41,0,0.136147022247,1
41,0,0.132174015045,1
41,0,0.116358995438,1
41,0,0.120801925659,1
41,0,0.129363059998,1
41,0,0.129456043243,1
41,0,0.129634141922,1
41,0,0.125959157944,1
41,0,0.126464128494,1
41,0,0.130534172058,1
42,0,0.130569934845,1
42,0,0.127153873444,1
42,0,0.111869096756,1
42,0,0.11350607872,1
42,1,0.127893924713,1
42,0,0.142784118652,1
42,0,0.127951860428,1
42,0,0.119661092758,1
42,0,0.126638889313,1
42,0,0.132978916168,1
43,0,0.135040998459,1
43,0,0.130173206329,1
43,0,0.120530843735,1
43,0,0.120603084564,1
43,0,0.131906986237,1
43,0,0.128136873245,1
43,0,0.133430957794,1
43,0,0.117983818054,1
43,0,0.132565021515,1
43,0,0.132439851761,1
44,0,0.136408090591,1
44,1,0.116508960724,1
44,0,0.120409965515,1
44,0,0.120921850204,1
44,0,0.128426790237,1
44,1,0.119573116302,1
44,0,0.131596088409,1
44,0,0.122324943542,1
44,0,0.125188112259,1
44,0,0.133795022964,1
