0,0,0.0588400363922,1
0,0,0.0599691867828,1
0,0,0.0616750717163,1
0,0,0.056615114212,1
0,0,0.0570330619812,1
0,0,0.0561540126801,1
0,0,0.0563859939575,1
0,0,0.0582959651947,1
0,0,0.0567579269409,1
0,0,0.0566439628601,1
1,0,0.0595009326935,1
1,0,0.059014081955,1
1,0,0.0595500469208,1
1,0,0.060084104538,1
1,0,0.0596630573273,1
1,0,0.0640640258789,1
1,0,0.0624151229858,1
1,0,0.0562520027161,1
1,0,0.0582990646362,1
1,0,0.0567059516907,1
2,0,0.0634560585022,1
2,0,0.0641510486603,1
2,0,0.0640070438385,1
2,0,0.0612950325012,1
2,0,0.0610890388489,1
2,0,0.0591149330139,1
2,0,0.0633029937744,1
2,0,0.0605680942535,1
2,0,0.0580499172211,1
2,0,0.0626718997955,1
3,0,0.0652480125427,1
3,0,0.0655179023743,1
3,0,0.0620620250702,1
3,0,0.0714519023895,1
3,0,0.071524143219,1
3,0,0.0668079853058,1
3,0,0.0625340938568,1
3,0,0.0638871192932,1
3,0,0.061488866806,1
3,0,0.0618867874146,1
4,0,0.0651721954346,1
4,0,0.062961101532,1
4,0,0.06476521492,1
4,0,0.067312002182,1
4,0,0.0641770362854,1
4,0,0.0672161579132,1
4,0,0.063355922699,1
4,0,0.0656270980835,1
4,0,0.0635559558868,1
4,0,0.0648491382599,1
5,0,0.0715169906616,1
5,0,0.0715260505676,1
5,0,0.0769958496094,1
5,0,0.0797009468079,1
5,0,0.074893951416,1
5,0,0.0691909790039,1
5,0,0.0718960762024,1
5,0,0.0713770389557,1
5,0,0.0750410556793,1
5,0,0.0751171112061,1
6,0,0.071270942688,1
6,0,0.0704190731049,1
6,0,0.075562953949,1
6,0,0.0806040763855,1
6,0,0.0777161121368,1
6,0,0.0733480453491,1
6,0,0.0722868442535,1
6,0,0.0744590759277,1
6,0,0.0714290142059,1
6,0,0.0758528709412,1
7,0,0.0707170963287,1
7,0,0.0725181102753,1
7,0,0.0704610347748,1
7,0,0.0693249702454,1
7,0,0.0743081569672,1
7,0,0.070631980896,1
7,0,0.0755410194397,1
7,0,0.0725569725037,1
7,0,0.0715460777283,1
7,0,0.0742268562317,1
8,0,0.0699489116669,1
8,0,0.0717771053314,1
8,0,0.0719048976898,1
8,0,0.0759680271149,1
8,0,0.0732760429382,1
8,0,0.0812320709229,1
8,0,0.0736541748047,1
8,0,0.073744058609,1
8,0,0.0738718509674,1
8,0,0.0737240314484,1
9,0,0.0721600055695,1
9,0,0.0726561546326,1
9,0,0.0723869800568,1
9,0,0.0734009742737,1
9,0,0.0727500915527,1
9,0,0.0749518871307,1
9,0,0.0791330337524,1
9,0,0.0775139331818,1
9,0,0.0741820335388,1
9,0,0.0759420394897,1
10,0,0.0789361000061,1
10,0,0.080570936203,1
10,0,0.0784389972687,1
10,0,0.0807108879089,1
10,0,0.077968120575,1
10,0,0.0814998149872,1
10,0,0.0833609104156,1
10,0,0.0810949802399,1
10,0,0.0763609409332,1
10,0,0.0799081325531,1
11,0,0.0804688930511,1
11,0,0.0871698856354,1
11,0,0.0783679485321,1
11,0,0.0830800533295,1
11,0,0.0759520530701,1
11,0,0.0782899856567,1
11,0,0.078136920929,1
11,0,0.0797169208527,1
11,0,0.0809719562531,1
11,0,0.0815870761871,1
12,0,0.0809860229492,1
12,0,0.0873899459839,1
12,0,0.0770120620728,1
12,0,0.0850570201874,1
12,0,0.0782740116119,1
12,0,0.0806400775909,1
12,0,0.0859439373016,1
12,0,0.0802090167999,1
12,0,0.0774538516998,1
12,0,0.0815351009369,1
13,0,0.0811660289764,1
13,0,0.0875980854034,1
13,0,0.0818250179291,1
13,0,0.0873260498047,1
13,0,0.0782008171082,1
13,0,0.0815877914429,1
13,0,0.0858640670776,1
13,0,0.0845100879669,1
13,0,0.0818319320679,1
13,0,0.0847978591919,1
14,0,0.0834119319916,1
14,0,0.0865149497986,1
14,0,0.0804569721222,1
14,0,0.0841901302338,1
14,0,0.0797181129456,1
14,0,0.0807628631592,1
14,0,0.0812029838562,1
14,0,0.0857660770416,1
14,0,0.0819129943848,1
14,0,0.0831508636475,1
15,0,0.0933349132538,1
15,0,0.0897450447083,1
15,0,0.0952389240265,1
15,0,0.0891489982605,1
15,0,0.0917451381683,1
15,0,0.0886280536652,1
15,0,0.0847339630127,1
15,0,0.092178106308,1
15,0,0.0920810699463,1
15,0,0.0948190689087,1
16,0,0.0895659923553,1
16,0,0.0896599292755,1
16,0,0.0880169868469,1
16,0,0.0834047794342,1
16,0,0.0926671028137,1
16,0,0.089362859726,1
16,0,0.0848999023438,1
16,0,0.0859198570251,1
16,0,0.0921099185944,1
16,0,0.0879299640656,1
17,0,0.0864770412445,1
17,0,0.0914218425751,1
17,0,0.0897779464722,1
17,0,0.0865981578827,1
17,0,0.0888011455536,1
17,0,0.0882530212402,1
17,0,0.0851120948792,1
17,0,0.0937860012054,1
17,0,0.0920000076294,1
17,0,0.089005947113,1
18,0,0.0868029594421,1
18,0,0.0899379253387,1
18,0,0.0968961715698,1
18,0,0.08615899086,1
18,0,0.0899758338928,1
18,0,0.0897839069366,1
18,0,0.0878391265869,1
18,0,0.0897350311279,1
18,0,0.0906021595001,1
18,0,0.0847361087799,1
19,0,0.0887379646301,1
19,0,0.0935771465302,1
19,0,0.0891959667206,1
19,0,0.0869319438934,1
19,0,0.0907261371613,1
19,0,0.0900831222534,1
19,0,0.0881941318512,1
19,0,0.0926718711853,1
19,0,0.0911259651184,1
19,0,0.0901639461517,1
20,0,0.0992109775543,1
20,0,0.0975379943848,1
20,0,0.0970890522003,1
20,0,0.0988340377808,1
20,0,0.100934028625,1
20,0,0.0978450775146,1
20,0,0.0930960178375,1
20,0,0.0922610759735,1
20,0,0.101141929626,1
20,0,0.10219502449,1
21,0,0.097843170166,1
21,0,0.098109960556,1
21,0,0.0953998565674,1
21,0,0.0963749885559,1
21,0,0.0978889465332,1
21,0,0.0908741950989,1
21,0,0.0971210002899,1
21,0,0.095862865448,1
21,0,0.0985641479492,1
21,0,0.0965778827667,1
22,0,0.101651906967,1
22,0,0.104277133942,1
22,0,0.0984828472137,1
22,0,0.100592136383,1
22,0,0.109038114548,1
22,0,0.0936660766602,1
22,0,0.0956671237946,1
22,0,0.0936620235443,1
22,0,0.103254079819,1
22,0,0.103647947311,1
23,0,0.104923009872,1
23,0,0.0970239639282,1
23,0,0.100980997086,1
23,0,0.100307941437,1
23,0,0.0963900089264,1
23,0,0.0909700393677,1
23,0,0.100224971771,1
23,0,0.0917420387268,1
23,0,0.0974791049957,1
23,0,0.0980968475342,1
24,0,0.0949580669403,1
24,0,0.0961060523987,1
24,0,0.0963790416718,1
24,0,0.0957891941071,1
24,0,0.102895021439,1
24,0,0.0911011695862,1
24,0,0.0955839157104,1
24,0,0.0892639160156,1
24,0,0.0996499061584,1
24,0,0.100870847702,1
25,0,0.105636119843,1
25,0,0.0969169139862,1
25,0,0.0979871749878,1
25,0,0.105640888214,1
25,0,0.101053953171,1
25,0,0.0960609912872,1
25,0,0.101187944412,1
25,0,0.10550904274,1
25,0,0.0955519676208,1
25,0,0.0943989753723,1
26,0,0.104744911194,1
26,0,0.100697040558,1
26,0,0.0950820446014,1
26,0,0.098984003067,1
26,0,0.0953350067139,1
26,0,0.100712060928,1
26,0,0.103212118149,1
26,0,0.0970098972321,1
26,0,0.0966989994049,1
26,0,0.0977520942688,1
27,0,0.104372024536,1
27,0,0.102999925613,1
27,0,0.0978178977966,1
27,0,0.10262298584,1
27,0,0.0945191383362,1
27,0,0.0968198776245,1
27,0,0.10582780838,1
27,0,0.102672100067,1
27,0,0.0997910499573,1
27,0,0.0951070785522,1
28,0,0.104574918747,1
28,0,0.100676059723,1
28,0,0.0967390537262,1
28,0,0.103146791458,1
28,0,0.101266145706,1
28,0,0.0991439819336,1
28,0,0.103553771973,1
28,0,0.101472139359,1
28,0,0.100420951843,1
28,0,0.106437206268,1
29,0,0.108186006546,1
29,0,0.102500915527,1
29,0,0.109065055847,1
29,0,0.103880882263,1
29,0,0.0993280410767,1
29,0,0.0974850654602,1
29,0,0.104970932007,1
29,0,0.101032018661,1
29,0,0.0967409610748,1
29,0,0.0987191200256,1
30,0,0.106799840927,1
30,0,0.112009048462,1
30,0,0.102473974228,1
30,0,0.110561847687,1
30,0,0.102797031403,1
30,0,0.107506036758,1
30,0,0.103032112122,1
30,0,0.1135160923,1
30,0,0.110060214996,1
30,0,0.106420993805,1
31,0,0.102658033371,1
31,0,0.113760948181,1
31,0,0.106237888336,1
31,0,0.106145143509,1
31,0,0.105506896973,1
31,0,0.114450931549,1
31,0,0.103490114212,1
31,0,0.115485906601,1
31,0,0.104964017868,1
31,0,0.108263015747,1
32,0,0.102072000504,1
32,0,0.112377882004,1
32,0,0.11150598526,1
32,0,0.114856958389,1
32,0,0.106444835663,1
32,0,0.114553928375,1
32,0,0.105899810791,1
32,0,0.115000009537,1
32,0,0.10079908371,1
32,0,0.108883857727,1
33,0,0.105229139328,1
33,0,0.114567995071,1
33,0,0.102690935135,1
33,0,0.114105939865,1
33,0,0.103196144104,1
33,0,0.108931064606,1
33,0,0.107229948044,1
33,0,0.115945100784,1
33,0,0.105804920197,1
33,0,0.105641126633,1
34,0,0.108244895935,1
34,0,0.118063211441,1
34,0,0.105217933655,1
34,0,0.116821050644,1
34,0,0.107749938965,1
34,0,0.112879991531,1
34,0,0.107033967972,1
34,0,0.111989974976,1
34,0,0.103012084961,1
34,0,0.103707075119,1
35,0,0.106622934341,1
35,0,0.114617824554,1
35,0,0.116006135941,1
35,0,0.105208158493,1
35,0,0.119131088257,1
35,0,0.11301279068,1
35,0,0.111241102219,1
35,0,0.113195180893,1
35,0,0.103421926498,1
35,0,0.120065927505,1
36,0,0.104140996933,1
36,0,0.120573997498,1
36,0,0.120262145996,1
36,0,0.107491016388,1
36,0,0.11727309227,1
36,0,0.118472099304,1
36,0,0.117275953293,1
36,0,0.115566015244,1
36,0,0.10591506958,1
36,0,0.127422094345,1
37,0,0.107352972031,1
37,0,0.122609853745,1
37,0,0.122410058975,1
37,0,0.108839035034,1
37,0,0.122272014618,1
37,0,0.126296043396,1
37,0,0.125427007675,1
37,0,0.124583005905,1
37,0,0.111816883087,1
37,0,0.128830909729,1
38,0,0.110154867172,1
38,0,0.125343084335,1
38,0,0.119191169739,1
38,0,0.111225128174,1
38,0,0.12073802948,1
38,0,0.1207010746,1
38,0,0.119746923447,1
38,0,0.12225985527,1
38,0,0.111791849136,1
38,0,0.12934088707,1
39,0,0.110121011734,1
39,0,0.121997117996,1
39,0,0.117899894714,1
39,0,0.111441135406,1
39,0,0.124325037003,1
39,0,0.125067949295,1
39,0,0.126408100128,1
39,0,0.120526075363,1
39,0,0.108888864517,1
39,0,0.127023935318,1
40,0,0.115019083023,1
40,0,0.112096071243,1
40,0,0.125653982162,1
40,0,0.132645845413,1
40,0,0.127134084702,1
40,0,0.12936091423,1
40,0,0.132996082306,1
40,0,0.131026983261,1
40,0,0.120973110199,1
40,0,0.128763914108,1
41,0,0.116585969925,1
41,0,0.115367889404,1
41,0,0.125858068466,1
41,0,0.131880044937,1
41,0,0.130228996277,1
41,0,0.139873027802,1
41,0,0.133500099182,1
41,0,0.130551099777,1
41,0,0.129801988602,1
41,0,0.128268003464,1
42,0,0.122241973877,1
42,0,0.116782188416,1
42,0,0.128712177277,1
42,0,0.127604961395,1
42,0,0.140667915344,1
42,0,0.137084007263,1
42,0,0.13556098938,1
42,0,0.136395931244,1
42,0,0.128714084625,1
42,0,0.12771320343,1
43,0,0.116019010544,1
43,0,0.115411996841,1
43,0,0.132439136505,1
43,0,0.130007982254,1
43,0,0.13564991951,1
43,0,0.138549804688,1
43,0,0.136137962341,1
43,0,0.132750988007,1
43,0,0.130726099014,1
43,0,0.13552904129,1
44,0,0.119602918625,1
44,0,0.113301992416,1
44,0,0.126626968384,1
44,0,0.134736061096,1
44,0,0.132404088974,1
44,0,0.136610984802,1
44,0,0.145138025284,1
44,0,0.133527040482,1
44,0,0.128659963608,1
44,0,0.125947952271,1
45,0,0.137322902679,1
45,0,0.122173070908,1
45,0,0.125206947327,1
45,0,0.129499912262,1
45,0,0.133381128311,1
45,0,0.131967782974,1
45,0,0.119756937027,1
45,0,0.136564016342,1
45,0,0.127466917038,1
45,0,0.123433828354,1
46,0,0.144495010376,1
46,0,0.127665996552,1
46,0,0.12376999855,1
46,0,0.139567136765,1
46,0,0.138761043549,1
46,0,0.135956048965,1
46,0,0.123328924179,1
46,0,0.149775981903,1
46,0,0.12845492363,1
46,0,0.12589597702,1
47,0,0.146096944809,1
47,0,0.125960111618,1
47,0,0.129118919373,1
47,0,0.137193918228,1
47,0,0.13938999176,1
47,0,0.140072107315,1
47,0,0.125744819641,1
47,0,0.138296127319,1
47,0,0.125781774521,1
47,0,0.13082909584,1
48,0,0.144342184067,1
48,0,0.129600048065,1
48,0,0.128525972366,1
48,0,0.139031887054,1
48,0,0.141184091568,1
48,0,0.137645959854,1
48,0,0.1258020401,1
48,0,0.138249158859,1
48,0,0.125804901123,1
48,0,0.12331199646,1
49,0,0.146182060242,1
49,0,0.124230861664,1
49,0,0.128294944763,1
49,0,0.138790845871,1
49,0,0.141223192215,1
49,0,0.139754056931,1
49,0,0.123203992844,1
49,0,0.149366140366,1
49,0,0.124351024628,1
49,0,0.124811887741,1
50,0,0.142070055008,1
50,0,0.149394989014,1
50,0,0.132302999496,1
50,0,0.143934011459,1
50,0,0.129137039185,1
50,0,0.140121936798,1
50,0,0.145988941193,1
50,0,0.126595020294,1
50,0,0.132962942123,1
50,0,0.128479957581,1
51,0,0.145215034485,1
51,0,0.150182008743,1
51,0,0.128813028336,1
51,0,0.145750999451,1
51,0,0.12672996521,1
51,0,0.14061999321,1
51,0,0.148269176483,1
51,0,0.128432035446,1
51,0,0.130203962326,1
51,0,0.127038002014,1
52,0,0.14741897583,1
52,0,0.149677038193,1
52,0,0.127640962601,1
52,0,0.147583961487,1
52,0,0.127691030502,1
52,0,0.147864103317,1
52,0,0.147403001785,1
52,0,0.126051902771,1
52,0,0.13371515274,1
52,0,0.127522945404,1
53,0,0.140851020813,1
53,0,0.146672010422,1
53,0,0.126209974289,1
53,0,0.150848150253,1
53,0,0.135025978088,1
53,0,0.142639875412,1
53,0,0.150829076767,1
53,0,0.13348698616,1
53,0,0.132030963898,1
53,0,0.133610963821,1
54,0,0.144872188568,1
54,0,0.149775981903,1
54,0,0.125652074814,1
54,0,0.154746055603,1
54,0,0.125694036484,1
54,0,0.141143083572,1
54,0,0.152102947235,1
54,0,0.126976966858,1
54,0,0.128650903702,1
54,0,0.13116312027,1
55,0,0.150749921799,1
55,0,0.154453992844,1
55,0,0.136229991913,1
55,0,0.148576974869,1
55,0,0.135311126709,1
55,0,0.138371944427,1
55,0,0.156838178635,1
55,0,0.15637588501,1
55,0,0.137803792953,1
55,0,0.143456935883,1
56,0,0.152111053467,1
56,0,0.150196075439,1
56,0,0.138067007065,1
56,0,0.163285017014,1
56,0,0.137380123138,1
56,0,0.138263940811,1
56,0,0.15331196785,1
56,0,0.159268140793,1
56,0,0.137487888336,1
56,0,0.140902996063,1
57,0,0.155201911926,1
57,0,0.164006948471,1
57,0,0.139796972275,1
57,0,0.160950183868,1
57,0,0.136175870895,1
57,0,0.136974096298,1
57,0,0.1590487957,1
57,0,0.150748968124,1
57,0,0.142439126968,1
57,0,0.145670175552,1
58,0,0.158468008041,1
58,0,0.159502983093,1
58,0,0.133337020874,1
58,0,0.155460119247,1
58,0,0.136228084564,1
58,0,0.137001037598,1
58,0,0.149996995926,1
58,0,0.147280931473,1
58,0,0.144101858139,1
58,0,0.142777919769,1
59,0,0.157105207443,1
59,0,0.157981157303,1
59,0,0.137501001358,1
59,0,0.155493021011,1
59,0,0.137019872665,1
59,0,0.135662078857,1
59,0,0.156754970551,1
59,0,0.158854007721,1
59,0,0.135092973709,1
59,0,0.136919975281,1
60,0,0.174167156219,1
60,0,0.148519039154,1
60,0,0.151641130447,1
60,0,0.161379814148,1
60,0,0.16997718811,1
60,0,0.142951011658,1
60,0,0.144972085953,1
60,0,0.142169952393,1
60,0,0.157611131668,1
60,0,0.160875082016,1
61,0,0.173107862473,1
61,0,0.144059896469,1
61,0,0.146125078201,1
61,0,0.160557985306,1
61,0,0.163227081299,1
61,0,0.146878957748,1
61,0,0.143180847168,1
61,0,0.141758918762,1
61,0,0.162090063095,1
61,0,0.165285110474,1
62,0,0.177795886993,1
62,0,0.147397041321,1
62,0,0.143923044205,1
62,0,0.159886837006,1
62,0,0.161773920059,1
62,0,0.154213905334,1
62,0,0.146618127823,1
62,0,0.14355802536,1
62,0,0.174093008041,1
62,0,0.165399074554,1
63,0,0.170320987701,1
63,0,0.148992061615,1
63,0,0.145628929138,1
63,0,0.164245843887,1
63,0,0.160614013672,1
63,0,0.150016069412,1
63,0,0.142683029175,1
63,0,0.143754959106,1
63,0,0.162718057632,1
63,0,0.161154985428,1
64,0,0.171519041061,1
64,0,0.153095006943,1
64,0,0.150107145309,1
64,0,0.156754970551,1
64,0,0.163750886917,1
64,0,0.146391153336,1
64,0,0.144215106964,1
64,0,0.144725084305,1
64,0,0.165158987045,1
64,0,0.157793045044,1
65,0,0.144883871078,1
65,0,0.148340940475,1
65,0,0.170049190521,1
65,0,0.15012216568,1
65,0,0.170855998993,1
65,0,0.182476043701,1
65,0,0.14729309082,1
65,0,0.173887014389,1
65,0,0.172468900681,1
65,0,0.171136140823,1
66,0,0.157166004181,1
66,0,0.155237913132,1
66,0,0.164816141129,1
66,0,0.154637098312,1
66,0,0.17266201973,1
66,0,0.176455974579,1
66,0,0.145580053329,1
66,0,0.170185089111,1
66,0,0.165899991989,1
66,0,0.170271873474,1
67,0,0.151148080826,1
67,0,0.152537107468,1
67,0,0.174609899521,1
67,0,0.152088165283,1
67,0,0.169009923935,1
67,0,0.189517974854,1
67,0,0.149371147156,1
67,0,0.176429986954,1
67,0,0.170407056808,1
67,0,0.165491104126,1
68,0,0.150335073471,1
68,0,0.150425195694,1
68,0,0.177406072617,1
68,0,0.151383876801,1
68,0,0.177912950516,1
68,0,0.183256149292,1
68,0,0.14989900589,1
68,0,0.169646978378,1
68,0,0.177315950394,1
68,0,0.174299955368,1
69,0,0.145039081573,1
69,0,0.155709028244,1
69,0,0.170284986496,1
69,0,0.148889064789,1
69,0,0.168098926544,1
69,0,0.179410934448,1
69,0,0.149315834045,1
69,0,0.177222013474,1
69,0,0.168396949768,1
69,0,0.177661895752,1
70,0,0.176955938339,1
70,0,0.159837007523,1
70,0,0.174556016922,1
70,0,0.156213998795,1
70,0,0.173298120499,1
70,0,0.188241004944,1
70,0,0.158768892288,1
70,0,0.154812812805,1
70,0,0.159317970276,1
70,0,0.153270959854,1
71,0,0.169679164886,1
71,0,0.157384872437,1
71,0,0.179329872131,1
71,0,0.153798818588,1
71,0,0.180610895157,1
71,0,0.188768148422,1
71,0,0.153421878815,1
71,0,0.149903059006,1
71,0,0.161799192429,1
71,0,0.155292034149,1
72,0,0.182028055191,1
72,0,0.155831813812,1
72,0,0.172342061996,1
72,0,0.154037952423,1
72,0,0.173573970795,1
72,0,0.19157910347,1
72,0,0.157826900482,1
72,0,0.154002904892,1
72,0,0.155062913895,1
72,0,0.156112909317,1
73,0,0.178868055344,1
73,0,0.150176048279,1
73,0,0.180181980133,1
73,0,0.159457206726,1
73,0,0.176175117493,1
73,0,0.182438850403,1
73,0,0.155231952667,1
73,0,0.159029960632,1
73,0,0.149971008301,1
73,0,0.154886960983,1
74,0,0.181719064713,1
74,0,0.153454065323,1
74,0,0.174477100372,1
74,0,0.152848958969,1
74,0,0.172323942184,1
74,0,0.192447900772,1
74,0,0.1556661129,1
74,0,0.163541078568,1
74,0,0.155992984772,1
74,0,0.152506113052,1
75,0,0.163147926331,1
75,0,0.169528007507,1
75,0,0.18492603302,1
75,0,0.192445993423,1
75,0,0.162395000458,1
75,0,0.184043169022,1
75,0,0.184383153915,1
75,0,0.16384601593,1
75,0,0.167016983032,1
75,0,0.164058923721,1
76,0,0.160580873489,1
76,0,0.16313290596,1
76,0,0.185570955276,1
76,0,0.20049905777,1
76,0,0.163502931595,1
76,0,0.193387985229,1
76,0,0.193012952805,1
76,0,0.163058996201,1
76,0,0.165092945099,1
76,0,0.16450214386,1
77,0,0.165879011154,1
77,0,0.167921066284,1
77,0,0.196964979172,1
77,0,0.188329935074,1
77,0,0.177407979965,1
77,0,0.187247037888,1
77,0,0.199007987976,1
77,0,0.162636995316,1
77,0,0.164994001389,1
77,0,0.161930084229,1
78,0,0.15605711937,1
78,0,0.160468101501,1
78,0,0.18487906456,1
78,0,0.185057878494,1
78,0,0.159942150116,1
78,0,0.198659896851,1
78,0,0.186048030853,1
78,0,0.156692028046,1
78,0,0.163046836853,1
78,0,0.16764497757,1
79,0,0.165827989578,1
79,0,0.163170099258,1
79,0,0.189862966537,1
79,0,0.189051151276,1
79,0,0.161683797836,1
79,0,0.185086965561,1
79,0,0.192312002182,1
79,0,0.168291807175,1
79,0,0.164629936218,1
79,0,0.16468501091,1
80,0,0.169269800186,1
80,0,0.205395936966,1
80,0,0.192950963974,1
80,0,0.172014951706,1
80,0,0.200316905975,1
80,0,0.169694900513,1
80,0,0.197863101959,1
80,0,0.17412686348,1
80,0,0.166864156723,1
80,0,0.165170907974,1
81,0,0.170475006104,1
81,0,0.20903301239,1
81,0,0.197491884232,1
81,0,0.167925834656,1
81,0,0.199949979782,1
81,0,0.16975402832,1
81,0,0.203120946884,1
81,0,0.167603969574,1
81,0,0.165199995041,1
81,0,0.168481111526,1
82,0,0.167023181915,1
82,0,0.210406064987,1
82,0,0.181962013245,1
82,0,0.169003009796,1
82,0,0.197422027588,1
82,0,0.164614915848,1
82,0,0.192393064499,1
82,0,0.173263072968,1
82,0,0.161684036255,1
82,0,0.165979146957,1
83,0,0.169106960297,1
83,0,0.201050043106,1
83,0,0.190850019455,1
83,0,0.16472196579,1
83,0,0.203098058701,1
83,0,0.163336992264,1
83,0,0.199774980545,1
83,0,0.166063070297,1
83,0,0.168741226196,1
83,0,0.164952993393,1
84,0,0.167356014252,1
84,0,0.204592943192,1
84,0,0.192847967148,1
84,0,0.16862487793,1
84,0,0.190806150436,1
84,0,0.161810874939,1
84,0,0.193904876709,1
84,0,0.168877124786,1
84,0,0.165652036667,1
84,0,0.167493104935,1
85,0,0.199239969254,1
85,0,0.204838037491,1
85,0,0.180153846741,1
85,0,0.21585893631,1
85,0,0.173271894455,1
85,0,0.17893910408,1
85,0,0.209980964661,1
85,0,0.214728116989,1
85,0,0.202157974243,1
85,0,0.204822063446,1
86,0,0.206058979034,1
86,0,0.205537080765,1
86,0,0.179186105728,1
86,0,0.21716094017,1
86,0,0.176184892654,1
86,0,0.174055099487,1
86,0,0.206971168518,1
86,0,0.206215858459,1
86,0,0.197546005249,1
86,0,0.202440023422,1
87,0,0.204526901245,1
87,0,0.208384037018,1
87,0,0.172671079636,1
87,0,0.210493087769,1
87,0,0.171993017197,1
87,0,0.177052974701,1
87,0,0.207525014877,1
87,0,0.200399875641,1
87,0,0.208082914352,1
87,0,0.193583011627,1
88,0,0.196469068527,1
88,0,0.20304107666,1
88,0,0.178092002869,1
88,0,0.206295013428,1
88,0,0.173427820206,1
88,0,0.171938180923,1
88,0,0.202180862427,1
88,0,0.198726892471,1
88,0,0.203373193741,1
88,0,0.195495843887,1
89,0,0.201216936111,1
89,0,0.198319911957,1
89,0,0.176158189774,1
89,0,0.230089902878,1
89,0,0.173795938492,1
89,0,0.172568082809,1
89,0,0.199034929276,1
89,0,0.194010019302,1
89,0,0.20577788353,1
89,0,0.19798207283,1
90,0,0.189106941223,1
90,0,0.223159074783,1
90,0,0.190832138062,1
90,0,0.176997184753,1
90,0,0.222851991653,1
90,0,0.180227994919,1
90,0,0.218466997147,1
90,0,0.180763959885,1
90,0,0.205879926682,1
90,0,0.216622829437,1
91,0,0.18737411499,1
91,0,0.223727941513,1
91,0,0.189547777176,1
91,0,0.188990831375,1
91,0,0.211763143539,1
91,0,0.187504053116,1
91,0,0.221234083176,1
91,0,0.182191848755,1
91,0,0.217800855637,1
91,0,0.218707084656,1
92,0,0.179843187332,1
92,0,0.210885047913,1
92,0,0.186581850052,1
92,0,0.182319879532,1
92,0,0.218246936798,1
92,0,0.181516170502,1
92,0,0.214713811874,1
92,0,0.177427053452,1
92,0,0.213557004929,1
92,0,0.223842144012,1
93,0,0.185775995255,1
93,0,0.211062192917,1
93,0,0.180227994919,1
93,0,0.179337024689,1
93,0,0.210853815079,1
93,0,0.176479101181,1
93,0,0.218566894531,1
93,0,0.179251194,1
93,0,0.207895994186,1
93,0,0.21776509285,1
94,0,0.185465097427,1
94,0,0.216891050339,1
94,0,0.180975914001,1
94,0,0.180220127106,1
94,0,0.218466043472,1
94,0,0.182581186295,1
94,0,0.216409921646,1
94,0,0.182457923889,1
94,0,0.215110063553,1
94,0,0.22518491745,1
95,0,0.1840031147,1
95,0,0.188403844833,1
95,0,0.190958023071,1
95,0,0.186875104904,1
95,0,0.220028877258,1
95,0,0.190575122833,1
95,0,0.227828025818,1
95,0,0.226283073425,1
95,0,0.224790096283,1
95,0,0.176129102707,1
96,0,0.178751945496,1
96,0,0.211777925491,1
96,0,0.190813064575,1
96,0,0.194323062897,1
96,0,0.211805820465,1
96,0,0.185712814331,1
96,0,0.221429109573,1
96,0,0.221066951752,1
96,0,0.232950925827,1
96,0,0.191962003708,1
97,0,0.191301107407,1
97,0,0.182126998901,1
97,0,0.184371948242,1
97,0,0.191648960114,1
97,0,0.2120449543,1
97,0,0.187729120255,1
97,0,0.216271877289,1
97,0,0.207370996475,1
97,0,0.222378015518,1
97,0,0.193192958832,1
98,0,0.181046962738,1
98,0,0.18715596199,1
98,0,0.184026002884,1
98,0,0.183691978455,1
98,0,0.221716165543,1
98,0,0.186481952667,1
98,0,0.221564054489,1
98,0,0.220052957535,1
98,0,0.221859931946,1
98,0,0.18416595459,1
99,0,0.183402776718,1
99,0,0.18997502327,1
99,0,0.18327999115,1
99,0,0.191659927368,1
99,0,0.216526031494,1
99,0,0.184680938721,1
99,0,0.226157188416,1
99,0,0.215441942215,1
99,0,0.231634140015,1
99,0,0.187449932098,1
100,0,0.202646017075,1
100,0,0.228678941727,1
100,0,0.238958835602,1
100,0,0.189972877502,1
100,0,0.228857040405,1
100,0,0.194476127625,1
100,0,0.233448028564,1
100,0,0.231168985367,1
100,0,0.230854034424,1
100,0,0.23033285141,1
101,0,0.190688848495,1
101,0,0.232084989548,1
101,0,0.219629049301,1
101,0,0.200932979584,1
101,0,0.228539943695,1
101,0,0.190164089203,1
101,0,0.225399017334,1
101,0,0.239152908325,1
101,0,0.233710050583,1
101,0,0.224892139435,1
102,0,0.19514298439,1
102,0,0.232562065125,1
102,0,0.238891124725,1
102,0,0.197582006454,1
102,0,0.241031169891,1
102,0,0.189809083939,1
102,0,0.235463857651,1
102,0,0.256312131882,1
102,0,0.247539043427,1
102,0,0.27237701416,1
103,0,0.22521686554,1
103,0,0.265862941742,1
103,0,0.269292116165,1
103,0,0.227535009384,1
103,0,0.228861093521,1
103,0,0.189752817154,1
103,0,0.229314088821,1
103,0,0.225088119507,1
103,0,0.231730222702,1
103,0,0.233259916306,1
104,0,0.198982954025,1
104,0,0.22491312027,1
104,0,0.22376203537,1
104,0,0.19634103775,1
104,0,0.230660915375,1
104,0,0.193018198013,1
104,0,0.225662946701,1
104,0,0.292401075363,1
104,0,0.23307299614,1
104,0,0.229516029358,1
105,0,0.238206863403,1
105,0,0.238837003708,1
105,0,0.195187091827,1
105,0,0.239732027054,1
105,0,0.201622962952,1
105,0,0.197163820267,1
105,0,0.230674982071,1
105,0,0.250934123993,1
105,0,0.201466798782,1
105,0,0.203815937042,1
106,0,0.246723175049,1
106,0,0.235289096832,1
106,0,0.201062202454,1
106,0,0.231631994247,1
106,0,0.20306801796,1
106,0,0.200371026993,1
106,0,0.22630906105,1
106,0,0.246258020401,1
106,0,0.192150831223,1
106,0,0.208064079285,1
107,0,0.239367961884,1
107,0,0.226195812225,1
107,0,0.198765039444,1
107,0,0.246871948242,1
107,0,0.201884031296,1
107,0,0.199319839478,1
107,0,0.234580993652,1
107,0,0.236037969589,1
107,0,0.200627088547,1
107,0,0.199068069458,1
108,0,0.237322092056,1
108,0,0.231065034866,1
108,0,0.197335004807,1
108,0,0.240390062332,1
108,0,0.201302051544,1
108,0,0.194947957993,1
108,0,0.235591173172,1
108,0,0.233994007111,1
108,0,0.191986083984,1
108,0,0.19554400444,1
109,0,0.24646282196,1
109,0,0.232418060303,1
109,0,0.203167915344,1
109,0,0.245361089706,1
109,0,0.193559885025,1
109,0,0.203541040421,1
109,0,0.231417179108,1
109,0,0.237396001816,1
109,0,0.194795131683,1
109,0,0.192677974701,1
110,0,0.251096963882,1
110,0,0.205878019333,1
110,0,0.238985061646,1
110,0,0.269326925278,1
110,0,0.247215986252,1
110,0,0.217674970627,1
110,0,0.253642082214,1
110,0,0.205590963364,1
110,0,0.207309007645,1
110,0,0.204730033875,1
111,0,0.247982978821,1
111,0,0.205222845078,1
111,0,0.248654127121,1
111,0,0.261737108231,1
111,0,0.25296998024,1
111,0,0.210310935974,1
111,0,0.259760141373,1
111,0,0.203840017319,1
111,0,0.195959806442,1
111,0,0.202856063843,1
112,0,0.244600057602,1
112,0,0.195927858353,1
112,0,0.248783826828,1
112,0,0.256590843201,1
112,0,0.244026899338,1
112,0,0.202316999435,1
112,0,0.25847697258,1
112,0,0.197339057922,1
112,0,0.193831920624,1
112,0,0.203172206879,1
113,0,0.237673997879,1
113,0,0.198311090469,1
113,0,0.235620975494,1
113,0,0.253643035889,1
113,0,0.230762004852,1
113,0,0.205113887787,1
113,0,0.248647212982,1
113,0,0.1995241642,1
113,0,0.199360847473,1
113,0,0.198228120804,1
114,0,0.24401307106,1
114,0,0.193532943726,1
114,0,0.23222899437,1
114,0,0.246870994568,1
114,0,0.242723941803,1
114,0,0.200057983398,1
114,0,0.260864019394,1
114,0,0.191795110703,1
114,0,0.205080986023,1
114,0,0.200304985046,1
115,0,0.20743393898,1
115,0,0.209482192993,1
115,0,0.244169950485,1
115,0,0.250507116318,1
115,0,0.205006122589,1
115,0,0.249054908752,1
115,0,0.21387386322,1
115,0,0.257091999054,1
115,0,0.262955904007,1
115,0,0.249534130096,1
116,0,0.204923868179,1
116,0,0.206448078156,1
116,0,0.251073122025,1
116,0,0.238197088242,1
116,0,0.208113908768,1
116,0,0.250438928604,1
116,0,0.211178064346,1
116,0,0.270283937454,1
116,0,0.260705947876,1
116,0,0.250060081482,1
117,0,0.215734004974,1
117,0,0.208088874817,1
117,0,0.260720968246,1
117,0,0.259024143219,1
117,0,0.210844993591,1
117,0,0.262983083725,1
117,0,0.208518028259,1
117,0,0.261504888535,1
117,0,0.273713111877,1
117,0,0.256206989288,1
118,0,0.218955993652,1
118,0,0.212011814117,1
118,0,0.271739959717,1
118,0,0.246728897095,1
118,0,0.208183050156,1
118,0,0.266783952713,1
118,0,0.211703062057,1
118,0,0.273837089539,1
118,0,0.275569915771,1
118,0,0.259774923325,1
119,0,0.215803861618,1
119,0,0.211212873459,1
119,0,0.255574941635,1
119,0,0.241923093796,1
119,0,0.212805986404,1
119,0,0.250463962555,1
119,0,0.208675146103,1
119,0,0.251363992691,1
119,0,0.27251291275,1
119,0,0.250290155411,1
120,0,0.220692873001,1
120,0,0.253525018692,1
120,0,0.265000104904,1
120,0,0.269487857819,1
120,0,0.257910966873,1
120,0,0.261389970779,1
120,0,0.259105920792,1
120,0,0.219202041626,1
120,0,0.221368074417,1
120,0,0.284169912338,1
121,0,0.219590902328,1
121,0,0.265507936478,1
121,0,0.260002851486,1
121,0,0.265490055084,1
121,0,0.254106998444,1
121,0,0.265094995499,1
121,0,0.267275094986,1
121,0,0.218712806702,1
121,0,0.227518796921,1
121,0,0.269110918045,1
122,0,0.220836162567,1
122,0,0.272130012512,1
122,0,0.257447957993,1
122,0,0.26643204689,1
122,0,0.253535032272,1
122,0,0.267432928085,1
122,0,0.267253160477,1
122,0,0.217946052551,1
122,0,0.224065065384,1
122,0,0.278694152832,1
123,0,0.216531038284,1
123,0,0.263412952423,1
123,0,0.250394105911,1
123,0,0.269459962845,1
123,0,0.265982866287,1
123,0,0.257301807404,1
123,0,0.265615940094,1
123,0,0.218420028687,1
123,0,0.213613986969,1
123,0,0.275413990021,1
124,0,0.220450878143,1
124,0,0.258895874023,1
124,0,0.258785963058,1
124,0,0.254277944565,1
124,0,0.252988100052,1
124,0,0.268152952194,1
124,0,0.273133039474,1
124,0,0.220103025436,1
124,0,0.216516971588,1
124,0,0.278946876526,1
125,0,0.218883037567,1
125,0,0.222398042679,1
125,0,0.260754108429,1
125,0,0.229771852493,1
125,0,0.218277931213,1
125,0,0.266704797745,1
125,0,0.272349119186,1
125,0,0.276361942291,1
125,0,0.225059986115,1
125,0,0.274920940399,1
126,0,0.229733943939,1
126,0,0.228219985962,1
126,0,0.284238100052,1
126,0,0.228363990784,1
126,0,0.233940124512,1
126,0,0.276478052139,1
126,0,0.273024082184,1
126,0,0.287863016129,1
126,0,0.223572969437,1
126,0,0.265725851059,1
127,0,0.224766969681,1
127,0,0.22678399086,1
127,0,0.274780035019,1
127,0,0.227388858795,1
127,0,0.231631040573,1
127,0,0.270833015442,1
127,0,0.277677059174,1
127,0,0.285327196121,1
127,0,0.227705001831,1
127,0,0.270184993744,1
128,0,0.228842020035,1
128,0,0.222253084183,1
128,0,0.26993894577,1
128,0,0.226680994034,1
128,0,0.226894140244,1
128,0,0.269817829132,1
128,0,0.272384881973,1
128,0,0.272196054459,1
128,0,0.2203540802,1
128,0,0.265542030334,1
129,0,0.216930150986,1
129,0,0.227085113525,1
129,0,0.272594928741,1
129,0,0.218626976013,1
129,0,0.216235876083,1
129,0,0.277674913406,1
129,0,0.292044878006,1
129,0,0.281861066818,1
129,0,0.23148393631,1
129,0,0.270912885666,1
130,0,0.293262004852,1
130,0,0.236360788345,1
130,0,0.283440113068,1
130,0,0.237690925598,1
130,0,0.311439990997,1
130,0,0.282660961151,1
130,0,0.233761072159,1
130,0,0.299599885941,1
130,0,0.294867038727,1
130,0,0.301025867462,1
131,0,0.291095972061,1
131,0,0.248969078064,1
131,0,0.28548002243,1
131,0,0.239538908005,1
131,0,0.31126999855,1
131,0,0.290638208389,1
131,0,0.244517087936,1
131,0,0.306043863297,1
131,0,0.283520936966,1
131,0,0.308388948441,1
132,0,0.286488056183,1
132,0,0.24365901947,1
132,0,0.29336810112,1
132,0,0.230020046234,1
132,0,0.311482906342,1
132,0,0.291682004929,1
132,0,0.230252981186,1
132,0,0.287025928497,1
132,0,0.29517698288,1
132,0,0.306457996368,1
133,0,0.280549049377,1
133,0,0.232439041138,1
133,0,0.29433298111,1
133,0,0.237721920013,1
133,0,0.29843711853,1
133,0,0.290376186371,1
133,0,0.228818178177,1
133,0,0.302600860596,1
133,0,0.291947841644,1
133,0,0.29642701149,1
134,0,0.268223047256,1
134,0,0.225813865662,1
134,0,0.289523124695,1
134,0,0.22984790802,1
134,0,0.311664819717,1
134,0,0.289381980896,1
134,0,0.237493991852,1
134,0,0.296339988708,1
134,0,0.302805900574,1
134,0,0.31410908699,1
135,0,0.302700042725,1
135,0,0.291113138199,1
135,0,0.246845960617,1
135,0,0.276273012161,1
135,0,0.242274045944,1
135,0,0.281946897507,1
135,0,0.239639043808,1
135,0,0.29958486557,1
135,0,0.295874118805,1
135,0,0.299430131912,1
136,0,0.293856859207,1
136,0,0.292371988297,1
136,0,0.255089998245,1
136,0,0.295164108276,1
136,0,0.239909172058,1
136,0,0.293066978455,1
136,0,0.243852138519,1
136,0,0.297765016556,1
136,0,0.284226894379,1
136,0,0.29474401474,1
137,0,0.300040960312,1
137,0,0.28771686554,1
137,0,0.239753007889,1
137,0,0.293354034424,1
137,0,0.244879007339,1
137,0,0.283236026764,1
137,0,0.234814167023,1
137,0,0.290999889374,1
137,0,0.272129774094,1
137,0,0.303853988647,1
138,0,0.282935857773,1
138,0,0.293122053146,1
138,0,0.231298923492,1
138,0,0.282955884933,1
138,0,0.249876022339,1
138,0,0.298114061356,1
138,0,0.235836982727,1
138,0,0.290076971054,1
138,0,0.311966896057,1
138,0,0.302589893341,1
139,0,0.294777154922,1
139,0,0.285290956497,1
139,0,0.236238002777,1
139,0,0.271259069443,1
139,0,0.296674966812,1
139,0,0.289594888687,1
139,0,0.231284856796,1
139,0,0.28467798233,1
139,0,0.274393081665,1
139,0,0.29096198082,1
140,0,0.241812944412,1
140,0,0.292154073715,1
140,0,0.323503017426,1
140,0,0.290373086929,1
140,0,0.298358917236,1
140,0,0.247849941254,1
140,0,0.246606826782,1
140,0,0.327754974365,1
140,0,0.306010007858,1
140,0,0.320822954178,1
141,0,0.248699903488,1
141,0,0.300690174103,1
141,0,0.314517021179,1
141,0,0.304032802582,1
141,0,0.299247980118,1
141,0,0.255277872086,1
141,0,0.258131980896,1
141,0,0.311449050903,1
141,0,0.315021038055,1
141,0,0.314779996872,1
142,0,0.247907876968,1
142,0,0.298950910568,1
142,0,0.295650005341,1
142,0,0.295886993408,1
142,0,0.286454916,1
142,0,0.238935947418,1
142,0,0.237489938736,1
142,0,0.320263147354,1
142,0,0.293999910355,1
142,0,0.324368953705,1
143,0,0.247258901596,1
143,0,0.29946398735,1
143,0,0.312166213989,1
143,0,0.310238838196,1
143,0,0.299644947052,1
143,0,0.242264986038,1
143,0,0.251580953598,1
143,0,0.326545000076,1
143,0,0.304565906525,1
143,0,0.316139936447,1
144,0,0.248883962631,1
144,0,0.299139976501,1
144,0,0.311917066574,1
144,0,0.297875881195,1
144,0,0.292493104935,1
144,0,0.246825933456,1
144,0,0.249793052673,1
144,0,0.316757917404,1
144,0,0.30658197403,1
144,0,0.316817045212,1
145,0,0.305886030197,1
145,0,0.302083015442,1
145,0,0.306216955185,1
145,0,0.24738407135,1
145,0,0.250525951385,1
145,0,0.319510936737,1
145,0,0.301219940186,1
145,0,0.247586965561,1
145,0,0.294937849045,1
145,0,0.311326980591,1
146,0,0.314103126526,1
146,0,0.282913923264,1
146,0,0.299394130707,1
146,0,0.244922161102,1
146,0,0.247528076172,1
146,0,0.315984010696,1
146,0,0.301531076431,1
146,0,0.246695995331,1
146,0,0.305832147598,1
146,0,0.303021907806,1
147,0,0.297148227692,1
147,0,0.298272132874,1
147,0,0.295141935349,1
147,0,0.24210691452,1
147,0,0.245322942734,1
147,0,0.315653085709,1
147,0,0.30491399765,1
147,0,0.25012087822,1
147,0,0.30265712738,1
147,0,0.314478874207,1
148,0,0.308783054352,1
148,0,0.299910068512,1
148,0,0.296259880066,1
148,0,0.245990037918,1
148,0,0.253927946091,1
148,0,0.315598011017,1
148,0,0.301913022995,1
148,0,0.239572048187,1
148,0,0.305462837219,1
148,0,0.308554172516,1
149,0,0.304350137711,1
149,0,0.298888206482,1
149,0,0.305088043213,1
149,0,0.248196125031,1
149,0,0.270334005356,1
149,0,0.362235069275,1
149,0,0.314847946167,1
149,0,0.250450134277,1
149,0,0.303411006927,1
149,0,0.310486078262,1
150,0,0.327378034592,1
150,0,0.317909955978,1
150,0,0.26516699791,1
150,0,0.340339183807,1
150,0,0.253114938736,1
150,0,0.302007198334,1
150,0,0.33517408371,1
150,0,0.262338876724,1
150,0,0.255240917206,1
150,0,0.310319900513,1
151,0,0.32857298851,1
151,0,0.315420866013,1
151,0,0.257988929749,1
151,0,0.34117102623,1
151,0,0.25746011734,1
151,0,0.316551208496,1
151,0,0.329966068268,1
151,0,0.251461029053,1
151,0,0.261202812195,1
151,0,0.322237014771,1
152,0,0.318996906281,1
152,0,0.317552089691,1
152,0,0.256669998169,1
152,0,0.338436126709,1
152,0,0.253296136856,1
152,0,0.321728944778,1
152,0,0.341830968857,1
152,0,0.25763297081,1
152,0,0.258349895477,1
152,0,0.309026956558,1
153,0,0.320055007935,1
153,0,0.328003883362,1
153,0,0.259440898895,1
153,0,0.336395025253,1
153,0,0.25564789772,1
153,0,0.317787885666,1
153,0,0.329974889755,1
153,0,0.253312826157,1
153,0,0.264173030853,1
153,0,0.323193073273,1
154,0,0.322136163712,1
154,0,0.314734220505,1
154,0,0.260287046432,1
154,0,0.337547063828,1
154,0,0.252327919006,1
154,0,0.309676885605,1
154,0,0.335155010223,1
154,0,0.252655982971,1
154,0,0.251090049744,1
154,0,0.31609082222,1
155,0,0.26566195488,1
155,0,0.338208913803,1
155,0,0.328872919083,1
155,0,0.338495016098,1
155,0,0.353214979172,1
155,0,0.31098484993,1
155,0,0.265002012253,1
155,0,0.329004049301,1
155,0,0.342166185379,1
155,0,0.260344982147,1
156,0,0.269138813019,1
156,0,0.379129171371,1
156,0,0.346098184586,1
156,0,0.330278873444,1
156,0,0.355586051941,1
156,0,0.325673103333,1
156,0,0.261271953583,1
156,0,0.337020874023,1
156,0,0.348732948303,1
156,0,0.260008811951,1
157,0,0.2630610466,1
157,0,0.347763061523,1
157,0,0.342143058777,1
157,0,0.32765007019,1
157,0,0.3421459198,1
157,0,0.320695161819,1
157,0,0.271352052689,1
157,0,0.325947999954,1
157,0,0.331298828125,1
157,0,0.262487888336,1
158,0,0.272958993912,1
158,0,0.345768928528,1
158,0,0.343783140182,1
158,0,0.336150884628,1
158,0,0.364023923874,1
158,0,0.330160856247,1
158,0,0.269201040268,1
158,0,0.321269035339,1
158,0,0.333125114441,1
158,0,0.254384040833,1
159,0,0.271160125732,1
159,0,0.348604917526,1
159,0,0.32390499115,1
159,0,0.326663017273,1
159,0,0.341825962067,1
159,0,0.325426101685,1
159,0,0.264302968979,1
159,0,0.328889846802,1
159,0,0.345369100571,1
159,0,0.270725011826,1
160,0,0.334311008453,1
160,0,0.275370121002,1
160,0,0.333925962448,1
160,0,0.342581987381,1
160,0,0.277184963226,1
160,0,0.347123861313,1
160,0,0.265799045563,1
160,0,0.271805047989,1
160,0,0.264515161514,1
160,0,0.2862200737,1
161,0,0.331911087036,1
161,0,0.261090993881,1
161,0,0.328258991241,1
161,0,0.330213069916,1
161,0,0.268651008606,1
161,0,0.34633398056,1
161,0,0.26483297348,1
161,0,0.264327049255,1
161,0,0.258404970169,1
161,0,0.268556118011,1
162,0,0.323705196381,1
162,0,0.266314983368,1
162,0,0.328252077103,1
162,0,0.344744920731,1
162,0,0.261610031128,1
162,0,0.331825017929,1
162,0,0.26838183403,1
162,0,0.266938924789,1
162,0,0.270336866379,1
162,0,0.28094792366,1
163,0,0.331715106964,1
163,0,0.265792131424,1
163,0,0.327337026596,1
163,0,0.340484857559,1
163,0,0.257411956787,1
163,0,0.32782793045,1
163,0,0.271553039551,1
163,0,0.274703025818,1
163,0,0.274587154388,1
163,0,0.266111850739,1
164,0,0.322282075882,1
164,0,0.262501955032,1
164,0,0.348261117935,1
164,0,0.335304021835,1
164,0,0.268122911453,1
164,0,0.334302902222,1
164,0,0.270060777664,1
164,0,0.263427972794,1
164,0,0.26739692688,1
164,0,0.265172958374,1
165,0,0.277883052826,1
165,0,0.366749048233,1
165,0,0.274344921112,1
165,0,0.272294044495,1
165,0,0.361553907394,1
165,0,0.282081127167,1
165,0,0.34344792366,1
165,0,0.273169994354,1
165,0,0.279550790787,1
165,0,0.272979021072,1
166,0,0.276314973831,1
166,0,0.364387989044,1
166,0,0.274512052536,1
166,0,0.270990133286,1
166,0,0.365773916245,1
166,0,0.275028944016,1
166,0,0.330406904221,1
166,0,0.268377065659,1
166,0,0.278842926025,1
166,0,0.270539999008,1
167,0,0.2834379673,1
167,0,0.35808300972,1
167,0,0.26994395256,1
167,0,0.27018904686,1
167,0,0.364263057709,1
167,0,0.278215885162,1
167,0,0.348335981369,1
167,0,0.272739887238,1
167,0,0.281750917435,1
167,0,0.268498897552,1
168,0,0.285987854004,1
168,0,0.361773967743,1
168,0,0.279068946838,1
168,0,0.268892049789,1
168,0,0.367881059647,1
168,0,0.275686979294,1
168,0,0.336728096008,1
168,0,0.270722866058,1
168,0,0.272827148438,1
168,0,0.271682977676,1
169,0,0.274647951126,1
169,0,0.367285013199,1
169,0,0.2748670578,1
169,0,0.27433013916,1
169,0,0.371449947357,1
169,0,0.271498918533,1
169,0,0.334813833237,1
169,0,0.271197080612,1
169,0,0.283944129944,1
169,0,0.268256187439,1
170,0,0.368501186371,1
170,0,0.287586927414,1
170,0,0.347958803177,1
170,0,0.288590908051,1
170,0,0.361565828323,1
170,0,0.286086082458,1
170,0,0.291167020798,1
170,0,0.364259004593,1
170,0,0.284842967987,1
170,0,0.343230962753,1
171,0,0.363317966461,1
171,0,0.285407066345,1
171,0,0.340590000153,1
171,0,0.285727977753,1
171,0,0.358027219772,1
171,0,0.293575048447,1
171,0,0.288117170334,1
171,0,0.356494903564,1
171,0,0.27855014801,1
171,0,0.33657002449,1
172,0,0.342573165894,1
172,0,0.274069070816,1
172,0,0.334306001663,1
172,0,0.280658006668,1
172,0,0.36296415329,1
172,0,0.276016950607,1
172,0,0.277683973312,1
172,0,0.363224983215,1
172,0,0.28465795517,1
172,0,0.352569103241,1
173,0,0.360542058945,1
173,0,0.285341024399,1
173,0,0.346827983856,1
173,0,0.278974056244,1
173,0,0.363703012466,1
173,0,0.286320924759,1
173,0,0.276598930359,1
173,0,0.355786085129,1
173,0,0.284440994263,1
173,0,0.351198911667,1
174,0,0.35736989975,1
174,0,0.271659851074,1
174,0,0.342946052551,1
174,0,0.28520989418,1
174,0,0.358425140381,1
174,0,0.278481006622,1
174,0,0.322836875916,1
174,0,0.377421855927,1
174,0,0.286911010742,1
174,0,0.354607105255,1
175,0,0.283711910248,1
175,0,0.358419179916,1
175,0,0.362342119217,1
175,0,0.283196926117,1
175,0,0.340990781784,1
175,0,0.352895975113,1
175,0,0.294715166092,1
175,0,0.296421051025,1
175,0,0.352452993393,1
175,0,0.294383049011,1
176,0,0.298984050751,1
176,0,0.397980928421,1
176,0,0.372406959534,1
176,0,0.29597902298,1
176,0,0.369562864304,1
176,0,0.369820833206,1
176,0,0.290457963943,1
176,0,0.292657852173,1
176,0,0.371860027313,1
176,0,0.291898012161,1
177,0,0.292373895645,1
177,0,0.37131690979,1
177,0,0.361222028732,1
177,0,0.298780918121,1
177,0,0.35569190979,1
177,0,0.359266996384,1
177,0,0.299556016922,1
177,0,0.292374134064,1
177,0,0.356430053711,1
177,0,0.290004968643,1
178,0,0.301389932632,1
178,0,0.374351024628,1
178,0,0.361386060715,1
178,0,0.29248380661,1
178,0,0.358999967575,1
178,0,0.362442016602,1
178,0,0.298527956009,1
178,0,0.30019402504,1
178,0,0.36637711525,1
178,0,0.292412042618,1
179,0,0.295748949051,1
179,0,0.37592291832,1
179,0,0.378343820572,1
179,0,0.296034097672,1
179,0,0.361735105515,1
179,0,0.363196134567,1
179,0,0.296447992325,1
179,0,0.289471149445,1
179,0,0.351235151291,1
179,0,0.300879001617,1
180,0,0.363037109375,1
180,0,0.378470897675,1
180,0,0.38827586174,1
180,0,0.399623155594,1
180,0,0.373970985413,1
180,0,0.378305912018,1
180,0,0.395081996918,1
180,0,0.29825091362,1
180,0,0.401735067368,1
180,0,0.370741844177,1
181,0,0.370791196823,1
181,0,0.377707958221,1
181,0,0.388531923294,1
181,0,0.392188072205,1
181,0,0.369596004486,1
181,0,0.372536897659,1
181,0,0.392833948135,1
181,0,0.296065807343,1
181,0,0.384789943695,1
181,0,0.364515066147,1
182,0,0.345439910889,1
182,0,0.359862089157,1
182,0,0.375274896622,1
182,0,0.37260890007,1
182,0,0.357257127762,1
182,0,0.363454818726,1
182,0,0.39129781723,1
182,0,0.301353931427,1
182,0,0.380391836166,1
182,0,0.362439155579,1
183,0,0.428298950195,1
183,0,0.365362882614,1
183,0,0.385740041733,1
183,0,0.398576974869,1
183,0,0.37122297287,1
183,0,0.35356593132,1
183,0,0.385947942734,1
183,0,0.298480987549,1
183,0,0.388778209686,1
183,0,0.374470949173,1
184,0,0.354239940643,1
184,0,0.367180109024,1
184,0,0.392462968826,1
184,0,0.415629148483,1
184,0,0.362591981888,1
184,0,0.380454063416,1
184,0,0.398972988129,1
184,0,0.296680927277,1
184,0,0.400537014008,1
184,0,0.382171869278,1
185,0,0.301866054535,1
185,0,0.406508922577,1
185,0,0.390871047974,1
185,0,0.408909082413,1
185,0,0.394515037537,1
185,0,0.302390813828,1
185,0,0.308284044266,1
185,0,0.302693843842,1
185,0,0.395076990128,1
185,0,0.38730597496,1
186,0,0.314637899399,1
186,0,0.39605307579,1
186,0,0.397328138351,1
186,0,0.402538061142,1
186,0,0.397351980209,1
186,0,0.310020923615,1
186,0,0.307328939438,1
186,0,0.304188966751,1
186,0,0.395820856094,1
186,0,0.365478038788,1
187,0,0.286126852036,1
187,0,0.373600959778,1
187,0,0.384562015533,1
187,0,0.381549119949,1
187,0,0.371447086334,1
187,0,0.296425104141,1
187,0,0.287289142609,1
187,0,0.302777051926,1
187,0,0.374512910843,1
187,0,0.399084091187,1
188,0,0.299875020981,1
188,0,0.394964933395,1
188,0,0.38643693924,1
188,0,0.383872032166,1
188,0,0.389003038406,1
188,0,0.30099606514,1
188,0,0.295091867447,1
188,0,0.300745010376,1
188,0,0.396044015884,1
188,0,0.371016025543,1
189,0,0.297422885895,1
189,0,0.385751008987,1
189,0,0.390949964523,1
189,0,0.382916927338,1
189,0,0.391726016998,1
189,0,0.307865858078,1
189,0,0.293526887894,1
189,0,0.292635917664,1
189,0,0.420933008194,1
189,0,0.41034579277,1
190,0,0.407105922699,1
190,0,0.312744140625,1
190,0,0.312659978867,1
190,0,0.434401035309,1
190,0,0.411777973175,1
190,0,0.308329105377,1
190,0,0.419675111771,1
190,0,0.381209135056,1
190,0,0.377107858658,1
190,0,0.389793157578,1
191,0,0.404372930527,1
191,0,0.308809041977,1
191,0,0.308706998825,1
191,0,0.414583921432,1
191,0,0.391037940979,1
191,0,0.30464887619,1
191,0,0.427531003952,1
191,0,0.395582914352,1
191,0,0.370929002762,1
191,0,0.398154020309,1
192,0,0.38329911232,1
192,0,0.308058023453,1
192,0,0.305212020874,1
192,0,0.418221950531,1
192,0,0.384990930557,1
192,0,0.302076816559,1
192,0,0.409412145615,1
192,0,0.368946790695,1
192,0,0.382079124451,1
192,0,0.397210121155,1
193,0,0.414679050446,1
193,0,0.311547040939,1
193,0,0.306957006454,1
193,0,0.417406797409,1
193,0,0.408346891403,1
193,0,0.300513029099,1
193,0,0.411609888077,1
193,0,0.385176181793,1
193,0,0.384478092194,1
193,0,0.402622938156,1
194,0,0.399622917175,1
194,0,0.307348012924,1
194,0,0.302556991577,1
194,0,0.415143966675,1
194,0,0.414735078812,1
194,0,0.309027910233,1
194,0,0.418078899384,1
194,0,0.417099952698,1
194,0,0.482907056808,1
194,0,0.399229049683,1
195,0,0.315925836563,1
195,0,0.386683225632,1
195,0,0.429250001907,1
195,0,0.401846885681,1
195,0,0.409852981567,1
195,0,0.315363883972,1
195,0,0.438820123672,1
195,0,0.318244934082,1
195,0,0.323184013367,1
195,0,0.322903156281,1
196,0,0.311556816101,1
196,0,0.395123958588,1
196,0,0.439543962479,1
196,0,0.387125015259,1
196,0,0.412436008453,1
196,0,0.320698022842,1
196,0,0.416435003281,1
196,0,0.31251001358,1
196,0,0.314765930176,1
196,0,0.312872886658,1
197,0,0.31251001358,1
197,0,0.376674175262,1
197,0,0.416081905365,1
197,0,0.384332895279,1
197,0,0.401674985886,1
197,0,0.308939933777,1
197,0,0.418484926224,1
197,0,0.304817199707,1
197,0,0.31485581398,1
197,0,0.313027858734,1
198,0,0.3073990345,1
198,0,0.391817808151,1
198,0,0.428961992264,1
198,0,0.390634059906,1
198,0,0.413232088089,1
198,0,0.316586017609,1
198,0,0.427047014236,1
198,0,0.315702199936,1
198,0,0.319684028625,1
198,0,0.308512926102,1
199,0,0.313502073288,1
199,0,0.391960859299,1
199,0,0.42325592041,1
199,0,0.380320072174,1
199,0,0.416031122208,1
199,0,0.306303977966,1
199,0,0.458862781525,1
199,0,0.335483074188,1
199,0,0.301490068436,1
199,0,0.308862924576,1
200,0,0.418106079102,1
200,0,0.396638154984,1
200,0,0.331859111786,1
200,0,0.319828987122,1
200,0,0.319188833237,1
200,0,0.319581031799,1
200,0,0.317489147186,1
200,0,0.322010993958,1
200,0,0.315727949142,1
200,0,0.420924186707,1
201,0,0.412374973297,1
201,0,0.39449095726,1
201,0,0.312733888626,1
201,0,0.323343992233,1
201,0,0.319402933121,1
201,0,0.316972017288,1
201,0,0.310002088547,1
201,0,0.318330049515,1
201,0,0.311992883682,1
201,0,0.41277885437,1
202,0,0.39910197258,1
202,0,0.407264947891,1
202,0,0.312227964401,1
202,0,0.314380168915,1
202,0,0.316457986832,1
202,0,0.315524816513,1
202,0,0.319969177246,1
202,0,0.321892023087,1
202,0,0.312694072723,1
202,0,0.422868013382,1
203,0,0.419723987579,1
203,0,0.392040014267,1
203,0,0.313515901566,1
203,0,0.319607973099,1
203,0,0.319504976273,1
203,0,0.317193984985,1
203,0,0.315033912659,1
203,0,0.316467046738,1
203,0,0.31570982933,1
203,0,0.422028064728,1
204,0,0.431267976761,1
204,0,0.413092136383,1
204,0,0.321803092957,1
204,0,0.31353187561,1
204,0,0.31388092041,1
204,0,0.34641289711,1
204,0,0.351627111435,1
204,0,0.316694021225,1
204,0,0.315989017487,1
204,0,0.432542085648,1
205,0,0.328980922699,1
205,0,0.437806844711,1
205,0,0.333703994751,1
205,0,0.325276136398,1
205,0,0.418086051941,1
205,0,0.453634023666,1
205,0,0.417161941528,1
205,0,0.420701980591,1
205,0,0.445825099945,1
205,0,0.33220911026,1
206,0,0.327658891678,1
206,0,0.448007106781,1
206,0,0.329746961594,1
206,0,0.328567028046,1
206,0,0.412743806839,1
206,0,0.464329004288,1
206,0,0.428647994995,1
206,0,0.429061889648,1
206,0,0.44237279892,1
206,0,0.319531202316,1
207,0,0.32217001915,1
207,0,0.441309213638,1
207,0,0.321820020676,1
207,0,0.323929071426,1
207,0,0.416921854019,1
207,0,0.438773155212,1
207,0,0.393229007721,1
207,0,0.419085025787,1
207,0,0.450348138809,1
207,0,0.321374893188,1
208,0,0.329032897949,1
208,0,0.451093196869,1
208,0,0.322783946991,1
208,0,0.327741861343,1
208,0,0.397155046463,1
208,0,0.446295022964,1
208,0,0.439866065979,1
208,0,0.437905073166,1
208,0,0.451287984848,1
208,0,0.328969955444,1
209,0,0.332486152649,1
209,0,0.459877967834,1
209,0,0.328464031219,1
209,0,0.322842121124,1
209,0,0.438673019409,1
209,0,0.521725893021,1
209,0,0.428428888321,1
209,0,0.411350011826,1
209,0,0.449410915375,1
209,0,0.32543182373,1
210,0,0.345180034637,1
210,0,0.430582046509,1
210,0,0.440285205841,1
210,0,0.343770027161,1
210,0,0.441894054413,1
210,0,0.435621976852,1
210,0,0.462074995041,1
210,0,0.439330101013,1
210,0,0.334346055984,1
210,0,0.458131790161,1
211,0,0.335603952408,1
211,0,0.436655044556,1
211,0,0.450793981552,1
211,0,0.334632158279,1
211,0,0.416083097458,1
211,0,0.456140041351,1
211,0,0.452636003494,1
211,0,0.418819904327,1
211,0,0.326321125031,1
211,0,0.438962936401,1
212,0,0.336426019669,1
212,0,0.446425914764,1
212,0,0.43214392662,1
212,0,0.33043718338,1
212,0,0.431373119354,1
212,0,0.432642936707,1
212,0,0.452180862427,1
212,0,0.420260906219,1
212,0,0.323750972748,1
212,0,0.448847055435,1
213,0,0.335091114044,1
213,0,0.421226024628,1
213,0,0.411443948746,1
213,0,0.335121154785,1
213,0,0.427855968475,1
213,0,0.444607019424,1
213,0,0.466772079468,1
213,0,0.422861099243,1
213,0,0.331453084946,1
213,0,0.452258110046,1
214,0,0.329382896423,1
214,0,0.462989091873,1
214,0,0.419859170914,1
214,0,0.348146915436,1
214,0,0.474277019501,1
214,0,0.432242155075,1
214,0,0.459084033966,1
214,0,0.430140018463,1
214,0,0.322678089142,1
214,0,0.438528060913,1
215,0,0.444018125534,1
215,0,0.434132099152,1
215,0,0.342041969299,1
215,0,0.332700014114,1
215,0,0.45231294632,1
215,0,0.336400985718,1
215,0,0.32888007164,1
215,0,0.336887121201,1
215,0,0.33821606636,1
215,0,0.423810005188,1
216,0,0.476634025574,1
216,0,0.447166204453,1
216,0,0.337141990662,1
216,0,0.336833000183,1
216,0,0.459342002869,1
216,0,0.328429937363,1
216,0,0.329805135727,1
216,0,0.337175130844,1
216,0,0.335364818573,1
216,0,0.444347858429,1
217,0,0.469843864441,1
217,0,0.447626829147,1
217,0,0.335567951202,1
217,0,0.345278978348,1
217,0,0.444390058517,1
217,0,0.335947990417,1
217,0,0.336738109589,1
217,0,0.351557016373,1
217,0,0.334352016449,1
217,0,0.446093082428,1
218,0,0.48223900795,1
218,0,0.445516109467,1
218,0,0.346265792847,1
218,0,0.344611883163,1
218,0,0.445543050766,1
218,0,0.339119195938,1
218,0,0.338938951492,1
218,0,0.332742929459,1
218,0,0.335299015045,1
218,0,0.435005903244,1
219,0,0.490092039108,1
219,0,0.444775104523,1
219,0,0.332276105881,1
219,0,0.407055854797,1
219,0,0.439915180206,1
219,0,0.329628944397,1
219,0,0.330737113953,1
219,0,0.330301046371,1
219,0,0.339454889297,1
219,0,0.447652101517,1
220,0,0.356612920761,1
220,0,0.352999925613,1
220,0,0.492129087448,1
220,0,0.350223064423,1
220,0,0.351897954941,1
220,0,0.444994211197,1
220,0,0.463118076324,1
220,0,0.477253913879,1
220,0,0.357414007187,1
220,0,0.367660999298,1
221,0,0.356029987335,1
221,0,0.363197088242,1
221,0,0.498442173004,1
221,0,0.354716062546,1
221,0,0.360635995865,1
221,0,0.454298973083,1
221,0,0.454579114914,1
221,0,0.494383096695,1
221,0,0.353843927383,1
221,0,0.357064008713,1
222,0,0.357902050018,1
222,0,0.350698947906,1
222,0,0.485826969147,1
222,0,0.35550403595,1
222,0,0.352478981018,1
222,0,0.444391965866,1
222,0,0.464821100235,1
222,0,0.484791994095,1
222,0,0.347789049149,1
222,0,0.350435018539,1
223,0,0.357633113861,1
223,0,0.348302841187,1
223,0,0.507513999939,1
223,0,0.351578950882,1
223,0,0.35512804985,1
223,0,0.441638946533,1
223,0,0.4650349617,1
223,0,0.485694885254,1
223,0,0.347952127457,1
223,0,0.346782207489,1
224,0,0.347146987915,1
224,0,0.346069812775,1
224,0,0.571215867996,1
224,0,0.34187412262,1
224,0,0.350849866867,1
224,0,0.443931818008,1
224,0,0.456020116806,1
224,0,0.482589960098,1
224,0,0.344501018524,1
224,0,0.392591953278,1
225,0,0.441838026047,1
225,0,0.358074903488,1
225,0,0.360985994339,1
225,0,0.48908996582,1
225,0,0.446520090103,1
225,0,0.461869955063,1
225,0,0.483096122742,1
225,0,0.367867946625,1
225,0,0.358639955521,1
225,0,0.365437984467,1
226,0,0.444880008698,1
226,0,0.353184938431,1
226,0,0.35404586792,1
226,0,0.504683971405,1
226,0,0.447597980499,1
226,0,0.555814981461,1
226,0,0.545836210251,1
226,0,0.357918024063,1
226,0,0.36140704155,1
226,0,0.371412038803,1
227,0,0.460182905197,1
227,0,0.346349954605,1
227,0,0.350383043289,1
227,0,0.481637954712,1
227,0,0.434523105621,1
227,0,0.441322088242,1
227,0,0.456258058548,1
227,0,0.331413030624,1
227,0,0.345936059952,1
227,0,0.34454202652,1
228,0,0.445774078369,1
228,0,0.348955154419,1
228,0,0.346836090088,1
228,0,0.48780798912,1
228,0,0.454082012177,1
228,0,0.450459003448,1
228,0,0.457906007767,1
228,0,0.34027504921,1
228,0,0.353287935257,1
228,0,0.360426902771,1
229,0,0.480694055557,1
229,0,0.416615962982,1
229,0,0.341141939163,1
229,0,0.500067949295,1
229,0,0.453294992447,1
229,0,0.465140104294,1
229,0,0.447036981583,1
229,0,0.348762989044,1
229,0,0.365453004837,1
229,0,0.354731798172,1
230,0,0.51166510582,1
230,0,0.491159915924,1
230,0,0.493241786957,1
230,0,0.353651046753,1
230,0,0.359228849411,1
230,0,0.499870061874,1
230,0,0.484575033188,1
230,0,0.465842962265,1
230,0,0.463910102844,1
230,0,0.359894037247,1
231,0,0.504194974899,1
231,0,0.476543903351,1
231,0,0.510926961899,1
231,0,0.348767995834,1
231,0,0.349894046783,1
231,0,0.493391036987,1
231,0,0.462365150452,1
231,0,0.461121082306,1
231,0,0.462045907974,1
231,0,0.349938869476,1
232,0,0.482326030731,1
232,0,0.474031925201,1
232,0,0.484502077103,1
232,0,0.351369142532,1
232,0,0.346555948257,1
232,0,0.475545167923,1
232,0,0.47518491745,1
232,0,0.450310945511,1
232,0,0.469526052475,1
232,0,0.348437070847,1
233,0,0.494366884232,1
233,0,0.462762832642,1
233,0,0.507313013077,1
233,0,0.363270998001,1
233,0,0.352577924728,1
233,0,0.486027956009,1
233,0,0.468878984451,1
233,0,0.472377061844,1
233,0,0.472095012665,1
233,0,0.35059595108,1
234,0,0.569520950317,1
234,0,0.466657161713,1
234,0,0.486839056015,1
234,0,0.353320121765,1
234,0,0.351066827774,1
234,0,0.506484031677,1
234,0,0.476654052734,1
234,0,0.461697816849,1
234,0,0.496831893921,1
234,0,0.348927974701,1
235,0,0.366209983826,1
235,0,0.381497859955,1
235,0,0.380333900452,1
235,0,0.468837976456,1
235,0,0.365992069244,1
235,0,0.476583957672,1
235,0,0.48179101944,1
