0,0,0.0516440868378,1
0,0,0.0537440776825,1
0,0,0.0520420074463,1
0,0,0.0531101226807,1
0,0,0.0503950119019,1
0,0,0.0525012016296,1
0,0,0.05060505867,1
0,0,0.0505630970001,1
0,0,0.0528199672699,1
0,0,0.0521399974823,1
1,0,0.0529260635376,1
1,0,0.0549790859222,1
1,0,0.0539548397064,1
1,0,0.0526599884033,1
1,0,0.0527098178864,1
1,0,0.0550119876862,1
1,0,0.0542159080505,1
1,0,0.0527241230011,1
1,0,0.054162979126,1
1,0,0.0528540611267,1
2,0,0.0583829879761,1
2,0,0.0528938770294,1
2,0,0.0591628551483,1
2,0,0.0542659759521,1
2,0,0.0530860424042,1
2,0,0.0563409328461,1
2,0,0.0553479194641,1
2,0,0.0515418052673,1
2,0,0.0535099506378,1
2,0,0.0544328689575,1
3,0,0.0572400093079,1
3,0,0.0542418956757,1
3,0,0.0537159442902,1
3,0,0.0574550628662,1
3,0,0.0581040382385,1
3,0,0.0549161434174,1
3,0,0.0554690361023,1
3,0,0.0560858249664,1
3,0,0.0568580627441,1
3,0,0.0577480792999,1
4,0,0.0574038028717,1
4,0,0.0560829639435,1
4,0,0.0552361011505,1
4,0,0.0600161552429,1
4,0,0.0575950145721,1
4,0,0.0538618564606,1
4,0,0.0574419498444,1
4,0,0.0558161735535,1
4,0,0.057599067688,1
4,0,0.0598430633545,1
5,0,0.0716080665588,1
5,0,0.074047088623,1
5,0,0.0609338283539,1
5,0,0.0639610290527,1
5,0,0.0596749782562,1
5,0,0.0645470619202,1
5,0,0.0633211135864,1
5,0,0.0619530677795,1
5,0,0.0614359378815,1
5,0,0.0630221366882,1
6,0,0.0630929470062,1
6,0,0.064239025116,1
6,0,0.0623979568481,1
6,0,0.0610620975494,1
6,0,0.0622711181641,1
6,0,0.064679145813,1
6,0,0.0657060146332,1
6,0,0.0596871376038,1
6,0,0.0620229244232,1
6,0,0.0625,1
7,0,0.0657408237457,1
7,0,0.0642478466034,1
7,0,0.0603489875793,1
7,0,0.0611550807953,1
7,0,0.0619969367981,1
7,0,0.0658531188965,1
7,0,0.0635681152344,1
7,0,0.0623688697815,1
7,0,0.0602171421051,1
7,0,0.0636551380157,1
8,0,0.0665490627289,1
8,0,0.0637729167938,1
8,0,0.0688600540161,1
8,0,0.0631649494171,1
8,0,0.0599341392517,1
8,0,0.0642709732056,1
8,0,0.0646820068359,1
8,0,0.0633718967438,1
8,0,0.0616359710693,1
8,0,0.0646111965179,1
9,0,0.0663280487061,1
9,0,0.0625791549683,1
9,0,0.0625989437103,1
9,0,0.0644509792328,1
9,0,0.0641918182373,1
9,0,0.0675699710846,1
9,0,0.0656950473785,1
9,0,0.0705060958862,1
9,0,0.0610620975494,1
9,0,0.0631358623505,1
10,0,0.0727269649506,1
10,0,0.0753140449524,1
10,0,0.0711619853973,1
10,0,0.0710558891296,1
10,0,0.0720129013062,1
10,0,0.0739729404449,1
10,0,0.0830659866333,1
10,0,0.0721189975739,1
10,0,0.0733890533447,1
10,0,0.0715308189392,1
11,0,0.0715489387512,1
11,0,0.0735020637512,1
11,0,0.068186044693,1
11,0,0.0703580379486,1
11,0,0.07537317276,1
11,0,0.0778660774231,1
11,0,0.0767998695374,1
11,0,0.0766820907593,1
11,0,0.0812258720398,1
11,0,0.073539018631,1
12,0,0.0721809864044,1
12,0,0.0708339214325,1
12,0,0.068470954895,1
12,0,0.0736660957336,1
12,0,0.0754990577698,1
12,0,0.0747220516205,1
12,0,0.0731642246246,1
12,0,0.0734000205994,1
12,0,0.0745031833649,1
12,0,0.0739870071411,1
13,0,0.0722341537476,1
13,0,0.0730550289154,1
13,0,0.0691559314728,1
13,0,0.0836341381073,1
13,0,0.0756030082703,1
13,0,0.0749280452728,1
13,0,0.0753099918365,1
13,0,0.0734689235687,1
13,0,0.0722990036011,1
13,0,0.072585105896,1
14,0,0.0735750198364,1
14,0,0.0738439559937,1
14,0,0.0694811344147,1
14,0,0.0702428817749,1
14,0,0.0754780769348,1
14,0,0.0740170478821,1
14,0,0.0816719532013,1
14,0,0.0747621059418,1
14,0,0.0767829418182,1
14,1,0.0721189975739,1
