0,0,0.0522398948669,1
0,0,0.0528869628906,1
0,0,0.0514118671417,1
0,0,0.0565528869629,1
0,0,0.0492658615112,1
0,0,0.0496621131897,1
0,0,0.0491700172424,1
0,0,0.0515248775482,1
0,0,0.0502619743347,1
0,0,0.0497710704803,1
1,0,0.0522520542145,1
1,0,0.060042142868,1
1,0,0.0533521175385,1
1,0,0.0529749393463,1
1,0,0.0541911125183,1
1,0,0.0536358356476,1
1,0,0.0589518547058,1
1,0,0.0560410022736,1
1,0,0.0542840957642,1
1,0,0.0543460845947,1
2,0,0.0574729442596,1
2,0,0.0565509796143,1
2,0,0.0538508892059,1
2,0,0.0552549362183,1
2,0,0.0537362098694,1
2,0,0.057511806488,1
2,0,0.0589458942413,1
2,0,0.0548090934753,1
2,0,0.0529270172119,1
2,0,0.0548579692841,1
3,0,0.0536818504333,1
3,0,0.0552289485931,1
3,0,0.0561170578003,1
3,0,0.0593979358673,1
3,0,0.0598351955414,1
3,0,0.0596499443054,1
3,0,0.0599839687347,1
3,0,0.0572009086609,1
3,0,0.055135011673,1
3,0,0.0554230213165,1
4,0,0.0558969974518,1
4,0,0.058247089386,1
4,0,0.0588641166687,1
4,0,0.0561888217926,1
4,0,0.0582859516144,1
4,0,0.0539770126343,1
4,0,0.0596630573273,1
4,0,0.0566110610962,1
4,0,0.056275844574,1
4,0,0.0572061538696,1
5,0,0.0651059150696,1
5,0,0.0606551170349,1
5,0,0.0615019798279,1
5,0,0.0603439807892,1
5,0,0.0604929924011,1
5,0,0.0635380744934,1
5,0,0.0625078678131,1
5,0,0.060555934906,1
5,0,0.060986995697,1
5,0,0.0607430934906,1
6,0,0.0683770179749,1
6,0,0.0668189525604,1
6,0,0.0621299743652,1
6,0,0.0641829967499,1
6,0,0.0601999759674,1
6,0,0.0661799907684,1
6,0,0.0670099258423,1
6,0,0.0626020431519,1
6,0,0.060779094696,1
6,0,0.0602729320526,1
7,0,0.0632660388947,1
7,0,0.062686920166,1
7,0,0.0610280036926,1
7,0,0.0599930286407,1
7,0,0.060201883316,1
7,0,0.0629620552063,1
7,0,0.0626180171967,1
7,0,0.0631670951843,1
7,0,0.060163974762,1
7,0,0.0680689811707,1
8,0,0.0648331642151,1
8,0,0.0621089935303,1
8,0,0.0618510246277,1
8,0,0.0620379447937,1
8,0,0.0615990161896,1
8,0,0.0698628425598,1
8,0,0.0639579296112,1
8,0,0.0657339096069,1
8,0,0.0627739429474,1
8,0,0.0671448707581,1
9,0,0.0694789886475,1
9,0,0.0633320808411,1
9,0,0.0722620487213,1
9,0,0.0638251304626,1
9,0,0.0657639503479,1
9,0,0.0649220943451,1
9,0,0.0672380924225,1
9,0,0.0692949295044,1
9,0,0.061940908432,1
9,0,0.0641629695892,1
10,0,0.0709028244019,1
10,0,0.0711569786072,1
10,0,0.0692548751831,1
10,0,0.0723690986633,1
10,0,0.0731120109558,1
10,0,0.0672469139099,1
10,0,0.068727016449,1
10,0,0.0706889629364,1
10,0,0.0702409744263,1
10,0,0.0745279788971,1
11,0,0.0731971263885,1
11,0,0.0701110363007,1
11,0,0.0695078372955,1
11,0,0.0710461139679,1
11,0,0.0719759464264,1
11,0,0.0755348205566,1
11,0,0.075138092041,1
11,0,0.0727670192719,1
11,0,0.0723299980164,1
11,0,0.0733189582825,1
12,0,0.0686209201813,1
12,0,0.0715579986572,1
12,0,0.0717961788177,1
12,0,0.0718629360199,1
12,0,0.0713970661163,1
12,0,0.0698709487915,1
12,0,0.0758128166199,1
12,0,0.0709719657898,1
12,0,0.0711309909821,1
12,0,0.0809888839722,1
13,0,0.0740900039673,1
13,0,0.0785050392151,1
13,0,0.0742990970612,1
13,0,0.0731120109558,1
13,0,0.0730860233307,1
13,0,0.0692219734192,1
13,0,0.0719709396362,1
13,0,0.0710270404816,1
13,0,0.0715701580048,1
13,0,0.0736429691315,1
14,0,0.0687909126282,1
14,0,0.0725600719452,1
14,0,0.0797939300537,1
14,0,0.0762438774109,1
14,0,0.0764999389648,1
14,0,0.0711228847504,1
14,0,0.0728549957275,1
14,0,0.0755188465118,1
14,0,0.0712721347809,1
14,0,0.0730819702148,1
15,0,0.0782420635223,1
15,0,0.0790829658508,1
15,0,0.0820751190186,1
15,0,0.0819020271301,1
15,0,0.0757391452789,1
15,0,0.0759150981903,1
15,0,0.0755851268768,1
15,0,0.0731439590454,1
15,0,0.0769140720367,1
15,0,0.0782189369202,1
16,0,0.0844509601593,1
16,0,0.0736269950867,1
16,0,0.0793969631195,1
16,0,0.0772430896759,1
16,0,0.0838510990143,1
16,0,0.0777840614319,1
16,0,0.0765750408173,1
16,0,0.0777471065521,1
16,0,0.0788900852203,1
16,0,0.0824930667877,1
17,0,0.0820269584656,1
17,0,0.0768659114838,1
17,0,0.0794439315796,1
17,0,0.0848798751831,1
17,0,0.074324131012,1
17,0,0.0758109092712,1
17,0,0.0769519805908,1
17,0,0.0742969512939,1
17,0,0.0732178688049,1
17,0,0.0778121948242,1
18,0,0.0822432041168,1
18,0,0.0759129524231,1
18,0,0.0797100067139,1
18,0,0.0847449302673,1
18,0,0.0745038986206,1
18,0,0.075975894928,1
18,0,0.0784718990326,1
18,0,0.072881937027,1
18,0,0.0745179653168,1
18,0,0.0962290763855,1
19,0,0.0819070339203,1
19,0,0.0780069828033,1
19,0,0.081964969635,1
19,0,0.0805718898773,1
19,0,0.0743250846863,1
19,0,0.07585978508,1
19,0,0.0801770687103,1
19,0,0.0723941326141,1
19,0,0.0734729766846,1
19,0,0.0878779888153,1
20,0,0.0826900005341,1
20,0,0.0857100486755,1
20,0,0.0838887691498,1
20,0,0.0806319713593,1
20,0,0.0845680236816,1
20,0,0.0796580314636,1
20,0,0.0796217918396,1
20,0,0.0810930728912,1
20,0,0.083291053772,1
20,0,0.0976688861847,1
21,0,0.0809698104858,1
21,0,0.0893890857697,1
21,0,0.0880751609802,1
21,0,0.0830240249634,1
21,0,0.0861570835114,1
21,0,0.0810449123383,1
21,0,0.0808489322662,1
21,0,0.0800611972809,1
21,0,0.0822529792786,1
21,0,0.0860278606415,1
22,0,0.0818569660187,1
22,0,0.0874359607697,1
22,1,0.0888249874115,1
22,0,0.0812780857086,1
22,0,0.0871708393097,1
22,0,0.0888857841492,1
22,0,0.0811049938202,1
22,0,0.081200838089,1
22,0,0.0823929309845,1
22,0,0.0861840248108,1
23,0,0.0870170593262,1
23,0,0.0895290374756,1
23,0,0.0887811183929,1
23,0,0.0821480751038,1
23,1,0.0815739631653,1
23,0,0.0931191444397,1
23,0,0.0804688930511,1
23,0,0.0810270309448,1
23,0,0.0802130699158,1
23,0,0.0890319347382,1
24,0,0.0818099975586,1
24,0,0.0888299942017,1
24,0,0.0914371013641,1
24,0,0.0814168453217,1
24,0,0.0959341526031,1
24,0,0.0831491947174,1
24,0,0.0799729824066,1
24,0,0.0799241065979,1
24,0,0.0851418972015,1
24,0,0.0916228294373,1
