0,0,0.130776166916,15
0,0,0.133027076721,15
0,0,0.125523805618,15
0,0,0.124918222427,15
0,0,0.124125957489,15
0,0,0.128484964371,15
0,0,0.122037887573,15
0,0,0.127645969391,15
0,0,0.126346111298,15
0,0,0.131390094757,15
1,0,0.202183961868,39
1,0,0.204378128052,39
1,0,0.12727689743,15
1,0,0.129575967789,15
1,0,0.123363018036,15
1,0,0.126379013062,15
1,0,0.141047954559,15
1,0,0.122481107712,15
1,0,0.129256010056,15
1,0,0.12446808815,15
2,0,0.131081819534,15
2,0,0.215509176254,42
2,0,0.136536836624,15
2,0,0.125582933426,15
2,0,0.125102996826,15
2,0,0.123040914536,15
2,0,0.128013134003,15
2,0,0.126578092575,15
2,0,0.128249168396,15
2,0,0.194895982742,39
3,0,0.132312059402,15
3,0,0.867080211639,150
3,0,0.4974629879,87
3,0,0.128358840942,15
3,0,0.123750925064,15
3,0,0.123923063278,15
3,0,0.129653930664,15
3,0,0.134430170059,15
3,0,0.126396894455,15
3,0,0.219478130341,42
4,0,0.137475013733,15
4,0,0.951125144958,156
4,0,0.891008138657,150
4,0,0.128796815872,15
4,0,0.137939929962,15
4,0,0.127394914627,15
4,0,0.13275885582,15
4,0,0.128953933716,15
4,0,0.130473852158,15
4,0,0.131473064423,15
5,0,0.135931968689,15
5,0,0.139946222305,15
5,0,2.66134500504,333
5,0,0.878525018692,147
5,0,0.463709831238,87
5,0,2.66538310051,333
5,0,0.138314008713,15
5,0,0.139403104782,15
5,0,0.14102602005,15
5,0,2.59701395035,333
6,0,0.138987779617,15
6,0,0.144304990768,15
6,0,2.52830815315,336
6,0,0.14195895195,15
6,0,0.834417819977,150
6,0,2.62292909622,336
6,0,0.138969898224,15
6,0,0.136916875839,15
6,0,0.138292074203,15
6,0,2.57845592499,336
7,0,0.142287015915,15
7,0,0.140852212906,15
7,0,5.32739710808,588
7,0,0.813235044479,147
7,0,5.32843899727,585
7,0,5.69209194183,588
7,0,0.137893915176,15
7,0,0.138826847076,15
7,0,0.143939971924,15
7,0,5.28068995476,588
8,0,0.135946035385,15
8,0,0.14046216011,15
8,2,6.90163803101,733
8,0,0.522125959396,87
8,3,1.30920600891,222
8,2,6.6717300415,733
8,0,0.137012958527,15
8,0,0.154487133026,15
8,0,0.166718006134,15
8,2,6.59146714211,733
9,0,0.140013933182,15
9,0,0.138955831528,15
9,2,6.94972896576,733
9,0,0.214128017426,39
9,0,3.20454907417,441
9,2,6.90496110916,733
9,0,0.159632921219,15
9,0,0.140665054321,15
9,0,0.140672922134,15
9,2,6.97424387932,733
