0,0,0.0491271018982,1
0,0,0.049635887146,1
0,0,0.0481448173523,1
0,0,0.0484280586243,1
0,0,0.0483050346375,1
0,0,0.0476219654083,1
0,0,0.0483691692352,1
0,0,0.0485110282898,1
0,0,0.048691034317,1
0,0,0.048996925354,1
1,0,0.0511729717255,1
1,0,0.050920009613,1
1,0,0.052738904953,1
1,0,0.050225019455,1
1,0,0.0523970127106,1
1,0,0.0511381626129,1
1,0,0.0503299236298,1
1,0,0.0710740089417,1
1,0,0.0604169368744,1
1,0,0.0586359500885,1
2,0,0.0522181987762,1
2,0,0.0512049198151,1
2,0,0.0534698963165,1
2,0,0.0523610115051,1
2,0,0.0528810024261,1
2,0,0.0523369312286,1
2,0,0.0507469177246,1
2,0,0.0525689125061,1
2,0,0.0516018867493,1
2,0,0.0536448955536,1
3,0,0.0532901287079,1
3,0,0.0524089336395,1
3,0,0.0512888431549,1
3,0,0.0540869235992,1
3,0,0.0514228343964,1
3,0,0.0547521114349,1
3,0,0.0538380146027,1
3,0,0.0539782047272,1
3,0,0.0571188926697,1
3,0,0.0529479980469,1
4,0,0.0537099838257,1
4,0,0.0521340370178,1
4,0,0.0536780357361,1
4,0,0.0519890785217,1
4,0,0.0553300380707,1
4,0,0.0535469055176,1
4,0,0.0539078712463,1
4,0,0.0565340518951,1
4,0,0.0541639328003,1
4,0,0.0556819438934,1
5,0,0.064080953598,1
5,0,0.0599870681763,1
5,0,0.0603940486908,1
5,0,0.0624198913574,1
5,0,0.0640408992767,1
5,0,0.0578498840332,1
5,0,0.0575768947601,1
5,0,0.0629141330719,1
5,0,0.0627911090851,1
5,0,0.0612268447876,1
6,0,0.0613701343536,1
6,0,0.0595619678497,1
6,0,0.0638890266418,1
6,0,0.0636229515076,1
6,0,0.0719709396362,1
6,0,0.0605149269104,1
6,0,0.061203956604,1
6,0,0.0627529621124,1
6,0,0.0620009899139,1
6,0,0.0622749328613,1
7,0,0.0604898929596,1
7,0,0.0592539310455,1
7,0,0.0617098808289,1
7,0,0.0686271190643,1
7,0,0.066143989563,1
7,0,0.0604801177979,1
7,0,0.0622560977936,1
7,0,0.0681359767914,1
7,0,0.0641551017761,1
7,0,0.0640828609467,1
8,0,0.0606319904327,1
8,0,0.0608110427856,1
8,0,0.0613639354706,1
8,0,0.0629971027374,1
8,0,0.0637571811676,1
8,0,0.0596630573273,1
8,0,0.0614750385284,1
8,0,0.0667350292206,1
8,0,0.0633230209351,1
8,0,0.0632269382477,1
9,0,0.0620439052582,1
9,0,0.0608580112457,1
9,0,0.0621240139008,1
9,0,0.0630829334259,1
9,0,0.066358089447,1
9,0,0.0647149085999,1
9,0,0.0641028881073,1
9,0,0.0650479793549,1
9,0,0.0656769275665,1
9,0,0.0628509521484,1
10,0,0.0705628395081,1
10,0,0.0706350803375,1
10,0,0.0732450485229,1
10,0,0.0676028728485,1
10,0,0.0695469379425,1
10,0,0.0694050788879,1
10,0,0.0692849159241,1
10,0,0.0672399997711,1
10,0,0.0706260204315,1
10,0,0.0664889812469,1
11,0,0.0704689025879,1
11,0,0.0712139606476,1
11,0,0.0711991786957,1
11,0,0.0680170059204,1
11,0,0.0691270828247,1
11,0,0.0711829662323,1
11,0,0.0712389945984,1
11,0,0.0681140422821,1
11,0,0.0704708099365,1
11,0,0.0773038864136,1
12,0,0.0699019432068,1
12,0,0.0756289958954,1
12,0,0.0744791030884,1
12,0,0.0682120323181,1
12,0,0.069258928299,1
12,0,0.0706751346588,1
12,0,0.070720911026,1
12,0,0.06818318367,1
12,0,0.0720119476318,1
12,0,0.0670318603516,1
13,0,0.0707731246948,1
13,0,0.0722100734711,1
13,0,0.0740849971771,1
13,0,0.0703670978546,1
13,0,0.0738620758057,1
13,0,0.0723400115967,1
13,0,0.078647851944,1
13,0,0.0717189311981,1
13,0,0.0724439620972,1
13,0,0.0675420761108,1
14,0,0.072242975235,1
14,0,0.0727369785309,1
14,0,0.0756731033325,1
14,0,0.0724520683289,1
14,0,0.0716068744659,1
14,0,0.0719859600067,1
14,0,0.0735502243042,1
14,0,0.0765879154205,1
14,0,0.0723729133606,1
14,0,0.0684559345245,1
15,0,0.0770671367645,1
15,0,0.0761780738831,1
15,0,0.0769059658051,1
15,0,0.0749831199646,1
15,0,0.0742869377136,1
15,0,0.0778141021729,1
15,0,0.0741829872131,1
15,0,0.0768580436707,1
15,0,0.0766339302063,1
15,0,0.0744109153748,1
16,0,0.0776288509369,1
16,0,0.0777821540833,1
16,0,0.0759530067444,1
16,0,0.078076839447,1
16,0,0.0746519565582,1
16,0,0.0764801502228,1
16,0,0.0763850212097,1
16,0,0.084851026535,1
16,0,0.0773019790649,1
16,0,0.0754199028015,1
17,0,0.0779159069061,1
17,0,0.0765759944916,1
17,0,0.077898979187,1
17,0,0.0795321464539,1
17,0,0.0782577991486,1
17,0,0.0780181884766,1
17,0,0.0775728225708,1
17,0,0.0786769390106,1
17,0,0.0798320770264,1
17,0,0.0751600265503,1
18,0,0.0818288326263,1
18,0,0.0800290107727,1
18,0,0.0823581218719,1
18,0,0.0787661075592,1
18,0,0.0840430259705,1
18,0,0.0768010616302,1
18,0,0.0764029026031,1
18,1,0.0753221511841,1
18,0,0.080178976059,1
18,0,0.0761501789093,1
19,0,0.0771479606628,1
19,0,0.0796160697937,1
19,0,0.0792100429535,1
19,0,0.0767290592194,1
19,0,0.0803608894348,1
19,0,0.0800330638885,1
19,0,0.0779609680176,1
19,0,0.0801451206207,1
19,0,0.0790801048279,1
19,0,0.0741879940033,1
