0,0,0.0527191162109,1
0,0,0.0566921234131,1
0,0,0.0550580024719,1
0,0,0.0536000728607,1
0,0,0.0552129745483,1
0,0,0.0517559051514,1
0,0,0.0537090301514,1
0,0,0.0514478683472,1
0,0,0.0524120330811,1
0,0,0.0521409511566,1
1,0,0.0559279918671,1
1,0,0.0538549423218,1
1,0,0.0567209720612,1
1,0,0.0574769973755,1
1,0,0.0574469566345,1
1,0,0.0591230392456,1
1,0,0.0569410324097,1
1,0,0.0563311576843,1
1,0,0.0543100833893,1
1,0,0.0587799549103,1
2,0,0.0576100349426,1
2,0,0.0621280670166,1
2,0,0.0579669475555,1
2,0,0.0577178001404,1
2,0,0.060583114624,1
2,0,0.0562119483948,1
2,0,0.058629989624,1
2,0,0.0583441257477,1
2,0,0.0582349300385,1
2,0,0.0543491840363,1
3,0,0.0561029911041,1
3,0,0.0585889816284,1
3,0,0.0611808300018,1
3,0,0.0613491535187,1
3,0,0.0629270076752,1
3,0,0.0619750022888,1
3,0,0.0710279941559,1
3,0,0.0595259666443,1
3,0,0.0595908164978,1
3,0,0.0564298629761,1
4,0,0.0576379299164,1
4,0,0.0625281333923,1
4,0,0.0584051609039,1
4,0,0.0567560195923,1
4,0,0.0589699745178,1
4,0,0.0576739311218,1
4,0,0.0566508769989,1
4,0,0.0574300289154,1
4,0,0.0583591461182,1
4,0,0.0583989620209,1
5,0,0.0658838748932,1
5,0,0.0671241283417,1
5,0,0.0655760765076,1
5,0,0.0620818138123,1
5,0,0.0632112026215,1
5,0,0.0690250396729,1
5,0,0.0667750835419,1
5,0,0.0645091533661,1
5,0,0.0657460689545,1
5,0,0.0739259719849,1
6,0,0.0698199272156,1
6,0,0.0715279579163,1
6,0,0.0747048854828,1
6,0,0.0648460388184,1
6,0,0.0643510818481,1
6,0,0.0677530765533,1
6,0,0.0675020217896,1
6,0,0.066563129425,1
6,0,0.0648889541626,1
6,0,0.0664079189301,1
7,0,0.0675230026245,1
7,0,0.0669569969177,1
7,0,0.0662059783936,1
7,0,0.0627110004425,1
7,0,0.0637199878693,1
7,0,0.068971157074,1
7,0,0.0670762062073,1
7,0,0.0688619613647,1
7,0,0.0674619674683,1
7,0,0.0698781013489,1
8,0,0.0702090263367,1
8,0,0.0679619312286,1
8,0,0.066220998764,1
8,0,0.063050031662,1
8,0,0.0646271705627,1
8,0,0.0714139938354,1
8,0,0.0689799785614,1
8,0,0.0703489780426,1
8,0,0.0709021091461,1
8,0,0.0719091892242,1
9,0,0.0690779685974,1
9,0,0.0766050815582,1
9,0,0.0691120624542,1
9,0,0.0659670829773,1
9,0,0.0659470558167,1
9,0,0.0693011283875,1
9,0,0.0706570148468,1
9,0,0.070955991745,1
9,0,0.0682880878448,1
9,0,0.0699830055237,1
10,0,0.0772349834442,1
10,0,0.0793199539185,1
10,0,0.0728878974915,1
10,0,0.0738508701324,1
10,0,0.0737519264221,1
10,0,0.0705459117889,1
10,0,0.0758559703827,1
10,0,0.0732951164246,1
10,0,0.075963973999,1
10,0,0.0788550376892,1
11,0,0.0770559310913,1
11,0,0.078381061554,1
11,0,0.0769958496094,1
11,0,0.0846211910248,1
11,0,0.0786550045013,1
11,0,0.0744378566742,1
11,0,0.0788531303406,1
11,0,0.0737822055817,1
11,0,0.0752711296082,1
11,0,0.077526807785,1
12,0,0.0768301486969,1
12,0,0.0818741321564,1
12,0,0.0779621601105,1
12,0,0.0773599147797,1
12,0,0.0803709030151,1
12,0,0.0765330791473,1
12,0,0.0750939846039,1
12,0,0.0834789276123,1
12,0,0.0868380069733,1
12,0,0.0918669700623,1
13,0,0.086333990097,1
13,0,0.0922269821167,1
13,0,0.104061841965,1
13,0,0.0780870914459,1
13,0,0.0775349140167,1
13,0,0.0734510421753,1
13,0,0.0809180736542,1
13,0,0.0797600746155,1
13,0,0.0713798999786,1
13,0,0.0776040554047,1
14,0,0.0737130641937,1
14,0,0.0810821056366,1
14,0,0.0860760211945,1
14,0,0.0816688537598,1
14,0,0.0786879062653,1
14,0,0.0711100101471,1
14,0,0.0772998332977,1
14,0,0.0810759067535,1
14,0,0.0733079910278,1
14,0,0.0804660320282,1
15,0,0.0774941444397,1
15,0,0.0822319984436,1
15,0,0.0770390033722,1
15,0,0.0762701034546,1
15,0,0.0846221446991,1
15,0,0.0827350616455,1
15,0,0.0826501846313,1
15,0,0.0874078273773,1
15,0,0.0811219215393,1
15,0,0.0831050872803,1
16,0,0.0787348747253,1
16,0,0.0821001529694,1
16,0,0.0778779983521,1
16,0,0.0783331394196,1
16,0,0.0859980583191,1
16,0,0.084156036377,1
16,0,0.0875949859619,1
16,0,0.0810499191284,1
16,0,0.0844719409943,1
16,0,0.0773189067841,1
17,0,0.0764179229736,1
17,0,0.0829589366913,1
17,0,0.078458070755,1
17,0,0.0751321315765,1
17,0,0.0851390361786,1
17,0,0.0844969749451,1
17,0,0.0839960575104,1
17,0,0.0786600112915,1
17,0,0.0925109386444,1
17,0,0.0856080055237,1
18,0,0.0838680267334,1
18,0,0.0984969139099,1
18,0,0.0790269374847,1
18,0,0.0786030292511,1
18,0,0.0883719921112,1
18,0,0.086709022522,1
18,0,0.0866670608521,1
18,0,0.0773639678955,1
18,0,0.0790719985962,1
18,0,0.0780999660492,1
19,0,0.0793979167938,1
19,0,0.0841329097748,1
19,0,0.0770750045776,1
19,0,0.0811591148376,1
19,0,0.0867369174957,1
19,0,0.0846519470215,1
19,0,0.0888690948486,1
19,0,0.0759661197662,1
19,0,0.0795590877533,1
19,0,0.0766370296478,1
20,0,0.0983819961548,1
20,0,0.0929620265961,1
20,0,0.0831480026245,1
20,0,0.0944259166718,1
20,0,0.0922148227692,1
20,0,0.0898268222809,1
20,0,0.0907111167908,1
20,0,0.0832271575928,1
20,0,0.0896971225739,1
20,0,0.0878942012787,1
21,0,0.0933439731598,1
21,0,0.105329990387,1
21,0,0.0933740139008,1
21,0,0.0916290283203,1
21,0,0.0884389877319,1
21,0,0.0878329277039,1
21,0,0.0867221355438,1
21,0,0.0808959007263,1
21,0,0.0853497982025,1
21,0,0.0747208595276,1
22,0,0.0869870185852,1
22,0,0.0834879875183,1
22,0,0.0792798995972,1
22,0,0.0913381576538,1
22,0,0.0795199871063,1
22,0,0.0857970714569,1
22,0,0.0872540473938,1
22,0,0.0773620605469,1
22,0,0.0868360996246,1
22,0,0.0777831077576,1
23,0,0.087455034256,1
23,0,0.0872359275818,1
23,0,0.0797860622406,1
23,0,0.0943009853363,1
23,0,0.0803079605103,1
23,0,0.085193157196,1
23,0,0.0916938781738,1
23,0,0.0775630474091,1
23,0,0.0825850963593,1
23,0,0.0761249065399,1
24,0,0.0866961479187,1
24,0,0.0835518836975,1
24,0,0.0815229415894,1
24,0,0.0850479602814,1
24,0,0.0784859657288,1
24,0,0.086364030838,1
24,0,0.0848650932312,1
24,0,0.0887479782104,1
24,0,0.0871481895447,1
24,0,0.0804951190948,1
25,0,0.0895819664001,1
25,0,0.0853409767151,1
25,0,0.0889799594879,1
25,0,0.0850210189819,1
25,0,0.0914900302887,1
25,0,0.0849678516388,1
25,0,0.0917520523071,1
25,0,0.0847680568695,1
25,0,0.0835788249969,1
25,0,0.0896871089935,1
26,0,0.0945432186127,1
26,0,0.0824210643768,1
26,0,0.0853698253632,1
26,0,0.0883069038391,1
26,0,0.0862550735474,1
26,0,0.0881390571594,1
26,0,0.0981440544128,1
26,0,0.0851860046387,1
26,0,0.0905640125275,1
26,0,0.093554019928,1
27,0,0.0960650444031,1
27,0,0.0851759910583,1
27,0,0.0833828449249,1
27,0,0.085165977478,1
27,0,0.0837910175323,1
27,0,0.0861799716949,1
27,0,0.093857049942,1
27,0,0.0853989124298,1
27,0,0.0832350254059,1
27,0,0.0988020896912,1
28,0,0.0921819210052,1
28,0,0.08229804039,1
28,0,0.0887541770935,1
28,0,0.0869691371918,1
28,0,0.0841329097748,1
28,0,0.085205078125,1
28,0,0.097177028656,1
28,0,0.0958771705627,1
28,0,0.0915250778198,1
28,0,0.103591918945,1
29,0,0.103535175323,1
29,0,0.0879559516907,1
29,0,0.0919179916382,1
29,0,0.0905311107635,1
29,0,0.0892460346222,1
29,0,0.089772939682,1
29,0,0.099406003952,1
29,0,0.0897030830383,1
29,0,0.0958638191223,1
29,0,0.103179931641,1
30,0,0.107805013657,1
30,0,0.0952291488647,1
30,0,0.104360103607,1
30,0,0.109855175018,1
30,0,0.102199077606,1
30,0,0.107949018478,1
30,0,0.0991940498352,1
30,0,0.104439020157,1
30,0,0.105671167374,1
30,0,0.102244853973,1
31,0,0.105859994888,1
31,0,0.0971999168396,1
31,0,0.103981018066,1
31,0,0.106725215912,1
31,0,0.0997769832611,1
31,0,0.112972021103,1
31,0,0.102135181427,1
31,0,0.107506036758,1
31,0,0.108545064926,1
31,0,0.107129096985,1
32,0,0.112642049789,1
32,0,0.0971970558167,1
32,0,0.116321086884,1
32,0,0.122125148773,1
32,0,0.101659059525,1
32,0,0.111754894257,1
32,0,0.103106021881,1
32,0,0.115192890167,1
32,0,0.11298418045,1
32,0,0.11167383194,1
33,0,0.112240076065,1
33,0,0.101594924927,1
33,0,0.112608909607,1
33,0,0.114753007889,1
33,0,0.10745215416,1
33,0,0.114114999771,1
33,0,0.108824968338,1
33,0,0.117321968079,1
33,0,0.108287096024,1
33,0,0.110208034515,1
34,0,0.118334054947,1
34,0,0.102158069611,1
34,0,0.111238002777,1
34,0,0.106722831726,1
34,0,0.0991470813751,1
34,0,0.107871055603,1
34,0,0.102478981018,1
34,0,0.109310150146,1
34,0,0.113679170609,1
34,0,0.116173028946,1
35,0,0.103088855743,1
35,0,0.106013059616,1
35,0,0.106184959412,1
35,0,0.113505840302,1
35,0,0.112659931183,1
35,0,0.131137132645,1
35,0,0.10738992691,1
35,0,0.115725040436,1
35,0,0.115098953247,1
35,0,0.113974094391,1
36,0,0.106790781021,1
36,0,0.101938009262,1
36,0,0.107047080994,1
36,0,0.117513895035,1
36,0,0.113736867905,1
36,0,0.116935968399,1
36,0,0.107924938202,1
36,0,0.113921880722,1
36,0,0.115124940872,1
36,0,0.116866111755,1
37,0,0.104063034058,1
37,0,0.103976964951,1
37,0,0.120751857758,1
37,0,0.131883144379,1
37,0,0.122775793076,1
37,0,0.11892914772,1
37,0,0.106889009476,1
37,0,0.118816137314,1
37,0,0.115873098373,1
37,0,0.111410140991,1
38,0,0.105518817902,1
38,0,0.109179973602,1
38,0,0.116671800613,1
38,0,0.122802019119,1
38,0,0.125154972076,1
38,0,0.115775823593,1
38,0,0.10644698143,1
38,0,0.114089012146,1
38,0,0.114051103592,1
38,0,0.125406980515,1
39,0,0.108644008636,1
39,0,0.105009078979,1
39,0,0.104647874832,1
39,0,0.115190982819,1
39,0,0.116655111313,1
39,0,0.118625879288,1
39,0,0.102458000183,1
39,0,0.115892887115,1
39,0,0.124233961105,1
39,0,0.122331857681,1
40,0,0.12334895134,1
40,0,0.107528924942,1
40,0,0.122795820236,1
40,0,0.124685049057,1
40,0,0.121916055679,1
40,0,0.12624502182,1
40,0,0.122010946274,1
40,0,0.108632087708,1
40,0,0.133192062378,1
40,0,0.12101817131,1
41,0,0.124973773956,1
41,0,0.116571903229,1
41,0,0.128226995468,1
41,0,0.1288189888,1
41,0,0.121699094772,1
41,0,0.120114088058,1
41,0,0.123133897781,1
41,0,0.113859176636,1
41,0,0.12458896637,1
41,0,0.128628015518,1
42,0,0.125998020172,1
42,0,0.114529132843,1
42,0,0.129122972488,1
42,0,0.131973028183,1
42,0,0.135076999664,1
42,0,0.169078111649,1
42,0,0.147716999054,1
42,0,0.14418721199,1
42,0,0.134114027023,1
42,0,0.12619304657,1
43,0,0.126363039017,1
43,0,0.109860181808,1
43,0,0.127801895142,1
43,0,0.131535053253,1
43,0,0.141084909439,1
43,0,0.128844022751,1
43,0,0.122497797012,1
43,0,0.10889005661,1
43,0,0.126001834869,1
43,0,0.126034021378,1
44,0,0.126402854919,1
44,0,0.106925010681,1
44,0,0.128484010696,1
44,0,0.131682157516,1
44,0,0.123291015625,1
44,0,0.124015808105,1
44,0,0.122097015381,1
44,0,0.106635093689,1
44,0,0.126379013062,1
44,0,0.125844955444,1
45,0,0.122428178787,1
45,0,0.136765003204,1
45,0,0.117228984833,1
45,0,0.133823156357,1
45,0,0.12894487381,1
45,0,0.137732982635,1
45,0,0.131101131439,1
45,0,0.116750001907,1
45,0,0.118458986282,1
45,0,0.121473073959,1
46,0,0.118765115738,1
46,0,0.136081933975,1
46,0,0.134363889694,1
46,0,0.144608974457,1
46,0,0.136147975922,1
46,0,0.135280132294,1
46,0,0.133074045181,1
46,0,0.115480899811,1
46,0,0.117136955261,1
46,0,0.117219924927,1
47,0,0.122061014175,1
47,0,0.140330076218,1
47,0,0.118149995804,1
47,0,0.134142875671,1
47,0,0.125473022461,1
47,0,0.128793001175,1
47,0,0.12780880928,1
47,0,0.117300987244,1
47,0,0.128318071365,1
47,0,0.11946606636,1
48,0,0.118589162827,1
48,0,0.145178079605,1
48,0,0.118093013763,1
48,0,0.14465713501,1
48,0,0.133283138275,1
48,0,0.129909992218,1
48,0,0.129754066467,1
48,0,0.117504835129,1
48,0,0.117788076401,1
48,0,0.121748924255,1
49,0,0.123768091202,1
49,0,0.147646903992,1
49,0,0.120906829834,1
49,0,0.14533495903,1
49,0,0.144371986389,1
49,0,0.133974075317,1
49,0,0.134347915649,1
49,0,0.117484092712,1
49,0,0.12158703804,1
49,0,0.128201007843,1
50,0,0.146755933762,1
50,0,0.14959192276,1
50,0,0.146239995956,1
50,0,0.130901813507,1
50,0,0.138565063477,1
50,0,0.147366046906,1
50,0,0.125046014786,1
50,0,0.144487857819,1
50,0,0.122778892517,1
50,0,0.157013893127,1
51,0,0.142715930939,1
51,0,0.140686988831,1
51,0,0.145615100861,1
51,0,0.122619867325,1
51,0,0.142832994461,1
51,0,0.139214038849,1
51,0,0.123188972473,1
51,0,0.145895004272,1
51,0,0.121984958649,1
51,0,0.153126955032,1
52,0,0.142151117325,1
52,0,0.141240119934,1
52,0,0.140789031982,1
52,0,0.121897935867,1
52,0,0.137835025787,1
52,0,0.136693954468,1
52,0,0.127972841263,1
52,0,0.149564981461,1
52,0,0.121649026871,1
52,0,0.145004987717,1
53,0,0.142518997192,1
53,0,0.143318891525,1
53,0,0.14132809639,1
53,0,0.130558013916,1
53,0,0.14491891861,1
53,0,0.149029016495,1
53,0,0.126233100891,1
53,0,0.146176099777,1
53,0,0.121840000153,1
53,0,0.146885871887,1
54,0,0.15113902092,1
54,0,0.146440982819,1
54,0,0.138547897339,1
54,0,0.122227191925,1
54,0,0.143265962601,1
54,0,0.146991968155,1
54,0,0.124503135681,1
54,0,0.144760847092,1
54,0,0.125468969345,1
54,0,0.150768995285,1
55,0,0.132671117783,1
55,0,0.169878005981,1
55,0,0.161519050598,1
55,0,0.185763120651,1
55,0,0.16982793808,1
55,0,0.137552022934,1
55,0,0.164290904999,1
55,0,0.161199092865,1
55,0,0.158045768738,1
55,0,0.132738113403,1
56,0,0.135297060013,1
56,0,0.154905080795,1
56,0,0.145020008087,1
56,0,0.154002904892,1
56,0,0.163938045502,1
56,0,0.136487007141,1
56,0,0.16299200058,1
56,0,0.150156021118,1
56,0,0.157081842422,1
56,0,0.134649038315,1
57,0,0.135002851486,1
57,0,0.169255018234,1
57,0,0.158459186554,1
57,0,0.150223016739,1
57,0,0.15208697319,1
57,0,0.133463859558,1
57,0,0.153815984726,1
57,0,0.162717103958,1
57,0,0.161544084549,1
57,0,0.132006168365,1
58,0,0.130572080612,1
58,0,0.150575876236,1
58,0,0.162125825882,1
58,0,0.149698019028,1
58,0,0.17352104187,1
58,0,0.141721010208,1
58,0,0.157128810883,1
58,0,0.152744054794,1
58,0,0.156819105148,1
58,0,0.135528802872,1
59,0,0.141842842102,1
59,0,0.16280412674,1
59,0,0.151521921158,1
59,0,0.154150009155,1
59,0,0.162909030914,1
59,0,0.141478061676,1
59,0,0.155107021332,1
59,0,0.152700185776,1
59,0,0.161398172379,1
59,0,0.138005018234,1
60,0,0.166248083115,1
60,0,0.143504142761,1
60,0,0.166019916534,1
60,0,0.1637570858,1
60,0,0.138426065445,1
60,0,0.158381938934,1
60,0,0.14861702919,1
60,0,0.140578985214,1
60,0,0.13436293602,1
60,0,0.154246807098,1
61,0,0.147809028625,1
61,0,0.133615970612,1
61,0,0.152467012405,1
61,0,0.155835866928,1
61,0,0.136132001877,1
61,0,0.153111219406,1
61,0,0.154335975647,1
61,0,0.129738807678,1
61,0,0.131687879562,1
61,0,0.15052819252,1
62,0,0.148866176605,1
62,0,0.141545057297,1
62,0,0.143425941467,1
62,0,0.162426948547,1
62,0,0.133322000504,1
62,0,0.155111074448,1
62,0,0.148818016052,1
62,0,0.132811069489,1
62,0,0.14555311203,1
62,0,0.162826061249,1
63,0,0.159116029739,1
63,0,0.137189149857,1
63,0,0.152631044388,1
63,0,0.161864995956,1
63,0,0.137282133102,1
63,0,0.170739889145,1
63,0,0.163355112076,1
63,0,0.141349077225,1
63,0,0.140089988708,1
63,0,0.159265995026,1
64,0,0.15961098671,1
64,0,0.141861200333,1
64,0,0.168396949768,1
64,0,0.166568040848,1
64,0,0.13459610939,1
64,0,0.162070035934,1
64,0,0.167862892151,1
64,0,0.155318975449,1
64,0,0.149986982346,1
64,0,0.164506912231,1
65,0,0.148342132568,1
65,0,0.145699977875,1
65,0,0.144402980804,1
65,0,0.163927078247,1
65,0,0.166739940643,1
65,0,0.162401914597,1
65,0,0.145187854767,1
65,0,0.182518959045,1
65,0,0.172459125519,1
65,0,0.15237402916,1
66,0,0.149547100067,1
66,0,0.146391868591,1
66,0,0.152546882629,1
66,0,0.177000999451,1
66,0,0.164785861969,1
66,0,0.163094043732,1
66,0,0.14356303215,1
66,0,0.178039073944,1
66,0,0.179511070251,1
66,0,0.151340961456,1
67,0,0.157351016998,1
67,0,0.155812978745,1
67,0,0.146342039108,1
67,0,0.171700000763,1
67,0,0.169220924377,1
67,0,0.177624940872,1
67,0,0.155894041061,1
67,0,0.171742916107,1
67,0,0.164560079575,1
67,0,0.149231910706,1
68,0,0.1475918293,1
68,0,0.150448083878,1
68,0,0.156288146973,1
68,0,0.170251846313,1
68,0,0.168214082718,1
68,0,0.166829109192,1
68,0,0.139350891113,1
68,0,0.182952165604,1
68,0,0.179240942001,1
68,0,0.145337104797,1
69,0,0.139820814133,1
69,0,0.15207195282,1
69,0,0.152793884277,1
69,0,0.170181035995,1
69,0,0.171847105026,1
69,0,0.169544935226,1
69,0,0.1491959095,1
69,0,0.183676958084,1
69,0,0.175722122192,1
69,0,0.144128084183,1
70,0,0.176126003265,1
70,0,0.173748016357,1
70,0,0.178274869919,1
70,0,0.20063996315,1
70,0,0.183656215668,1
70,0,0.180144786835,1
70,0,0.174728155136,1
70,0,0.177459955215,1
70,0,0.161618947983,1
70,0,0.196765899658,1
71,0,0.16675901413,1
71,0,0.181949138641,1
71,0,0.188606977463,1
71,0,0.173310995102,1
71,0,0.188391923904,1
71,0,0.174334049225,1
71,0,0.181125164032,1
71,0,0.208285093307,1
71,0,0.159765958786,1
71,0,0.191390991211,1
72,0,0.193642139435,1
72,0,0.184437990189,1
72,0,0.175323963165,1
72,0,0.17565202713,1
72,0,0.178025007248,1
72,0,0.184307813644,1
72,0,0.181779146194,1
72,0,0.169678926468,1
72,0,0.154031991959,1
72,0,0.19482588768,1
73,0,0.19000005722,1
73,0,0.171501159668,1
73,0,0.184913873672,1
73,0,0.184850931168,1
73,0,0.178764820099,1
73,0,0.173579931259,1
73,0,0.187058925629,1
73,1,0.162926912308,1
73,0,0.145318984985,1
73,0,0.190963983536,1
74,0,0.192591905594,1
74,0,0.19602394104,1
74,0,0.175386190414,1
74,0,0.186521053314,1
74,0,0.1792781353,1
74,0,0.176760911942,1
74,0,0.180022001266,1
74,0,0.177067041397,1
74,0,0.160604953766,1
74,0,0.18026804924,1
