0,0,0.0612571239471,1
0,0,0.0609390735626,1
0,0,0.060720205307,1
0,0,0.0637338161469,1
0,0,0.064071893692,1
0,0,0.0859429836273,1
0,0,0.074991941452,1
0,0,0.0625929832458,1
0,0,0.0553569793701,1
0,0,0.057657957077,1
1,0,0.0583620071411,1
1,0,0.0608379840851,1
1,0,0.0619809627533,1
1,0,0.0606651306152,1
1,0,0.0639028549194,1
1,0,0.0629122257233,1
1,0,0.0621349811554,1
1,0,0.0665531158447,1
1,0,0.060170173645,1
1,0,0.0636348724365,1
2,0,0.0638020038605,1
2,0,0.0664579868317,1
2,0,0.0616681575775,1
2,0,0.0662138462067,1
2,0,0.0627520084381,1
2,0,0.0692398548126,1
2,0,0.0764181613922,1
2,0,0.0731489658356,1
2,0,0.0716109275818,1
2,0,0.073114156723,1
3,0,0.0704598426819,1
3,0,0.0705759525299,1
3,0,0.0669331550598,1
3,0,0.0674819946289,1
3,0,0.0665090084076,1
3,0,0.0883991718292,1
3,0,0.0640490055084,1
3,0,0.0759229660034,1
3,0,0.0647189617157,1
3,0,0.0715880393982,1
4,0,0.0638091564178,1
4,0,0.0628259181976,1
4,0,0.0635349750519,1
4,0,0.0649800300598,1
4,0,0.0597529411316,1
4,0,0.0618898868561,1
4,0,0.0640459060669,1
4,0,0.066064119339,1
4,0,0.0629019737244,1
4,0,0.0668888092041,1
5,0,0.0741291046143,1
5,0,0.0708179473877,1
5,0,0.0711421966553,1
5,0,0.0693669319153,1
5,0,0.0691738128662,1
5,0,0.0754339694977,1
5,0,0.0703549385071,1
5,0,0.0685260295868,1
5,0,0.077232837677,1
5,0,0.0930738449097,1
6,0,0.0816881656647,1
6,0,0.0729718208313,1
6,0,0.076651096344,1
6,0,0.0774350166321,1
6,0,0.0673611164093,1
6,0,0.072527885437,1
6,0,0.0747449398041,1
6,0,0.0715730190277,1
6,0,0.0736660957336,1
6,0,0.0760860443115,1
7,0,0.0776350498199,1
7,0,0.0819239616394,1
7,0,0.0733349323273,1
7,0,0.0742318630219,1
7,0,0.0712478160858,1
7,0,0.0774481296539,1
7,0,0.082004070282,1
7,0,0.0731358528137,1
7,0,0.0716378688812,1
7,0,0.074807882309,1
8,0,0.0711171627045,1
8,0,0.0710189342499,1
8,0,0.073853969574,1
8,0,0.070464849472,1
8,0,0.0696320533752,1
8,0,0.0848891735077,1
8,0,0.0728089809418,1
8,0,0.0732328891754,1
8,0,0.068176984787,1
8,0,0.0708410739899,1
9,0,0.0743970870972,1
9,0,0.0712819099426,1
9,0,0.0721139907837,1
9,0,0.0704951286316,1
9,0,0.0698609352112,1
9,0,0.0748059749603,1
9,0,0.0698568820953,1
9,0,0.0726120471954,1
9,0,0.0743060112,1
9,0,0.0811569690704,1
10,0,0.0802910327911,1
10,0,0.0821051597595,1
10,0,0.0814981460571,1
10,0,0.075483083725,1
10,0,0.0754370689392,1
10,0,0.076189994812,1
10,0,0.0977549552917,1
10,0,0.0725948810577,1
10,0,0.0839841365814,1
10,0,0.0784428119659,1
11,0,0.0801298618317,1
11,0,0.0813720226288,1
11,0,0.0820109844208,1
11,0,0.0777728557587,1
11,0,0.0771019458771,1
11,0,0.0763459205627,1
11,0,0.0800740718842,1
11,0,0.0785570144653,1
11,0,0.0899519920349,1
11,0,0.0849831104279,1
12,0,0.0844540596008,1
12,0,0.0839600563049,1
12,0,0.0767908096313,1
12,0,0.0770869255066,1
12,0,0.07639503479,1
12,0,0.0749008655548,1
12,0,0.0872938632965,1
12,0,0.0904638767242,1
12,0,0.0848348140717,1
12,0,0.0802021026611,1
13,0,0.130136013031,1
13,0,0.098137140274,1
13,0,0.0937690734863,1
13,0,0.084114074707,1
13,0,0.121686935425,1
13,0,0.085168838501,1
13,0,0.0993490219116,1
13,0,0.0807409286499,1
13,0,0.112981081009,1
13,0,0.0805351734161,1
14,0,0.0838830471039,1
14,0,0.0898830890656,1
14,0,0.08127784729,1
14,0,0.0779359340668,1
14,0,0.0783169269562,1
14,0,0.0785181522369,1
14,0,0.0839650630951,1
14,0,0.0766839981079,1
14,0,0.0818059444427,1
14,0,0.0780789852142,1
15,0,0.125007152557,1
15,0,0.0833749771118,1
15,0,0.0827188491821,1
15,0,0.0808508396149,1
15,0,0.0864808559418,1
15,0,0.0834698677063,1
15,0,0.0825719833374,1
15,0,0.0813190937042,1
15,0,0.119063854218,1
15,0,0.0949509143829,1
16,0,0.0883319377899,1
16,0,0.0893530845642,1
16,0,0.108349084854,1
16,0,0.0856080055237,1
16,0,0.106037855148,1
16,0,0.0995779037476,1
16,0,0.0803651809692,1
16,0,0.086217880249,1
16,0,0.1088950634,1
16,0,0.089971780777,1
17,0,0.14569401741,1
17,0,0.0971918106079,1
17,0,0.0801320075989,1
17,0,0.0899951457977,1
17,0,0.102417945862,1
17,0,0.0825178623199,1
17,0,0.116983890533,1
17,0,0.0819180011749,1
17,0,0.0855510234833,1
17,0,0.0953979492188,1
18,0,0.0923449993134,1
18,0,0.0982351303101,1
18,0,0.0998361110687,1
18,0,0.0775768756866,1
18,0,0.0991950035095,1
18,0,0.10425901413,1
18,0,0.0817439556122,1
18,0,0.0899720191956,1
18,0,0.109488010406,1
18,0,0.0930941104889,1
19,0,0.127310037613,1
19,0,0.0968828201294,1
19,0,0.0863828659058,1
19,0,0.104319810867,1
19,0,0.0900890827179,1
19,0,0.101532936096,1
19,0,0.103060007095,1
19,0,0.0839030742645,1
19,0,0.111122131348,1
19,0,0.0999000072479,1
20,0,0.0955548286438,1
20,0,0.0983400344849,1
20,0,0.0895240306854,1
20,0,0.0983831882477,1
20,0,0.0945479869843,1
20,0,0.0932738780975,1
20,0,0.0993208885193,1
20,0,0.0976068973541,1
20,0,0.0951719284058,1
20,0,0.0972111225128,1
21,0,0.106709957123,1
21,0,0.0949969291687,1
21,0,0.0891709327698,1
21,0,0.0994989871979,1
21,0,0.100538015366,1
21,0,0.105406045914,1
21,0,0.108225107193,1
21,0,0.097846031189,1
21,0,0.0986831188202,1
21,0,0.0944700241089,1
22,0,0.0964479446411,1
22,0,0.0962769985199,1
22,0,0.0876879692078,1
22,0,0.0976409912109,1
22,0,0.0935130119324,1
22,0,0.100567102432,1
22,0,0.0992650985718,1
22,0,0.103008985519,1
22,0,0.0982689857483,1
22,0,0.095428943634,1
23,0,0.101920127869,1
23,0,0.103195905685,1
23,0,0.0930302143097,1
23,0,0.0948348045349,1
23,0,0.0943689346313,1
23,0,0.0976209640503,1
23,0,0.0991759300232,1
23,0,0.113354921341,1
23,0,0.10440993309,1
23,0,0.0968501567841,1
24,0,0.100270986557,1
24,0,0.0966029167175,1
24,0,0.0889089107513,1
24,0,0.0979809761047,1
24,0,0.097806930542,1
24,0,0.102252006531,1
24,0,0.107880115509,1
24,0,0.10792183876,1
24,0,0.104603052139,1
24,0,0.10071516037,1
25,0,0.109431028366,1
25,0,0.108099937439,1
25,0,0.126092910767,1
25,0,0.131172180176,1
25,0,0.112949848175,1
25,0,0.103584051132,1
25,0,0.105074882507,1
25,0,0.0991148948669,1
25,0,0.105283021927,1
25,0,0.138537883759,1
26,0,0.122554063797,1
26,0,0.110852003098,1
26,0,0.112872123718,1
26,0,0.112227916718,1
26,0,0.136349916458,1
26,0,0.103483915329,1
26,0,0.102113008499,1
26,0,0.0984120368958,1
26,0,0.100163936615,1
26,0,0.106564998627,1
27,0,0.105709075928,1
27,0,0.106338024139,1
27,0,0.108835935593,1
27,0,0.0998618602753,1
27,0,0.117279052734,1
27,0,0.132953882217,1
27,0,0.105386972427,1
27,0,0.100062131882,1
27,0,0.0988130569458,1
27,0,0.115751981735,1
28,0,0.108798027039,1
28,0,0.10376906395,1
28,0,0.148772001266,1
28,0,0.139410972595,1
28,0,0.126975774765,1
28,0,0.111757040024,1
28,0,0.136103868484,1
28,0,0.130431890488,1
28,0,0.101536989212,1
28,0,0.106956958771,1
29,0,0.112498998642,1
29,0,0.107038021088,1
29,0,0.122381925583,1
29,0,0.100514888763,1
29,0,0.107132196426,1
29,0,0.105054140091,1
29,0,0.115479946136,1
29,0,0.0972049236298,1
29,0,0.0945539474487,1
29,0,0.107033014297,1
30,0,0.10830116272,1
30,0,0.126973867416,1
30,0,0.11452794075,1
30,0,0.116998910904,1
30,0,0.127609968185,1
30,0,0.115010976791,1
30,0,0.113014936447,1
30,0,0.123743772507,1
30,0,0.103078126907,1
30,0,0.118414163589,1
31,0,0.105399847031,1
31,0,0.115602016449,1
31,0,0.108642101288,1
31,0,0.109906196594,1
31,0,0.109818935394,1
31,0,0.11022901535,1
31,0,0.115093946457,1
31,0,0.162374973297,1
31,0,0.137737035751,1
31,0,0.128499031067,1
32,0,0.106554985046,1
32,0,0.125055074692,1
32,0,0.105557918549,1
32,0,0.112462043762,1
32,0,0.113421916962,1
32,0,0.111434936523,1
32,0,0.122406005859,1
32,0,0.117314815521,1
32,0,0.105380058289,1
32,0,0.102277994156,1
33,0,0.109341144562,1
33,0,0.114424943924,1
33,0,0.135109186172,1
33,0,0.143332004547,1
33,0,0.141079187393,1
33,0,0.122176885605,1
33,0,0.119052886963,1
33,0,0.116354942322,1
33,0,0.104417800903,1
33,0,0.102710008621,1
34,0,0.103898048401,1
34,0,0.121125936508,1
34,0,0.104609966278,1
34,0,0.121378898621,1
34,0,0.117604970932,1
34,0,0.117723941803,1
34,0,0.115890979767,1
34,0,0.116163015366,1
34,0,0.10609292984,1
34,0,0.102298974991,1
35,0,0.117084980011,1
35,0,0.106199979782,1
35,0,0.106812953949,1
35,0,0.106624126434,1
35,0,0.107349872589,1
35,0,0.107086896896,1
35,0,0.121072053909,1
35,0,0.126963853836,1
35,0,0.11476111412,1
35,0,0.119395017624,1
36,0,0.106761932373,1
36,0,0.106351852417,1
36,0,0.11104798317,1
36,0,0.110198020935,1
36,0,0.107768774033,1
36,0,0.105402946472,1
36,0,0.132818937302,1
36,0,0.120260953903,1
36,0,0.118376970291,1
36,0,0.116930961609,1
37,0,0.107571840286,1
37,0,0.111379146576,1
37,0,0.107710838318,1
37,0,0.108529090881,1
37,0,0.107595920563,1
37,0,0.116750001907,1
37,0,0.129495859146,1
37,0,0.121209144592,1
37,0,0.116557121277,1
37,0,0.125864028931,1
38,0,0.107990980148,1
38,0,0.10687494278,1
38,0,0.103761911392,1
38,0,0.111460924149,1
38,0,0.115614891052,1
38,0,0.108924865723,1
38,0,0.126244068146,1
38,0,0.130604028702,1
38,0,0.129550933838,1
38,0,0.121100902557,1
39,0,0.114353895187,1
39,0,0.111927986145,1
39,0,0.119187831879,1
39,0,0.108952999115,1
39,0,0.110994815826,1
39,0,0.105001926422,1
39,0,0.119619846344,1
39,0,0.125293970108,1
39,0,0.17320394516,1
39,0,0.137274980545,1
40,0,0.116203069687,1
40,0,0.126329183578,1
40,0,0.1156270504,1
40,0,0.112761974335,1
40,0,0.121762990952,1
40,0,0.114542961121,1
40,0,0.12492609024,1
40,0,0.133804798126,1
40,0,0.115489006042,1
40,0,0.112361907959,1
41,0,0.114487171173,1
41,0,0.127323865891,1
41,0,0.111483097076,1
41,0,0.129602193832,1
41,0,0.113656997681,1
41,0,0.112318992615,1
41,0,0.132142066956,1
41,0,0.131077051163,1
41,0,0.114320039749,1
41,0,0.111232995987,1
42,0,0.11486697197,1
42,0,0.195004940033,1
42,0,0.143013000488,1
42,0,0.113963127136,1
42,0,0.11304807663,1
42,0,0.116898059845,1
42,0,0.128211021423,1
42,0,0.131337165833,1
42,0,0.11531496048,1
42,0,0.120339870453,1
43,0,0.1144490242,1
43,0,0.131054878235,1
43,0,0.118582010269,1
43,0,0.118016004562,1
43,0,0.116183996201,1
43,0,0.137828111649,1
43,0,0.145874023438,1
43,0,0.131844997406,1
43,0,0.116250038147,1
43,0,0.119324922562,1
44,0,0.116954088211,1
44,0,0.137634038925,1
44,0,0.137579917908,1
44,0,0.119688987732,1
44,0,0.132807016373,1
44,0,0.140321016312,1
44,0,0.131323099136,1
44,0,0.13304400444,1
44,0,0.122147083282,1
44,0,0.110647916794,1
45,0,0.164330005646,1
45,0,0.157335042953,1
45,0,0.119516134262,1
45,0,0.136260986328,1
45,0,0.13395690918,1
45,0,0.143074035645,1
45,0,0.133543968201,1
45,0,0.121776103973,1
45,0,0.136490106583,1
45,0,0.132081985474,1
46,0,0.257719039917,1
46,0,0.156775951385,1
46,0,0.146339893341,1
46,0,0.152450084686,1
46,0,0.125631809235,1
46,0,0.133507013321,1
46,0,0.130685091019,1
46,0,0.117799043655,1
46,0,0.13610291481,1
46,0,0.150737762451,1
47,0,0.141393899918,1
47,0,0.135428905487,1
47,0,0.127232074738,1
47,0,0.138499975204,1
47,0,0.125283956528,1
47,0,0.138789892197,1
47,0,0.151829957962,1
47,0,0.122426986694,1
47,0,0.137841939926,1
47,0,0.136697053909,1
48,0,0.148432016373,1
48,0,0.140221834183,1
48,0,0.129351139069,1
48,0,0.417132854462,1
48,0,0.127054929733,1
48,0,0.136860132217,1
48,0,0.133525133133,1
48,0,0.11944103241,1
48,0,0.138456106186,1
48,0,0.144796133041,1
49,0,0.140027046204,1
49,0,0.136789083481,1
49,0,0.117727041245,1
49,0,0.181095123291,1
49,0,0.148172855377,1
49,0,0.136794090271,1
49,0,0.156038999557,1
49,0,0.136247873306,1
49,0,0.14266705513,1
49,0,0.160271167755,1
50,0,0.139214992523,1
50,0,0.125360012054,1
50,0,0.162530899048,1
50,0,0.183549165726,1
50,0,0.171613931656,1
50,0,0.139497995377,1
50,0,0.145364999771,1
50,0,0.130861997604,1
50,0,0.130275011063,1
50,0,0.148046970367,1
51,0,0.14835190773,1
51,0,0.125898838043,1
51,0,0.142142057419,1
51,0,0.346337080002,1
51,0,0.221529006958,1
51,0,0.164886951447,1
51,0,0.202595949173,1
51,0,0.164002895355,1
51,0,0.145192861557,1
51,0,0.160835027695,1
52,0,0.157531023026,1
52,0,0.140462875366,1
52,0,0.164859056473,1
52,0,0.16113114357,1
52,0,0.156639099121,1
52,0,0.134322881699,1
52,0,0.15896487236,1
52,0,0.138261079788,1
52,0,0.138636112213,1
52,0,0.148891925812,1
53,0,0.169353961945,1
53,0,0.13956618309,1
53,0,0.174926996231,1
53,0,0.186290979385,1
53,0,0.177932977676,1
53,0,0.154083013535,1
53,0,0.174844026566,1
53,0,0.133832931519,1
53,0,0.1359770298,1
53,0,0.169324159622,1
54,0,0.172195911407,1
54,0,0.137844085693,1
54,0,0.165358066559,1
54,0,0.204159975052,1
54,0,0.172824859619,1
54,0,0.154806852341,1
54,0,0.175367116928,1
54,0,0.144872903824,1
54,0,0.156063079834,1
54,0,0.219449996948,1
55,0,0.213317871094,1
55,0,0.211711168289,1
55,0,0.396109104156,1
55,0,0.188961029053,1
55,0,0.154847860336,1
55,0,0.182228088379,1
55,0,0.1644551754,1
55,0,0.170986175537,1
55,0,0.144657850266,1
55,0,0.135468006134,1
56,0,0.169435977936,1
56,0,0.156485080719,1
56,0,0.16210103035,1
56,0,0.149725198746,1
56,0,0.134085893631,1
56,0,0.147272825241,1
56,0,0.149298906326,1
56,0,0.131917953491,1
56,0,0.135334968567,1
56,0,0.132400035858,1
57,0,0.158727884293,1
57,0,0.152736902237,1
57,0,0.156342029572,1
57,0,0.146937847137,1
57,0,0.139173030853,1
57,0,0.157820940018,1
57,0,0.134788990021,1
57,0,0.133460044861,1
57,0,0.142625808716,1
57,0,0.135637044907,1
58,0,0.159204006195,1
58,0,0.149004936218,1
58,0,0.161291122437,1
58,0,0.151086807251,1
58,0,0.153720855713,1
58,0,0.15660405159,1
58,0,0.134598016739,1
58,0,0.132756948471,1
58,0,0.130332946777,1
58,0,0.132990837097,1
59,0,0.157473087311,1
59,0,0.150046110153,1
59,0,0.152551174164,1
59,0,0.150153875351,1
59,0,0.135476827621,1
59,0,0.161659955978,1
59,0,0.137137889862,1
59,0,0.133913040161,1
59,0,0.135624885559,1
59,0,0.139278888702,1
60,0,0.143048048019,1
60,0,0.141165018082,1
60,0,0.139344930649,1
60,0,0.157675027847,1
60,0,0.157924175262,1
60,0,0.159909963608,1
60,0,0.166260004044,1
60,0,0.164156913757,1
60,0,0.16566991806,1
60,0,0.164515018463,1
61,0,0.143790006638,1
61,0,0.141573905945,1
61,0,0.14311003685,1
61,0,0.164609909058,1
61,0,0.168889045715,1
61,0,0.170685052872,1
61,0,0.146322011948,1
61,0,0.164176940918,1
61,0,0.167031049728,1
61,0,0.162227869034,1
62,0,0.146546125412,1
62,0,0.140653848648,1
62,0,0.140625,1
62,0,0.158866882324,1
62,0,0.164251089096,1
62,0,0.166325092316,1
62,0,0.143325805664,1
62,0,0.161943912506,1
62,0,0.169559001923,1
62,0,0.158082008362,1
63,0,0.146000862122,1
63,0,0.139545917511,1
63,0,0.145871162415,1
63,0,0.162014007568,1
63,0,0.159334182739,1
63,0,0.159723997116,1
63,0,0.138463973999,1
63,0,0.160238027573,1
63,0,0.167537927628,1
63,0,0.160151958466,1
64,0,0.136913061142,1
64,0,0.141289949417,1
64,0,0.136905908585,1
64,0,0.158777952194,1
64,0,0.157546043396,1
64,0,0.155722856522,1
64,0,0.141165018082,1
64,0,0.166885852814,1
64,0,0.16533613205,1
64,0,0.163496017456,1
65,0,0.170998811722,1
65,0,0.168979883194,1
65,0,0.151268959045,1
65,0,0.167881011963,1
65,0,0.148197889328,1
65,0,0.150299072266,1
65,0,0.148916006088,1
65,0,0.145126104355,1
65,0,0.17418718338,1
65,0,0.168233156204,1
66,0,0.171179056168,1
66,0,0.171228885651,1
66,0,0.145829916,1
66,0,0.174066066742,1
66,0,0.146677970886,1
66,0,0.145807027817,1
66,0,0.145606040955,1
66,0,0.151556015015,1
66,0,0.174605131149,1
66,0,0.172610044479,1
67,0,0.166792154312,1
67,0,0.167351007462,1
67,0,0.147008180618,1
67,0,0.161644935608,1
67,0,0.14893913269,1
67,0,0.144718885422,1
67,0,0.144778966904,1
67,0,0.142591953278,1
67,0,0.171183109283,1
67,0,0.165499925613,1
68,0,0.165760993958,1
68,0,0.163510799408,1
68,0,0.15181684494,1
68,0,0.162480831146,1
68,0,0.144903898239,1
68,0,0.144157886505,1
68,0,0.152709960938,1
68,0,0.147881984711,1
68,0,0.173325061798,1
68,0,0.1659719944,1
69,0,0.174985170364,1
69,0,0.170769929886,1
69,0,0.147102117538,1
69,0,0.169990062714,1
69,0,0.145083904266,1
69,0,0.146362066269,1
69,0,0.146337985992,1
69,0,0.145437955856,1
69,0,0.175967931747,1
69,0,0.172358989716,1
70,0,0.1550989151,1
70,0,0.149494886398,1
70,0,0.188066959381,1
70,0,0.175531864166,1
70,0,0.170977115631,1
70,0,0.165181875229,1
70,0,0.169248819351,1
70,0,0.171003103256,1
70,0,0.149806022644,1
70,0,0.153954982758,1
71,0,0.150382995605,1
71,0,0.150367975235,1
71,0,0.182124137878,1
71,0,0.180638074875,1
71,0,0.175491094589,1
71,0,0.177560091019,1
71,0,0.181194067001,1
71,0,0.174508094788,1
71,0,0.150265932083,1
71,0,0.151237010956,1
72,0,0.156355857849,1
72,0,0.153290987015,1
72,0,0.186322927475,1
72,0,0.178364992142,1
72,0,0.174814939499,1
72,0,0.174894094467,1
72,0,0.172549962997,1
72,0,0.178416967392,1
72,0,0.154595136642,1
72,0,0.151696920395,1
73,0,0.151885032654,1
73,0,0.150481939316,1
73,0,0.183129072189,1
73,0,0.185477972031,1
73,0,0.185352087021,1
73,0,0.170946121216,1
73,0,0.17685508728,1
73,0,0.170943021774,1
73,0,0.14911699295,1
73,0,0.152836084366,1
74,0,0.152201890945,1
74,0,0.152957201004,1
74,0,0.180330991745,1
74,0,0.171738862991,1
74,0,0.170175790787,1
74,0,0.171500921249,1
74,0,0.172011852264,1
74,0,0.170899868011,1
74,0,0.15060210228,1
74,0,0.153131961823,1
75,0,0.180782079697,1
75,0,0.179108142853,1
75,0,0.160405874252,1
75,0,0.163868188858,1
75,0,0.17761015892,1
75,0,0.178792953491,1
75,0,0.18279004097,1
75,0,0.179031133652,1
75,0,0.192280054092,1
75,0,0.157788991928,1
76,0,0.175719976425,1
76,0,0.181878805161,1
76,0,0.158263206482,1
76,0,0.162521839142,1
76,0,0.182374000549,1
76,0,0.187098026276,1
76,0,0.19095492363,1
76,0,0.185696125031,1
76,0,0.189265012741,1
76,0,0.155997991562,1
77,0,0.180690050125,1
77,0,0.181684017181,1
77,0,0.161885023117,1
77,0,0.161641120911,1
77,0,0.181647062302,1
77,0,0.181248188019,1
77,0,0.181798934937,1
77,0,0.18198299408,1
77,0,0.188431978226,1
77,0,0.156562805176,1
78,0,0.179666996002,1
78,0,0.170109987259,1
78,0,0.157706022263,1
78,0,0.156307935715,1
78,0,0.185173034668,1
78,0,0.17605304718,1
78,0,0.181536912918,1
78,0,0.189753055573,1
78,0,0.190577030182,1
78,0,0.154522895813,1
79,0,0.183116912842,1
79,0,0.18280506134,1
79,0,0.158800840378,1
79,0,0.159082889557,1
79,0,0.182393074036,1
79,0,0.17774105072,1
79,0,0.18120098114,1
79,0,0.180258989334,1
79,0,0.188048124313,1
79,0,0.152233123779,1
80,0,0.201517105103,1
80,0,0.162114858627,1
80,0,0.163410186768,1
80,0,0.203531980515,1
80,0,0.16272187233,1
80,0,0.191039800644,1
80,0,0.1704621315,1
80,0,0.189414024353,1
80,0,0.192907094955,1
80,0,0.164822101593,1
81,0,0.195314884186,1
81,0,0.162084102631,1
81,0,0.165740966797,1
81,0,0.206700086594,1
81,0,0.161875963211,1
81,0,0.1895570755,1
81,0,0.164391994476,1
81,0,0.190760135651,1
81,0,0.189305067062,1
81,0,0.163130044937,1
82,0,0.203670978546,1
82,0,0.164180994034,1
82,0,0.166043996811,1
82,0,0.204964876175,1
82,0,0.168069124222,1
82,0,0.191022157669,1
82,0,0.166865110397,1
82,0,0.192862033844,1
82,0,0.19567489624,1
82,0,0.1626329422,1
83,0,0.198265075684,1
83,0,0.163705825806,1
83,0,0.165097951889,1
83,0,0.203809022903,1
83,0,0.164752006531,1
83,0,0.192065000534,1
83,0,0.171813011169,1
83,0,0.191936969757,1
83,0,0.200436115265,1
83,0,0.169181108475,1
84,0,0.206552028656,1
84,0,0.168823003769,1
84,0,0.162103891373,1
84,0,0.201050043106,1
84,0,0.163009166718,1
84,0,0.193150043488,1
84,0,0.166610002518,1
84,0,0.189634084702,1
84,0,0.187793970108,1
84,0,0.16339302063,1
85,0,0.201850891113,1
85,0,0.201464891434,1
85,0,0.217833995819,1
85,0,0.202487945557,1
85,0,0.173081159592,1
85,0,0.172147989273,1
85,0,0.210058927536,1
85,0,0.166814088821,1
85,0,0.213405847549,1
85,0,0.167823076248,1
86,0,0.197260856628,1
86,0,0.190102100372,1
86,0,0.211280107498,1
86,0,0.198954105377,1
86,0,0.173793077469,1
86,0,0.167221069336,1
86,0,0.210099935532,1
86,0,0.167678117752,1
86,0,0.2109811306,1
86,0,0.176748991013,1
87,0,0.199319839478,1
87,0,0.196249961853,1
87,0,0.227360963821,1
87,0,0.223689079285,1
87,0,0.173615932465,1
87,0,0.172740221024,1
87,0,0.210161924362,1
87,0,0.166565179825,1
87,0,0.213130950928,1
87,0,0.169268131256,1
88,0,0.198770999908,1
88,0,0.195286989212,1
88,0,0.209192037582,1
88,0,0.198612928391,1
88,0,0.174057006836,1
88,0,0.17422413826,1
88,0,0.210504055023,1
88,0,0.165992021561,1
88,0,0.211709976196,1
88,0,0.170600175858,1
89,0,0.193667888641,1
89,0,0.20538187027,1
89,0,0.212713956833,1
89,0,0.196496963501,1
89,0,0.174090147018,1
89,0,0.167974948883,1
89,0,0.206891059875,1
89,0,0.169287919998,1
89,0,0.21159696579,1
89,0,0.166622877121,1
90,0,0.175120830536,1
90,0,0.210754156113,1
90,0,0.17414689064,1
90,0,0.177784919739,1
90,0,0.177436113358,1
90,0,0.208086967468,1
90,0,0.204070091248,1
90,0,0.207862138748,1
90,0,0.20865893364,1
90,0,0.217712879181,1
91,0,0.179695129395,1
91,0,0.199617862701,1
91,0,0.174388885498,1
91,0,0.175081014633,1
91,0,0.17870593071,1
91,0,0.211488008499,1
91,0,0.206552028656,1
91,0,0.212877988815,1
91,0,0.211876153946,1
91,0,0.223965167999,1
92,0,0.176533937454,1
92,0,0.206522941589,1
92,0,0.173465013504,1
92,0,0.184458017349,1
92,0,0.175814151764,1
92,0,0.213860988617,1
92,0,0.204339981079,1
92,0,0.204617023468,1
92,0,0.2053129673,1
92,0,0.218523025513,1
93,0,0.171327114105,1
93,0,0.201519966125,1
93,0,0.182084798813,1
93,0,0.178784132004,1
93,0,0.172861099243,1
93,0,0.207003831863,1
93,0,0.204560995102,1
93,0,0.206577062607,1
93,0,0.205019950867,1
93,0,0.21994304657,1
94,0,0.173712968826,1
94,0,0.203268051147,1
94,0,0.176232814789,1
94,0,0.172508001328,1
94,0,0.176042079926,1
94,0,0.199831962585,1
94,0,0.211534023285,1
94,0,0.211173057556,1
94,0,0.205461025238,1
94,0,0.217092990875,1
95,0,0.178646087646,1
95,0,0.238543987274,1
95,0,0.214981794357,1
95,0,0.220731973648,1
95,0,0.227771043777,1
95,0,0.217293977737,1
95,0,0.216640949249,1
95,0,0.183369159698,1
95,0,0.220310926437,1
95,0,0.211364984512,1
96,0,0.182450056076,1
96,0,0.211430072784,1
96,0,0.216324090958,1
96,0,0.21670293808,1
96,0,0.228719949722,1
96,0,0.227830171585,1
96,0,0.21257686615,1
96,0,0.180036067963,1
96,0,0.216763973236,1
96,0,0.210541009903,1
97,0,0.179727077484,1
97,0,0.217633008957,1
97,0,0.212692975998,1
97,0,0.216312885284,1
97,0,0.226271867752,1
97,0,0.212990045547,1
97,0,0.20844912529,1
97,0,0.181612014771,1
97,0,0.207051038742,1
97,0,0.201625108719,1
98,0,0.175708055496,1
98,0,0.205747842789,1
98,0,0.205812215805,1
98,0,0.221403121948,1
98,0,0.223197221756,1
98,0,0.213264942169,1
98,0,0.217021942139,1
98,0,0.178965091705,1
98,0,0.215424060822,1
98,0,0.205610990524,1
99,0,0.179726839066,1
99,0,0.213391065598,1
99,0,0.215023040771,1
99,0,0.211714982986,1
99,0,0.230123996735,1
99,0,0.217227935791,1
99,0,0.216106891632,1
99,0,0.18959403038,1
99,0,0.216809034348,1
99,0,0.211328983307,1
100,0,0.229702949524,1
100,0,0.230819940567,1
100,0,0.22514295578,1
100,0,0.195287942886,1
100,0,0.2281498909,1
100,0,0.225685834885,1
100,0,0.189447879791,1
100,0,0.185090065002,1
100,0,0.223773002625,1
100,0,0.228729009628,1
101,0,0.216258049011,1
101,0,0.224937915802,1
101,0,0.215229034424,1
101,0,0.18861579895,1
101,0,0.229834794998,1
101,0,0.224993944168,1
101,0,0.186436891556,1
101,0,0.191213130951,1
101,0,0.228446960449,1
101,0,0.226750850677,1
102,0,0.228673934937,1
102,0,0.227231025696,1
102,0,0.219688892365,1
102,0,0.194236040115,1
102,0,0.228902101517,1
102,0,0.235113143921,1
102,0,0.188347101212,1
102,0,0.182378053665,1
102,0,0.22718000412,1
102,0,0.220426082611,1
103,0,0.226933002472,1
103,0,0.226703166962,1
103,0,0.23223900795,1
103,0,0.190271854401,1
103,0,0.236837863922,1
103,0,0.228372097015,1
103,0,0.18887591362,1
103,0,0.185976028442,1
103,0,0.227524995804,1
103,0,0.224323034286,1
104,0,0.224586963654,1
104,0,0.2190117836,1
104,0,0.220200061798,1
104,0,0.191814184189,1
104,0,0.223906040192,1
104,0,0.221120119095,1
104,0,0.182322025299,1
104,0,0.19772195816,1
104,0,0.235939979553,1
104,0,0.228421926498,1
105,0,0.197546005249,1
105,0,0.236627101898,1
105,0,0.200360059738,1
105,0,0.201795816422,1
105,0,0.231091022491,1
105,0,0.22957110405,1
105,0,0.197237968445,1
105,0,0.238455057144,1
105,0,0.232262849808,1
105,0,0.202116012573,1
106,0,0.198242902756,1
106,0,0.230026006699,1
106,0,0.201803922653,1
106,0,0.20209312439,1
106,0,0.229485034943,1
106,0,0.240056991577,1
106,0,0.194461107254,1
106,0,0.237441062927,1
106,0,0.238163948059,1
106,0,0.190382957458,1
107,0,0.19467997551,1
107,0,0.241588115692,1
107,0,0.198827981949,1
107,0,0.199969053268,1
107,0,0.230005025864,1
107,0,0.239180088043,1
107,0,0.193029880524,1
107,0,0.235296010971,1
107,0,0.227828979492,1
107,0,0.197691917419,1
108,0,0.195844173431,1
108,0,0.2346971035,1
108,0,0.199961900711,1
108,0,0.200078964233,1
108,0,0.238437891006,1
108,0,0.228379964828,1
108,0,0.191568136215,1
108,0,0.237021923065,1
108,0,0.23042178154,1
108,0,0.191048145294,1
109,0,0.189838886261,1
109,0,0.231974124908,1
109,0,0.190879821777,1
109,0,0.195806980133,1
109,0,0.233839035034,1
109,0,0.234174966812,1
109,0,0.19100189209,1
109,0,0.226261854172,1
109,0,0.227294921875,1
109,0,0.193938016891,1
110,0,0.204208850861,1
110,0,0.245412111282,1
110,0,0.250655889511,1
110,0,0.202872037888,1
110,0,0.201987981796,1
110,0,0.206601142883,1
110,0,0.201300144196,1
110,0,0.253784894943,1
110,0,0.242011070251,1
110,0,0.207800865173,1
111,0,0.212136030197,1
111,0,0.237695217133,1
111,0,0.255597114563,1
111,0,0.206387996674,1
111,0,0.204792976379,1
111,0,0.205672979355,1
111,0,0.208315849304,1
111,0,0.257579088211,1
111,0,0.227891921997,1
111,0,0.209997177124,1
112,0,0.208440065384,1
112,0,0.251646995544,1
112,0,0.256207942963,1
112,0,0.200630903244,1
112,0,0.204522848129,1
112,0,0.202873945236,1
112,0,0.203820943832,1
112,0,0.258722066879,1
112,0,0.239495992661,1
112,0,0.209012985229,1
113,0,0.199676036835,1
113,0,0.244719982147,1
113,0,0.265735149384,1
113,0,0.209292888641,1
113,0,0.203398942947,1
113,0,0.20214509964,1
113,0,0.204773902893,1
113,0,0.26070690155,1
113,0,0.244413137436,1
113,0,0.198141813278,1
114,0,0.20344209671,1
114,0,0.243566036224,1
114,0,0.261219024658,1
114,0,0.197875976562,1
114,0,0.195583105087,1
114,0,0.206256151199,1
114,0,0.196640968323,1
114,0,0.25662612915,1
114,0,0.252078056335,1
114,0,0.202757120132,1
115,0,0.264392137527,1
115,0,0.243984937668,1
115,0,0.216122150421,1
115,0,0.251513004303,1
115,0,0.270020961761,1
115,0,0.206762075424,1
115,0,0.25199007988,1
115,0,0.210040092468,1
115,0,0.268318891525,1
115,0,0.238205909729,1
116,0,0.260713815689,1
116,0,0.259121894836,1
116,0,0.211048126221,1
116,0,0.255426883698,1
116,0,0.277755022049,1
116,0,0.213538169861,1
116,0,0.254554033279,1
116,0,0.218457937241,1
116,0,0.275261878967,1
116,0,0.267332077026,1
117,0,0.271584033966,1
117,0,0.244920015335,1
117,0,0.214520931244,1
117,0,0.255606174469,1
117,0,0.273055076599,1
117,0,0.208802938461,1
117,0,0.248870849609,1
117,0,0.210816860199,1
117,0,0.279229879379,1
117,0,0.246844053268,1
118,0,0.260302066803,1
118,0,0.253513097763,1
118,0,0.221519947052,1
118,0,0.259579181671,1
118,0,0.276604890823,1
118,0,0.21075296402,1
118,0,0.243753910065,1
118,0,0.205140113831,1
118,0,0.276884078979,1
118,0,0.250138998032,1
119,0,0.26334810257,1
119,0,0.262130022049,1
119,0,0.225296020508,1
119,0,0.256389856339,1
119,0,0.276746034622,1
119,0,0.215358972549,1
119,0,0.247586011887,1
119,0,0.209976196289,1
119,0,0.269939899445,1
119,0,0.254276990891,1
120,0,0.258103847504,1
120,0,0.214802980423,1
120,0,0.266999959946,1
120,0,0.268715143204,1
120,0,0.21918296814,1
120,0,0.218811035156,1
120,0,0.26601099968,1
120,0,0.268409967422,1
120,0,0.276305913925,1
120,0,0.214543104172,1
121,0,0.262804031372,1
121,0,0.209403991699,1
121,0,0.268563985825,1
121,0,0.263277053833,1
121,0,0.215582132339,1
121,0,0.213025808334,1
121,0,0.262501955032,1
121,0,0.27277803421,1
121,0,0.285965919495,1
121,0,0.221566915512,1
122,0,0.250463962555,1
122,0,0.218422174454,1
122,0,0.277895212173,1
122,0,0.270792007446,1
122,0,0.223678827286,1
122,0,0.211086988449,1
122,0,0.257788181305,1
122,0,0.269886016846,1
122,0,0.280469894409,1
122,0,0.214071989059,1
123,0,0.255508184433,1
123,0,0.215400934219,1
123,0,0.272197961807,1
123,0,0.256400108337,1
123,0,0.22038602829,1
123,0,0.211889982224,1
123,0,0.264068126678,1
123,0,0.260212898254,1
123,0,0.271124124527,1
123,0,0.216023921967,1
124,0,0.252698898315,1
124,0,0.212728977203,1
124,0,0.270486116409,1
124,0,0.257735967636,1
124,0,0.219451904297,1
124,0,0.211194992065,1
124,0,0.269650936127,1
124,0,0.278819084167,1
124,0,0.273028850555,1
124,0,0.219394922256,1
125,0,0.286579847336,1
125,0,0.280017852783,1
125,0,0.284430980682,1
125,0,0.29569196701,1
125,0,0.280503034592,1
125,0,0.220032930374,1
125,0,0.228599071503,1
125,0,0.225028038025,1
125,0,0.281807899475,1
125,0,0.291257143021,1
126,0,0.291529178619,1
126,0,0.278373003006,1
126,0,0.275125980377,1
126,0,0.291895866394,1
126,0,0.294841051102,1
126,0,0.226562976837,1
126,0,0.219740867615,1
126,0,0.224367856979,1
126,0,0.27216386795,1
126,0,0.290469884872,1
127,0,0.288628101349,1
127,0,0.268947124481,1
127,0,0.287092924118,1
127,0,0.280623197556,1
127,0,0.289238214493,1
127,0,0.218878984451,1
127,0,0.225099086761,1
127,0,0.223954916,1
127,0,0.274324893951,1
127,0,0.295591115952,1
128,0,0.290498018265,1
128,0,0.275319814682,1
128,0,0.281029939651,1
128,0,0.287178993225,1
128,0,0.287451982498,1
128,0,0.22057890892,1
128,0,0.223632097244,1
128,0,0.217212915421,1
128,0,0.26046204567,1
128,0,0.289885044098,1
129,0,0.282139062881,1
129,0,0.275527000427,1
129,0,0.264261007309,1
129,0,0.287353992462,1
129,0,0.287217855453,1
129,0,0.213208913803,1
129,0,0.221055030823,1
129,0,0.222612142563,1
129,0,0.269608020782,1
129,0,0.286239862442,1
130,0,0.226613998413,1
130,0,0.225758075714,1
130,0,0.230002880096,1
130,0,0.277873039246,1
130,0,0.285164833069,1
130,0,0.229851961136,1
130,0,0.229806900024,1
130,0,0.228403091431,1
130,0,0.230448007584,1
130,0,0.2785551548,1
131,0,0.22740316391,1
131,0,0.230456113815,1
131,0,0.229667901993,1
131,0,0.293612003326,1
131,0,0.279842853546,1
131,0,0.231009960175,1
131,0,0.232543945312,1
131,0,0.238835096359,1
131,0,0.234781980515,1
131,0,0.274394035339,1
132,0,0.234101057053,1
132,0,0.234360933304,1
132,0,0.231868982315,1
132,0,0.291152000427,1
132,0,0.280629873276,1
132,0,0.23720908165,1
132,0,0.232417106628,1
132,0,0.230787992477,1
132,0,0.235050916672,1
132,0,0.272420883179,1
133,0,0.229429960251,1
133,0,0.227275133133,1
133,0,0.223540067673,1
133,0,0.28216791153,1
133,0,0.271898984909,1
133,0,0.231768846512,1
133,0,0.227542877197,1
133,0,0.227447032928,1
133,0,0.233155965805,1
133,0,0.277915000916,1
134,0,0.228119134903,1
134,0,0.231444120407,1
134,0,0.227335214615,1
134,0,0.292432069778,1
134,0,0.273816823959,1
134,0,0.231384038925,1
134,0,0.230473041534,1
134,0,0.244328022003,1
134,0,0.248648166656,1
134,0,0.355271816254,1
135,0,0.287673950195,1
135,0,0.309270143509,1
135,0,0.281186819077,1
135,0,0.239434957504,1
135,0,0.308349847794,1
135,0,0.292382955551,1
135,0,0.245919942856,1
135,0,0.239326000214,1
135,0,0.300208806992,1
135,0,0.292274951935,1
136,0,0.285815000534,1
136,0,0.323951005936,1
136,0,0.288709878922,1
136,0,0.240631818771,1
136,0,0.31839299202,1
136,0,0.299144029617,1
136,0,0.232953071594,1
136,0,0.233973026276,1
136,0,0.29402089119,1
136,0,0.291872024536,1
137,0,0.293116092682,1
137,0,0.304764986038,1
137,0,0.292397022247,1
137,0,0.235918998718,1
137,0,0.312387943268,1
137,0,0.290508031845,1
137,0,0.23542714119,1
137,0,0.234746932983,1
137,0,0.295962095261,1
137,0,0.295089006424,1
138,0,0.283665180206,1
138,0,0.315999984741,1
138,0,0.296314954758,1
138,0,0.238965034485,1
138,0,0.317227840424,1
138,0,0.290602207184,1
138,0,0.236776828766,1
138,0,0.23682808876,1
138,0,0.29515504837,1
138,0,0.295922994614,1
139,0,0.283905982971,1
139,0,0.312993049622,1
139,0,0.294905900955,1
139,0,0.233263969421,1
139,0,0.314389944077,1
139,0,0.28592300415,1
139,0,0.236701011658,1
139,0,0.293438196182,1
139,0,0.291867017746,1
139,0,0.289417982101,1
140,0,0.240521907806,1
140,0,0.238336086273,1
140,0,0.316851139069,1
140,0,0.239855051041,1
140,0,0.293749094009,1
140,0,0.308562994003,1
140,0,0.250394105911,1
140,0,0.239706039429,1
140,0,0.311307907104,1
140,0,0.298674821854,1
141,0,0.251283884048,1
141,0,0.248125076294,1
141,0,0.321696043015,1
141,0,0.241822004318,1
141,0,0.288922071457,1
141,0,0.300467014313,1
141,0,0.244052886963,1
141,0,0.247791051865,1
141,0,0.311322927475,1
141,0,0.30717086792,1
142,0,0.244205951691,1
142,0,0.241078853607,1
142,0,0.313591003418,1
142,0,0.247111082077,1
142,0,0.290677070618,1
142,0,0.308606147766,1
142,0,0.242116928101,1
142,0,0.251730918884,1
142,0,0.303261995316,1
142,0,0.306442022324,1
143,0,0.252846956253,1
143,0,0.246200084686,1
143,0,0.332593917847,1
143,0,0.245333909988,1
143,0,0.298621892929,1
143,0,0.30230307579,1
143,0,0.244099855423,1
143,0,0.242021083832,1
143,0,0.31193113327,1
143,0,0.329481124878,1
144,0,0.252101898193,1
144,0,0.248594999313,1
144,0,0.361757040024,1
144,0,0.24747300148,1
144,0,0.301966190338,1
144,0,0.306708097458,1
144,0,0.240265846252,1
144,0,0.255043983459,1
144,0,0.306068181992,1
144,0,0.310394048691,1
145,0,0.249444961548,1
145,0,0.316767930984,1
145,0,0.249843120575,1
145,0,0.252405881882,1
145,0,0.257483005524,1
145,0,0.251832962036,1
145,0,0.313166856766,1
145,0,0.249679088593,1
145,0,0.305589914322,1
145,0,0.29856801033,1
146,0,0.249699115753,1
146,0,0.310027122498,1
146,0,0.258157014847,1
146,0,0.252089977264,1
146,0,0.252557039261,1
146,0,0.248301029205,1
146,0,0.316241979599,1
146,0,0.250267028809,1
146,0,0.309264183044,1
146,0,0.30027794838,1
147,0,0.250979185104,1
147,0,0.321545124054,1
147,0,0.249315023422,1
147,0,0.25776386261,1
147,0,0.252336025238,1
147,0,0.249430894852,1
147,0,0.30745100975,1
147,0,0.243901968002,1
147,0,0.314308166504,1
147,0,0.299337863922,1
148,0,0.24956703186,1
148,0,0.307698965073,1
148,0,0.249364852905,1
148,0,0.247823953629,1
148,0,0.257938146591,1
148,0,0.249846935272,1
148,0,0.308728933334,1
148,0,0.247849941254,1
148,0,0.306011915207,1
148,0,0.296220064163,1
149,0,0.248292922974,1
149,0,0.312716007233,1
149,0,0.253641843796,1
149,0,0.256607055664,1
149,0,0.250833034515,1
149,0,0.249720811844,1
149,0,0.311584949493,1
149,0,0.246562004089,1
149,0,0.310629844666,1
149,0,0.29646396637,1
150,0,0.308828115463,1
150,0,0.327050924301,1
150,0,0.299700021744,1
150,0,0.244450807571,1
150,0,0.246225833893,1
150,0,0.241939783096,1
150,0,0.252168893814,1
150,0,0.301014900208,1
150,0,0.242198944092,1
150,0,0.302783966064,1
151,0,0.296167850494,1
151,0,0.329577922821,1
151,0,0.309303998947,1
151,0,0.247219085693,1
151,0,0.257373094559,1
151,0,0.245228052139,1
151,0,0.256273031235,1
151,0,0.310083150864,1
151,0,0.250800132751,1
151,0,0.301659107208,1
152,0,0.310978889465,1
152,0,0.323874950409,1
152,0,0.311444044113,1
152,0,0.24992108345,1
152,0,0.247493982315,1
152,0,0.247668027878,1
152,0,0.25124001503,1
152,0,0.323595046997,1
152,0,0.246397972107,1
152,0,0.318341016769,1
153,0,0.304821968079,1
153,0,0.327459812164,1
153,0,0.304960012436,1
153,0,0.251263856888,1
153,0,0.253260135651,1
153,0,0.253018140793,1
153,0,0.253556013107,1
153,0,0.314445018768,1
153,0,0.249976873398,1
153,0,0.319877147675,1
154,0,0.306295871735,1
154,0,0.331827878952,1
154,0,0.323263883591,1
154,0,0.256483078003,1
154,0,0.250802993774,1
154,0,0.253588914871,1
154,0,0.254769086838,1
154,0,0.321060180664,1
154,0,0.257651090622,1
154,0,0.350459814072,1
155,0,0.255638122559,1
155,0,0.330966949463,1
155,0,0.3222219944,1
155,0,0.264685869217,1
155,0,0.331010103226,1
155,0,0.261366128922,1
155,0,0.322301149368,1
155,0,0.335999011993,1
155,0,0.305891990662,1
155,0,0.343625068665,1
156,0,0.265233039856,1
156,0,0.342166900635,1
156,0,0.320812940598,1
156,0,0.262006998062,1
156,0,0.330330848694,1
156,0,0.257929086685,1
156,0,0.328191041946,1
156,0,0.325893878937,1
156,0,0.303564071655,1
156,0,0.342845916748,1
157,0,0.257292032242,1
157,0,0.319518089294,1
157,0,0.306093931198,1
157,0,0.26268196106,1
157,0,0.323053121567,1
157,0,0.259271860123,1
157,0,0.323040962219,1
157,0,0.326925992966,1
157,0,0.320163011551,1
157,0,0.351817131042,1
158,0,0.260061979294,1
158,0,0.329762935638,1
158,0,0.315427064896,1
158,0,0.262471914291,1
158,0,0.331676959991,1
158,0,0.256983995438,1
158,0,0.322290182114,1
158,0,0.319235086441,1
158,0,0.32070183754,1
158,0,0.344622135162,1
159,0,0.258277177811,1
159,0,0.352560043335,1
159,0,0.311565876007,1
159,0,0.264720916748,1
159,0,0.317925930023,1
159,0,0.259896993637,1
159,0,0.32731294632,1
159,0,0.340188980103,1
159,0,0.317985057831,1
159,0,0.359287977219,1
160,0,0.350046873093,1
160,0,0.264811038971,1
160,0,0.347393989563,1
160,0,0.340239048004,1
160,0,0.272319793701,1
160,0,0.341455936432,1
160,0,0.338961839676,1
160,0,0.269738912582,1
160,0,0.344216823578,1
160,0,0.339640855789,1
161,0,0.349123954773,1
161,0,0.268468141556,1
161,0,0.344259023666,1
161,0,0.336243867874,1
161,0,0.275333166122,1
161,0,0.33154797554,1
161,0,0.342272043228,1
161,0,0.268090009689,1
161,0,0.335427045822,1
161,0,0.337571144104,1
162,0,0.332744836807,1
162,0,0.270963907242,1
162,0,0.337685108185,1
162,0,0.350969076157,1
162,0,0.274026870728,1
162,0,0.331904172897,1
162,0,0.345674037933,1
162,0,0.267274141312,1
162,0,0.333795070648,1
162,0,0.347473859787,1
163,0,0.337681055069,1
163,0,0.341575145721,1
163,0,0.335812091827,1
163,0,0.344123125076,1
163,0,0.269306898117,1
163,0,0.33697104454,1
163,0,0.330018997192,1
163,0,0.262465000153,1
163,0,0.334513902664,1
163,0,0.347723960876,1
164,0,0.346198797226,1
164,0,0.267298936844,1
164,0,0.338536977768,1
164,0,0.33398604393,1
164,0,0.265177965164,1
164,0,0.349977016449,1
164,0,0.428844928741,1
164,0,0.263930082321,1
164,0,0.340987920761,1
164,0,0.33894109726,1
165,0,0.281033992767,1
165,0,0.338563919067,1
165,0,0.288666963577,1
165,0,0.283392906189,1
165,0,0.375982046127,1
165,0,0.340305089951,1
165,0,0.287932157516,1
165,0,0.347690105438,1
165,0,0.337896823883,1
165,0,0.366829156876,1
166,0,0.281434059143,1
166,0,0.336611032486,1
166,0,0.285475969315,1
166,0,0.276618003845,1
166,0,0.366613864899,1
166,0,0.354673862457,1
166,0,0.276206016541,1
166,0,0.357581853867,1
166,0,0.340314865112,1
166,0,0.358201026917,1
167,0,0.275454044342,1
167,0,0.351667881012,1
167,0,0.277859926224,1
167,0,0.282634973526,1
167,0,0.368861913681,1
167,0,0.348664999008,1
167,0,0.277759075165,1
167,0,0.355487823486,1
167,0,0.343601942062,1
167,0,0.340262174606,1
168,0,0.282684087753,1
168,0,0.347728967667,1
168,0,0.275078058243,1
168,0,0.278300046921,1
168,0,0.370199918747,1
168,0,0.352810144424,1
168,0,0.28035902977,1
168,0,0.3496530056,1
168,0,0.33264708519,1
168,0,0.336485862732,1
169,0,0.271843910217,1
169,0,0.336897850037,1
169,0,0.283812999725,1
169,0,0.267626047134,1
169,0,0.361824989319,1
169,0,0.342303037643,1
169,0,0.276237010956,1
169,0,0.339753866196,1
169,0,0.390836000443,1
169,0,0.375842094421,1
170,0,0.285520076752,1
170,0,0.353025913239,1
170,0,0.348659992218,1
170,0,0.287001848221,1
170,0,0.334904909134,1
170,0,0.286553859711,1
170,0,0.349720954895,1
170,0,0.282940149307,1
170,0,0.371407985687,1
170,0,0.280513048172,1
171,0,0.297075033188,1
171,0,0.344504117966,1
171,0,0.354302883148,1
171,0,0.284056901932,1
171,0,0.353631973267,1
171,0,0.280433177948,1
171,0,0.354418039322,1
171,0,0.277189016342,1
171,0,0.37574505806,1
171,0,0.288509130478,1
172,0,0.284165143967,1
172,0,0.351892948151,1
172,0,0.358429908752,1
172,0,0.281408071518,1
172,0,0.35910487175,1
172,0,0.284078121185,1
172,0,0.35199213028,1
172,0,0.282079935074,1
172,0,0.371188879013,1
172,0,0.281491041183,1
173,0,0.287946939468,1
173,0,0.342293024063,1
173,0,0.343492984772,1
173,0,0.279372930527,1
173,0,0.346108913422,1
173,0,0.280228853226,1
173,0,0.361447095871,1
173,0,0.280965089798,1
173,0,0.363214969635,1
173,0,0.286675930023,1
174,0,0.278409004211,1
174,0,0.349520921707,1
174,0,0.356618881226,1
174,0,0.280452013016,1
174,0,0.339766979218,1
174,0,0.281805992126,1
174,0,0.353143930435,1
174,0,0.279540061951,1
174,0,0.405066013336,1
174,0,0.314867973328,1
175,0,0.381284952164,1
175,0,0.296339988708,1
175,0,0.388623952866,1
175,0,0.292634010315,1
175,0,0.353343009949,1
175,0,0.291497945786,1
175,0,0.372760057449,1
175,0,0.354480028152,1
175,0,0.360692024231,1
175,0,0.285206079483,1
176,0,0.382249832153,1
176,0,0.28590798378,1
176,0,0.401085853577,1
176,0,0.293662071228,1
176,0,0.363388061523,1
176,0,0.285467863083,1
176,0,0.367430210114,1
176,0,0.368918895721,1
176,0,0.36764383316,1
176,0,0.31328701973,1
177,0,0.441859960556,1
177,0,0.373141050339,1
177,0,0.446047067642,1
177,0,0.333750009537,1
177,0,0.361855983734,1
177,0,0.290805101395,1
177,0,0.351979970932,1
177,0,0.362196922302,1
177,0,0.436278104782,1
177,0,0.285784959793,1
178,0,0.376862049103,1
178,0,0.285629034042,1
178,0,0.376020908356,1
178,0,0.280177116394,1
178,0,0.351764917374,1
178,0,0.280954837799,1
178,0,0.372065067291,1
178,0,0.36988401413,1
178,0,0.363723993301,1
178,0,0.308224916458,1
179,0,0.377159833908,1
179,0,0.282535791397,1
179,0,0.379655838013,1
179,0,0.294854164124,1
179,0,0.353025913239,1
179,0,0.282190084457,1
179,0,0.426393032074,1
179,0,0.483032941818,1
179,0,0.35689496994,1
179,0,0.330569028854,1
180,0,0.393291950226,1
180,0,0.299090862274,1
180,0,0.376119852066,1
180,0,0.298190832138,1
180,0,0.292800188065,1
180,0,0.307255983353,1
180,0,0.359433174133,1
180,0,0.381498813629,1
180,0,0.377517938614,1
180,0,0.361680984497,1
181,0,0.395522117615,1
181,0,0.29917216301,1
181,0,0.365684986115,1
181,0,0.296737909317,1
181,0,0.297080993652,1
181,0,0.295490026474,1
181,0,0.368345022202,1
181,0,0.392282009125,1
181,0,0.39738702774,1
181,0,0.373914957047,1
182,0,0.391185998917,1
182,0,0.300040960312,1
182,0,0.360998153687,1
182,0,0.292629003525,1
182,0,0.285624027252,1
182,0,0.302378892899,1
182,0,0.347151041031,1
182,0,0.391185998917,1
182,0,0.379024028778,1
182,1,0.305086135864,1
183,0,0.395435094833,1
183,0,0.291427135468,1
183,0,0.360450983047,1
183,0,0.289747953415,1
183,0,0.296125888824,1
183,0,0.310003995895,1
183,0,0.358993053436,1
183,0,0.371536016464,1
183,0,0.371227025986,1
183,0,0.368325948715,1
184,0,0.389245986938,1
184,0,0.297497987747,1
184,0,0.380485057831,1
184,0,0.299069881439,1
184,0,0.291300058365,1
184,0,0.295471191406,1
184,0,0.363559961319,1
184,0,0.380195140839,1
184,0,0.408915996552,1
184,0,0.40274810791,1
