0,0,0.0615110397339,1
0,0,0.0516278743744,1
0,0,0.0495328903198,1
0,0,0.0501701831818,1
0,0,0.0506749153137,1
0,0,0.0526630878448,1
0,0,0.0499041080475,1
0,0,0.0517961978912,1
0,0,0.0487678050995,1
0,0,0.0497331619263,1
1,0,0.0544281005859,1
1,0,0.0530591011047,1
1,0,0.0517609119415,1
1,0,0.0516400337219,1
1,0,0.0519540309906,1
1,0,0.052542924881,1
1,0,0.0514070987701,1
1,0,0.0517070293427,1
1,0,0.0528509616852,1
1,0,0.0570721626282,1
2,0,0.0537831783295,1
2,0,0.0530848503113,1
2,0,0.0526919364929,1
2,0,0.0527029037476,1
2,0,0.0514740943909,1
2,0,0.0532228946686,1
2,0,0.0530910491943,1
2,0,0.0541291236877,1
2,0,0.0533509254456,1
2,0,0.0563158988953,1
3,0,0.0542628765106,1
3,0,0.056144952774,1
3,0,0.0538699626923,1
3,0,0.0535600185394,1
3,0,0.05797290802,1
3,0,0.0555651187897,1
3,0,0.055104970932,1
3,0,0.0599482059479,1
3,0,0.0580620765686,1
3,0,0.055675983429,1
4,0,0.0559861660004,1
4,0,0.0561289787292,1
4,0,0.0581181049347,1
4,0,0.0533289909363,1
4,0,0.0573909282684,1
4,0,0.0562930107117,1
4,0,0.0570919513702,1
4,0,0.0591859817505,1
4,0,0.0575590133667,1
4,0,0.0570888519287,1
5,0,0.0631091594696,1
5,0,0.0584120750427,1
5,0,0.0605340003967,1
5,0,0.0629360675812,1
5,0,0.0638189315796,1
5,0,0.0623381137848,1
5,0,0.077684879303,1
5,0,0.0627701282501,1
5,0,0.0618841648102,1
5,0,0.0607340335846,1
6,0,0.0619649887085,1
6,0,0.0601801872253,1
6,0,0.0607759952545,1
6,0,0.0619719028473,1
6,0,0.0667390823364,1
6,0,0.0598721504211,1
6,0,0.0627660751343,1
6,0,0.062075138092,1
6,0,0.0631830692291,1
6,0,0.0622119903564,1
7,0,0.0635180473328,1
7,0,0.0586211681366,1
7,0,0.0609080791473,1
7,0,0.0611839294434,1
7,0,0.0626320838928,1
7,0,0.0597951412201,1
7,0,0.0608270168304,1
7,0,0.0603981018066,1
7,0,0.0632121562958,1
7,0,0.0611529350281,1
8,0,0.0685439109802,1
8,0,0.062108039856,1
8,0,0.0629980564117,1
8,0,0.0647330284119,1
8,0,0.0641648769379,1
8,0,0.0614309310913,1
8,0,0.064474105835,1
8,0,0.0721831321716,1
8,0,0.0688967704773,1
8,0,0.0793640613556,1
9,0,0.0625309944153,1
9,0,0.0601670742035,1
9,0,0.0615139007568,1
9,0,0.0635340213776,1
9,0,0.0644769668579,1
9,0,0.0608558654785,1
9,0,0.0680961608887,1
9,0,0.0634799003601,1
9,0,0.0636608600616,1
9,0,0.0614969730377,1
10,0,0.0722389221191,1
10,0,0.0670988559723,1
10,0,0.0675730705261,1
10,0,0.0721211433411,1
10,0,0.0690720081329,1
10,0,0.0753009319305,1
10,0,0.0674560070038,1
10,0,0.070191860199,1
10,0,0.0692238807678,1
10,0,0.0699470043182,1
11,0,0.0725629329681,1
11,0,0.0680959224701,1
11,0,0.0661780834198,1
11,0,0.0716359615326,1
11,0,0.0704278945923,1
11,0,0.0668640136719,1
11,0,0.0661649703979,1
11,0,0.0682079792023,1
11,0,0.0731809139252,1
11,0,0.072695016861,1
12,0,0.0716698169708,1
12,0,0.0704019069672,1
12,0,0.0662839412689,1
12,0,0.0696771144867,1
12,0,0.068027973175,1
12,0,0.0670599937439,1
12,0,0.0665400028229,1
12,0,0.0688161849976,1
12,0,0.0698549747467,1
12,0,0.0714259147644,1
13,0,0.0730020999908,1
13,0,0.0685200691223,1
13,0,0.0684788227081,1
13,0,0.0706381797791,1
13,0,0.0764589309692,1
13,0,0.0658011436462,1
13,0,0.0683760643005,1
13,0,0.0698108673096,1
13,0,0.0700631141663,1
13,0,0.0739121437073,1
14,0,0.0749390125275,1
14,0,0.070228099823,1
14,0,0.067978143692,1
14,0,0.0746610164642,1
14,0,0.0708069801331,1
14,0,0.0659589767456,1
14,0,0.0661098957062,1
14,0,0.0692670345306,1
14,0,0.0753870010376,1
14,0,0.0700800418854,1
15,0,0.079313993454,1
15,0,0.0792870521545,1
15,0,0.0741820335388,1
15,0,0.0757999420166,1
15,0,0.0758309364319,1
15,0,0.0775039196014,1
15,0,0.0787899494171,1
15,0,0.0711100101471,1
15,0,0.0750970840454,1
15,0,0.0782477855682,1
16,0,0.0780401229858,1
16,0,0.0783770084381,1
16,0,0.0742380619049,1
16,0,0.0748679637909,1
16,0,0.0756950378418,1
16,0,0.0781888961792,1
16,0,0.0777862071991,1
16,0,0.0722739696503,1
16,0,0.0791440010071,1
16,0,0.0800018310547,1
17,0,0.078106880188,1
17,0,0.0782999992371,1
17,0,0.0722541809082,1
17,0,0.0771639347076,1
17,0,0.0764579772949,1
17,0,0.0770950317383,1
17,0,0.0759398937225,1
17,0,0.0738339424133,1
17,0,0.0781300067902,1
17,0,0.0775060653687,1
18,0,0.0786409378052,1
18,0,0.0783739089966,1
18,0,0.0808701515198,1
18,0,0.0775310993195,1
18,0,0.0779111385345,1
18,0,0.0787529945374,1
18,0,0.0802128314972,1
18,0,0.0743198394775,1
18,0,0.0781559944153,1
18,0,0.0795590877533,1
19,0,0.0780401229858,1
19,0,0.0788309574127,1
19,0,0.0733668804169,1
19,0,0.0789170265198,1
19,0,0.0787301063538,1
19,0,0.0778148174286,1
19,0,0.0785450935364,1
19,0,0.0719020366669,1
19,0,0.0772659778595,1
19,0,0.0774250030518,1
20,0,0.0825548171997,1
20,0,0.0853910446167,1
20,0,0.0851509571075,1
20,0,0.0809919834137,1
20,0,0.084881067276,1
20,0,0.0849258899689,1
20,0,0.081955909729,1
20,0,0.0839710235596,1
20,0,0.0852010250092,1
20,0,0.080493927002,1
21,0,0.0848388671875,1
21,0,0.0849530696869,1
21,0,0.081894159317,1
21,0,0.0801181793213,1
21,0,0.0896849632263,1
21,0,0.084645986557,1
21,0,0.0843839645386,1
21,0,0.0859458446503,1
21,0,0.0841019153595,1
21,0,0.0811140537262,1
22,0,0.0815839767456,1
22,0,0.0821950435638,1
22,0,0.0829231739044,1
22,0,0.0790510177612,1
22,0,0.0841178894043,1
22,0,0.0852110385895,1
22,0,0.0910289287567,1
22,0,0.0888330936432,1
22,0,0.0858449935913,1
22,0,0.0763368606567,1
23,0,0.0823929309845,1
23,0,0.0841839313507,1
23,0,0.0857799053192,1
23,0,0.0815169811249,1
23,0,0.0882840156555,1
23,0,0.0836009979248,1
23,0,0.0884339809418,1
23,0,0.0864169597626,1
23,0,0.0866479873657,1
23,0,0.0804059505463,1
24,0,0.0794529914856,1
24,0,0.0815279483795,1
24,0,0.0820870399475,1
24,0,0.0784821510315,1
24,0,0.0800709724426,1
24,0,0.0816240310669,1
24,0,0.0840148925781,1
24,0,0.0850210189819,1
24,0,0.0814080238342,1
24,0,0.0777840614319,1
25,0,0.0876638889313,1
25,0,0.082218170166,1
25,0,0.0871698856354,1
25,0,0.0792028903961,1
25,0,0.0834481716156,1
25,0,0.0878500938416,1
25,0,0.0806789398193,1
25,0,0.0894920825958,1
25,0,0.0951161384583,1
25,0,0.0814130306244,1
26,0,0.0917019844055,1
26,0,0.0824410915375,1
26,0,0.0811169147491,1
26,0,0.0823431015015,1
26,0,0.0793790817261,1
26,0,0.0871648788452,1
26,0,0.0796000957489,1
26,0,0.0886189937592,1
26,0,0.0814311504364,1
26,0,0.084666967392,1
27,0,0.0910608768463,1
27,0,0.0816540718079,1
27,0,0.0872209072113,1
27,0,0.0803201198578,1
27,0,0.0819058418274,1
27,0,0.0901038646698,1
27,0,0.0793700218201,1
27,0,0.0896739959717,1
27,0,0.080461025238,1
27,0,0.0817098617554,1
28,0,0.0915777683258,1
28,0,0.0883719921112,1
28,0,0.0834381580353,1
28,0,0.0792729854584,1
28,0,0.0817160606384,1
28,0,0.0927510261536,1
28,0,0.0823230743408,1
28,0,0.0896542072296,1
28,0,0.0860090255737,1
28,0,0.0821840763092,1
29,0,0.0910248756409,1
29,0,0.0827720165253,1
29,0,0.083703994751,1
29,0,0.0983078479767,1
29,0,0.0846588611603,1
29,0,0.0899789333344,1
29,0,0.0830969810486,1
29,0,0.0896778106689,1
29,0,0.0815708637238,1
29,0,0.0832209587097,1
30,0,0.102013111115,1
30,0,0.0988080501556,1
30,0,0.0967860221863,1
30,0,0.0903298854828,1
30,0,0.0881259441376,1
30,0,0.0969121456146,1
30,0,0.0970070362091,1
30,0,0.104421854019,1
30,0,0.0907609462738,1
30,0,0.0892488956451,1
31,0,0.0977208614349,1
31,0,0.0990569591522,1
31,0,0.0992090702057,1
31,0,0.0890002250671,1
31,0,0.0882680416107,1
31,0,0.0981650352478,1
31,0,0.0996091365814,1
31,0,0.098865032196,1
31,0,0.0910050868988,1
31,0,0.09339594841,1
32,0,0.109838008881,1
32,0,0.0978579521179,1
32,0,0.100197076797,1
32,0,0.0927541255951,1
32,0,0.0949099063873,1
32,0,0.101152896881,1
32,0,0.101141929626,1
32,0,0.100296020508,1
32,0,0.0956990718842,1
32,0,0.0930469036102,1
33,0,0.103016853333,1
33,0,0.100040912628,1
33,0,0.103699922562,1
33,0,0.0890018939972,1
33,0,0.0914409160614,1
33,0,0.0991199016571,1
33,0,0.0985260009766,1
33,0,0.1010389328,1
33,0,0.0915229320526,1
33,0,0.0915939807892,1
34,0,0.102095842361,1
34,0,0.105680942535,1
34,0,0.10303401947,1
34,0,0.093672990799,1
34,0,0.0899970531464,1
34,0,0.0989699363708,1
34,0,0.0978090763092,1
34,0,0.097076177597,1
34,0,0.0926880836487,1
34,0,0.0907180309296,1
35,0,0.0963380336761,1
35,0,0.101687908173,1
35,0,0.107748031616,1
35,0,0.104753017426,1
35,0,0.106669902802,1
35,0,0.0984179973602,1
35,0,0.0972230434418,1
35,0,0.111371994019,1
35,0,0.108844041824,1
35,0,0.107916116714,1
36,0,0.0959539413452,1
36,0,0.0981030464172,1
36,0,0.105813026428,1
36,0,0.108872890472,1
36,0,0.106543064117,1
36,0,0.0975420475006,1
36,0,0.105977058411,1
36,0,0.10667514801,1
36,0,0.112148046494,1
36,0,0.10732293129,1
37,0,0.0975818634033,1
37,0,0.0977520942688,1
37,0,0.107501983643,1
37,0,0.108462095261,1
37,0,0.106695175171,1
37,0,0.10011100769,1
37,0,0.103133916855,1
37,0,0.106012105942,1
37,0,0.110392093658,1
37,0,0.109678983688,1
38,0,0.0994131565094,1
38,0,0.0998978614807,1
38,0,0.110445976257,1
38,0,0.105563879013,1
38,0,0.107177019119,1
38,0,0.111358880997,1
38,0,0.09836602211,1
38,0,0.107358932495,1
38,0,0.110327959061,1
38,0,0.105158090591,1
39,0,0.0993499755859,1
39,0,0.0984969139099,1
39,0,0.110167980194,1
39,0,0.108772039413,1
39,0,0.111460924149,1
39,0,0.0988161563873,1
39,0,0.09752202034,1
39,0,0.111951112747,1
39,0,0.12230682373,1
39,0,0.108741044998,1
40,0,0.122210979462,1
40,0,0.117339134216,1
40,0,0.103770971298,1
40,0,0.109889984131,1
40,0,0.112441062927,1
40,0,0.103152990341,1
40,0,0.114984035492,1
40,0,0.115703105927,1
40,0,0.117782831192,1
40,0,0.120036125183,1
41,0,0.122339010239,1
41,0,0.130016088486,1
41,0,0.104171037674,1
41,0,0.118093967438,1
41,0,0.117149114609,1
41,0,0.101332902908,1
41,0,0.111994981766,1
41,0,0.135762929916,1
41,0,0.115638971329,1
41,0,0.11608505249,1
42,0,0.113419055939,1
42,0,0.119523048401,1
42,0,0.102020978928,1
42,0,0.112574100494,1
42,0,0.113705158234,1
42,0,0.10401892662,1
42,0,0.118586778641,1
42,0,0.115466117859,1
42,0,0.112397909164,1
42,0,0.114472866058,1
43,0,0.116019964218,1
43,0,0.121255874634,1
43,0,0.10253405571,1
43,0,0.114052057266,1
43,0,0.113174200058,1
43,0,0.113696098328,1
43,0,0.118204832077,1
43,0,0.112976789474,1
43,0,0.113708019257,1
43,0,0.115705966949,1
44,0,0.115195989609,1
44,0,0.119864940643,1
44,0,0.102961063385,1
44,0,0.122362852097,1
44,0,0.120218992233,1
44,0,0.103867053986,1
44,0,0.115650177002,1
44,0,0.11856007576,1
44,0,0.117914915085,1
44,0,0.119095087051,1
45,0,0.125194072723,1
45,0,0.127240180969,1
45,0,0.119836091995,1
45,0,0.110445976257,1
45,0,0.108404874802,1
45,0,0.122870922089,1
45,0,0.123786211014,1
45,0,0.128539085388,1
45,0,0.11326622963,1
45,0,0.120481014252,1
46,0,0.124638795853,1
46,0,0.128950834274,1
46,0,0.123756170273,1
46,0,0.109001874924,1
46,0,0.109109163284,1
46,0,0.125586032867,1
46,0,0.12291097641,1
46,0,0.123136997223,1
46,0,0.115419864655,1
46,0,0.121183872223,1
47,0,0.1237180233,1
47,0,0.126272916794,1
47,0,0.125592947006,1
47,0,0.118661880493,1
47,0,0.110991001129,1
47,0,0.12458896637,1
47,0,0.122931957245,1
47,0,0.122247934341,1
47,0,0.110407114029,1
47,0,0.123589038849,1
48,0,0.12247300148,1
48,0,0.141242980957,1
48,0,0.127964019775,1
48,0,0.112414836884,1
48,0,0.111112833023,1
48,0,0.122841835022,1
48,0,0.121700048447,1
48,0,0.117441892624,1
48,0,0.108102083206,1
48,0,0.115586996078,1
49,0,0.126148223877,1
49,0,0.122366905212,1
49,0,0.118463039398,1
49,0,0.108566045761,1
49,0,0.106699228287,1
49,0,0.11988401413,1
49,0,0.120562076569,1
49,0,0.116679906845,1
49,0,0.120362043381,1
49,0,0.120465993881,1
50,0,0.111567020416,1
50,0,0.130884170532,1
50,0,0.110244035721,1
50,0,0.133586883545,1
50,0,0.13188791275,1
50,0,0.127018928528,1
50,0,0.112711906433,1
50,0,0.112860918045,1
50,0,0.117864847183,1
50,0,0.123208045959,1
51,0,0.114106893539,1
51,0,0.138992071152,1
51,0,0.119396924973,1
51,0,0.130415201187,1
51,0,0.129075050354,1
51,0,0.129091978073,1
51,0,0.113960981369,1
51,0,0.115612983704,1
51,0,0.116107940674,1
51,0,0.130387067795,1
52,0,0.115041017532,1
52,0,0.128468990326,1
52,0,0.113270044327,1
52,0,0.127633094788,1
52,0,0.133728981018,1
52,0,0.133839130402,1
52,0,0.116483926773,1
52,0,0.124044179916,1
52,0,0.121679067612,1
52,0,0.13599896431,1
53,0,0.116511821747,1
53,0,0.127410888672,1
53,0,0.111418962479,1
53,0,0.131608009338,1
53,0,0.127805948257,1
53,0,0.131572008133,1
53,0,0.11171412468,1
53,0,0.115329027176,1
53,0,0.117094993591,1
53,0,0.131245136261,1
54,0,0.115516901016,1
54,0,0.130116939545,1
54,0,0.114438056946,1
54,0,0.133144855499,1
54,0,0.132538080215,1
54,0,0.132661104202,1
54,0,0.112602949142,1
54,0,0.113913059235,1
54,0,0.115683078766,1
54,0,0.125452041626,1
55,0,0.135708093643,1
55,0,0.14314699173,1
55,0,0.145591974258,1
55,0,0.144539833069,1
55,0,0.153485059738,1
55,0,0.160598039627,1
55,0,0.147655010223,1
55,0,0.124051094055,1
55,0,0.121356964111,1
55,0,0.123490810394,1
56,0,0.142812013626,1
56,0,0.135771989822,1
56,0,0.154868841171,1
56,0,0.143575906754,1
56,0,0.137425899506,1
56,0,0.139636993408,1
56,0,0.141550064087,1
56,0,0.121184110641,1
56,0,0.123026132584,1
56,0,0.12366104126,1
57,0,0.144541978836,1
57,0,0.14933681488,1
57,0,0.141428947449,1
57,0,0.136263132095,1
57,0,0.136826992035,1
57,0,0.139461040497,1
57,0,0.142784118652,1
57,0,0.123630046844,1
57,0,0.12154507637,1
57,0,0.123928070068,1
58,0,0.144343137741,1
58,0,0.136600017548,1
58,0,0.143404960632,1
58,0,0.140702009201,1
58,0,0.145343065262,1
58,0,0.138741016388,1
58,0,0.143089056015,1
58,0,0.120023965836,1
58,0,0.125137090683,1
58,0,0.124740123749,1
59,0,0.140852928162,1
59,0,0.143250226974,1
59,0,0.154806137085,1
59,0,0.14599108696,1
59,0,0.149272918701,1
59,0,0.143588781357,1
59,0,0.145636081696,1
59,0,0.125488996506,1
59,0,0.129433870316,1
59,0,0.133153915405,1
60,0,0.130042076111,1
60,0,0.128273963928,1
60,0,0.155478954315,1
60,0,0.147088050842,1
60,0,0.151703834534,1
60,0,0.128700971603,1
60,0,0.149667024612,1
60,0,0.130149841309,1
60,0,0.129820823669,1
60,0,0.152618169785,1
61,0,0.133351802826,1
61,0,0.135386943817,1
61,0,0.158966064453,1
61,0,0.145910024643,1
61,0,0.154117822647,1
61,0,0.12938117981,1
61,0,0.154535055161,1
61,0,0.129774808884,1
61,0,0.129414796829,1
61,0,0.14145898819,1
62,0,0.129468917847,1
62,0,0.132206201553,1
62,0,0.15682387352,1
62,0,0.152578115463,1
62,0,0.159551858902,1
62,0,0.13275885582,1
62,0,0.150647878647,1
62,0,0.127982139587,1
62,0,0.129521846771,1
62,0,0.148175001144,1
63,0,0.133565187454,1
63,0,0.136667013168,1
63,0,0.158044099808,1
63,0,0.153403043747,1
63,0,0.159920930862,1
63,0,0.132630109787,1
63,0,0.154696941376,1
63,0,0.143707036972,1
63,0,0.13153386116,1
63,0,0.155632019043,1
64,0,0.129695892334,1
64,0,0.128089904785,1
64,0,0.156156778336,1
64,0,0.153509140015,1
64,0,0.161093950272,1
64,0,0.131948947906,1
64,0,0.157039880753,1
64,0,0.129748106003,1
64,0,0.140118837357,1
64,0,0.155156850815,1
65,0,0.135003089905,1
65,0,0.141918182373,1
65,0,0.137350082397,1
65,0,0.157723903656,1
65,0,0.157889127731,1
65,0,0.140010118484,1
65,0,0.138678073883,1
65,0,0.164057016373,1
65,0,0.157247066498,1
65,0,0.153585910797,1
66,0,0.139328956604,1
66,0,0.139862060547,1
66,0,0.14727306366,1
66,0,0.161829948425,1
66,0,0.153845071793,1
66,0,0.135310173035,1
66,0,0.137993097305,1
66,0,0.161898851395,1
66,0,0.161027908325,1
66,0,0.157236814499,1
67,0,0.135694026947,1
67,0,0.137755870819,1
67,0,0.136066198349,1
67,0,0.158669948578,1
67,0,0.163048028946,1
67,0,0.13941693306,1
67,0,0.140084981918,1
67,0,0.169713020325,1
67,0,0.157862901688,1
67,0,0.15621805191,1
68,0,0.136485099792,1
68,0,0.139309167862,1
68,0,0.140847921371,1
68,0,0.158274888992,1
68,0,0.159543991089,1
68,0,0.138073921204,1
68,0,0.139313936234,1
68,0,0.160766124725,1
68,0,0.164385080338,1
68,0,0.161102056503,1
69,0,0.133620977402,1
69,0,0.136183023453,1
69,0,0.134848117828,1
69,0,0.15455198288,1
69,0,0.159708976746,1
69,0,0.138903856277,1
69,0,0.139166116714,1
69,0,0.161603927612,1
69,0,0.159653186798,1
69,0,0.16299200058,1
70,0,0.146709918976,1
70,0,0.148710012436,1
70,0,0.162578821182,1
70,0,0.141078948975,1
70,0,0.148612976074,1
70,0,0.148555994034,1
70,0,0.15217590332,1
70,0,0.162692785263,1
70,0,0.173077821732,1
70,0,0.173357009888,1
71,0,0.145900964737,1
71,0,0.146646022797,1
71,0,0.17133808136,1
71,0,0.140460968018,1
71,0,0.144134998322,1
71,0,0.142558813095,1
71,0,0.139997959137,1
71,0,0.165021896362,1
71,0,0.170047044754,1
71,0,0.170803070068,1
72,0,0.143439054489,1
72,0,0.142716169357,1
72,0,0.16238284111,1
72,0,0.141150951385,1
72,0,0.146471977234,1
72,0,0.141942024231,1
72,0,0.145545959473,1
72,0,0.161743879318,1
72,0,0.160985946655,1
72,0,0.168439865112,1
73,0,0.141377925873,1
73,0,0.142828941345,1
73,0,0.173557043076,1
73,0,0.139759063721,1
73,0,0.141143083572,1
73,0,0.140192985535,1
73,0,0.137093067169,1
73,0,0.157762050629,1
73,0,0.16349697113,1
73,0,0.167909860611,1
74,0,0.142290830612,1
74,0,0.140177965164,1
74,0,0.167772054672,1
74,0,0.143229007721,1
74,0,0.147707939148,1
74,0,0.143082141876,1
74,0,0.142185926437,1
74,0,0.162729978561,1
74,0,0.167291164398,1
74,0,0.169947862625,1
75,0,0.154765129089,1
75,0,0.214689970016,1
75,0,0.184279918671,1
75,0,0.177474975586,1
75,0,0.187681913376,1
75,0,0.146489858627,1
75,0,0.183974981308,1
75,0,0.182971954346,1
75,0,0.170704841614,1
75,0,0.183131933212,1
76,0,0.152321100235,1
76,0,0.179371833801,1
76,0,0.185335874557,1
76,0,0.179249048233,1
76,0,0.18470788002,1
76,0,0.15375494957,1
76,0,0.183999061584,1
76,0,0.180308818817,1
76,0,0.174984931946,1
76,0,0.175782203674,1
77,0,0.159914970398,1
77,0,0.173290014267,1
77,0,0.181356906891,1
77,0,0.175503015518,1
77,0,0.179841041565,1
77,0,0.147126913071,1
77,0,0.182797908783,1
77,0,0.1793820858,1
77,0,0.175110816956,1
77,0,0.173233985901,1
78,0,0.148595094681,1
78,0,0.167968988419,1
78,0,0.214670181274,1
78,0,0.194777011871,1
78,0,0.220731019974,1
78,0,0.150985002518,1
78,0,0.176491975784,1
78,0,0.192772865295,1
78,0,0.179351091385,1
78,0,0.174052000046,1
79,0,0.148401021957,1
79,0,0.167701005936,1
79,0,0.180761098862,1
79,0,0.249972820282,1
79,0,0.178555965424,1
79,0,0.147414922714,1
79,0,0.17956495285,1
79,0,0.179676055908,1
79,0,0.177000045776,1
79,0,0.170214176178,1
80,0,0.149416923523,1
80,0,0.16339802742,1
80,0,0.174106121063,1
80,0,0.186527013779,1
80,0,0.150292873383,1
80,0,0.182981967926,1
80,0,0.151832818985,1
80,0,0.183568954468,1
80,0,0.154670000076,1
80,0,0.178123950958,1
81,0,0.153797864914,1
81,0,0.150942087173,1
81,0,0.178274154663,1
81,0,0.192509889603,1
81,0,0.154575824738,1
81,0,0.187129020691,1
81,0,0.149394989014,1
81,0,0.173065900803,1
81,0,0.150513887405,1
81,0,0.176932811737,1
82,0,0.152385950089,1
82,0,0.145718812943,1
82,0,0.173498868942,1
82,0,0.18711400032,1
82,0,0.15146780014,1
82,0,0.18972492218,1
82,0,0.148777008057,1
82,0,0.17550611496,1
82,0,0.151736974716,1
82,0,0.176470994949,1
83,0,0.150230884552,1
83,0,0.152198076248,1
83,0,0.179265975952,1
83,0,0.189063072205,1
83,0,0.149600982666,1
83,0,0.183323144913,1
83,0,0.14408993721,1
83,0,0.176434993744,1
83,0,0.148426055908,1
83,0,0.174604892731,1
84,0,0.147041082382,1
84,0,0.153082847595,1
84,0,0.181855201721,1
84,0,0.202119112015,1
84,0,0.156439065933,1
84,0,0.19152712822,1
84,0,0.154564142227,1
84,0,0.179517030716,1
84,0,0.149893045425,1
84,0,0.190361022949,1
85,0,0.161005020142,1
85,0,0.198309898376,1
85,0,0.196532964706,1
85,0,0.169785022736,1
85,0,0.205901861191,1
85,0,0.188644170761,1
85,0,0.162306070328,1
85,0,0.16547203064,1
85,0,0.193186998367,1
85,0,0.190142869949,1
86,0,0.161087036133,1
86,0,0.199440956116,1
86,0,0.186150789261,1
86,0,0.166634082794,1
86,0,0.187628030777,1
86,0,0.195200920105,1
86,0,0.159934997559,1
86,0,0.160451889038,1
86,0,0.203408956528,1
86,0,0.192415952682,1
87,0,0.156270980835,1
87,0,0.200913906097,1
87,0,0.19370508194,1
87,0,0.166077136993,1
87,0,0.196697950363,1
87,0,0.192902088165,1
87,0,0.160484790802,1
87,0,0.159538984299,1
87,0,0.19091796875,1
87,0,0.196602106094,1
88,0,0.162275075912,1
88,0,0.195970058441,1
88,0,0.187481164932,1
88,0,0.160264968872,1
88,0,0.192835092545,1
88,0,0.196822881699,1
88,0,0.163269042969,1
88,0,0.158640146255,1
88,0,0.200034141541,1
88,0,0.188388109207,1
89,0,0.165907144547,1
89,0,0.198768138885,1
89,0,0.188611030579,1
89,0,0.163597106934,1
89,0,0.179423093796,1
89,0,0.190575122833,1
89,0,0.168365001678,1
89,0,0.164017915726,1
89,0,0.189917087555,1
89,0,0.191694974899,1
90,0,0.204856872559,1
90,0,0.210988998413,1
90,0,0.210597038269,1
90,0,0.22833108902,1
90,0,0.167968034744,1
90,0,0.169237852097,1
90,0,0.210956811905,1
90,0,0.296397209167,1
90,0,0.200284957886,1
90,0,0.209782123566,1
91,0,0.19358086586,1
91,0,0.213936805725,1
91,0,0.206944942474,1
91,0,0.212383031845,1
91,0,0.167888879776,1
91,0,0.166524887085,1
91,0,0.169762849808,1
91,0,0.205229043961,1
91,0,0.205795049667,1
91,0,0.211005926132,1
92,0,0.196811914444,1
92,0,0.205210924149,1
92,0,0.213248968124,1
92,0,0.212832927704,1
92,0,0.1672539711,1
92,0,0.186548948288,1
92,0,0.166532039642,1
92,0,0.207420825958,1
92,0,0.206431865692,1
92,0,0.208081960678,1
93,0,0.204762935638,1
93,0,0.207958936691,1
93,0,0.215287208557,1
93,0,0.223701000214,1
93,0,0.169275045395,1
93,0,0.164772987366,1
93,0,0.165726900101,1
93,0,0.212363004684,1
93,0,0.20103096962,1
93,0,0.208822965622,1
94,0,0.197124004364,1
94,0,0.201458930969,1
94,0,0.199965000153,1
94,0,0.202419042587,1
94,0,0.162821054459,1
94,0,0.167191982269,1
94,0,0.176676988602,1
94,0,0.256222009659,1
94,0,0.200712919235,1
94,0,0.203431129456,1
95,0,0.222362041473,1
95,0,0.186079025269,1
95,0,0.21461391449,1
95,0,0.179003000259,1
95,0,0.173976898193,1
95,0,0.202529907227,1
95,0,0.228501081467,1
95,0,0.217879056931,1
95,0,0.21746301651,1
95,0,0.175727128983,1
96,0,0.214796066284,1
96,0,0.180411815643,1
96,0,0.205281972885,1
96,0,0.175351142883,1
96,0,0.175333023071,1
96,0,0.175408124924,1
96,0,0.222173929214,1
96,0,0.231140851974,1
96,0,0.215679168701,1
96,0,0.172158956528,1
97,0,0.219290971756,1
97,0,0.185985803604,1
97,0,0.212335109711,1
97,0,0.172196865082,1
97,0,0.172103881836,1
97,0,0.176035881042,1
97,0,0.219274997711,1
97,0,0.222754001617,1
97,0,0.222325801849,1
97,0,0.180601835251,1
98,0,0.222890853882,1
98,0,0.17902803421,1
98,0,0.316356897354,1
98,0,0.196663141251,1
98,0,0.19303894043,1
98,0,0.193857192993,1
98,0,0.240101099014,1
98,0,0.246315956116,1
98,0,0.231405973434,1
98,0,0.188737154007,1
99,0,0.258469104767,1
99,0,0.198331832886,1
99,0,0.222845077515,1
99,0,0.19904088974,1
99,0,0.194480895996,1
99,0,0.184905052185,1
99,0,0.229447126389,1
99,0,0.227118968964,1
99,0,0.236876010895,1
99,0,0.189892053604,1
100,0,0.230342149734,1
100,0,0.267349004745,1
100,0,0.238888978958,1
100,0,0.267022848129,1
100,0,0.239525079727,1
100,0,0.228528022766,1
100,0,0.23516702652,1
100,0,0.193732023239,1
100,0,0.242650032043,1
100,0,0.194988012314,1
101,0,0.241291999817,1
101,0,0.231239795685,1
101,0,0.227262020111,1
101,0,0.227797031403,1
101,0,0.233412027359,1
101,0,0.22807097435,1
101,0,0.233586072922,1
101,0,0.195561885834,1
101,0,0.253731012344,1
101,0,0.194908857346,1
102,0,0.239342927933,1
102,0,0.227511882782,1
102,0,0.229671001434,1
102,0,0.243091821671,1
102,0,0.231553077698,1
102,0,0.238037824631,1
102,0,0.248372077942,1
102,0,0.215208053589,1
102,0,0.250559806824,1
102,0,0.191933870316,1
103,0,0.226147174835,1
103,0,0.235205888748,1
103,0,0.240748882294,1
103,0,0.235532045364,1
103,0,0.237041950226,1
103,0,0.250756025314,1
103,0,0.232222080231,1
103,0,0.197127819061,1
103,0,0.243773937225,1
103,0,0.189723968506,1
104,0,0.242095947266,1
104,0,0.232051849365,1
104,0,0.229640960693,1
104,0,0.23162984848,1
104,0,0.224660158157,1
104,0,0.224325895309,1
104,0,0.218617916107,1
104,0,0.193557977676,1
104,0,0.249498128891,1
104,0,0.200859069824,1
105,0,0.246143102646,1
105,0,0.2686419487,1
105,0,0.211596012115,1
105,0,0.242878913879,1
105,0,0.19621181488,1
105,0,0.261173009872,1
105,0,0.239714860916,1
105,0,0.24792098999,1
105,0,0.197833061218,1
105,0,0.197870016098,1
106,0,0.251755952835,1
106,0,0.252477169037,1
106,0,0.197701215744,1
