0,0,0.0493490695953,1
0,0,0.0499839782715,1
0,0,0.0508110523224,1
0,0,0.0516262054443,1
0,0,0.0488131046295,1
0,0,0.0500149726868,1
0,0,0.050194978714,1
0,0,0.0517799854279,1
0,0,0.0498728752136,1
0,0,0.0491299629211,1
1,0,0.0600790977478,1
1,0,0.0529029369354,1
1,0,0.0540568828583,1
1,0,0.0538079738617,1
1,0,0.0533480644226,1
1,0,0.0534551143646,1
1,0,0.056056022644,1
1,0,0.0619270801544,1
1,0,0.0572879314423,1
1,0,0.0524458885193,1
2,0,0.0528910160065,1
2,0,0.0579299926758,1
2,0,0.0539391040802,1
2,0,0.0535569190979,1
2,0,0.0532619953156,1
2,0,0.0534391403198,1
2,0,0.0527470111847,1
2,0,0.0554988384247,1
2,0,0.053346157074,1
2,0,0.0544908046722,1
3,0,0.0561950206757,1
3,0,0.0576739311218,1
3,0,0.0571649074554,1
3,0,0.0554931163788,1
3,0,0.0567359924316,1
3,0,0.0602118968964,1
3,0,0.0538229942322,1
3,0,0.0549008846283,1
3,0,0.0584878921509,1
3,0,0.0576009750366,1
4,0,0.0549619197845,1
4,0,0.0559329986572,1
4,0,0.0577318668365,1
4,0,0.0566000938416,1
4,0,0.055871963501,1
4,0,0.055652141571,1
4,0,0.0536909103394,1
4,0,0.0574879646301,1
4,0,0.0603859424591,1
4,0,0.0581061840057,1
5,0,0.0626268386841,1
5,0,0.0619339942932,1
5,0,0.0676791667938,1
5,0,0.0660560131073,1
5,0,0.0625519752502,1
5,0,0.0616750717163,1
5,0,0.0611441135406,1
5,0,0.0614910125732,1
5,0,0.0654590129852,1
5,0,0.0633950233459,1
6,0,0.0622360706329,1
6,0,0.0632750988007,1
6,0,0.0643620491028,1
6,0,0.0642039775848,1
6,0,0.0611400604248,1
6,0,0.066752910614,1
6,0,0.0627830028534,1
6,0,0.0618259906769,1
6,0,0.0640089511871,1
6,0,0.0622479915619,1
7,0,0.0664899349213,1
7,0,0.0664949417114,1
7,0,0.0634288787842,1
7,0,0.0654058456421,1
7,0,0.0638229846954,1
7,0,0.0633900165558,1
7,0,0.0603909492493,1
7,0,0.0643861293793,1
7,0,0.0770010948181,1
7,0,0.0615341663361,1
8,0,0.0652740001678,1
8,0,0.0622451305389,1
8,0,0.0631289482117,1
8,0,0.065761089325,1
8,0,0.08016705513,1
8,0,0.0700569152832,1
8,0,0.0638511180878,1
8,0,0.0663549900055,1
8,0,0.0648150444031,1
8,0,0.0712380409241,1
9,0,0.0678720474243,1
9,0,0.0677709579468,1
9,0,0.083713054657,1
9,0,0.0662438869476,1
9,0,0.0650179386139,1
9,0,0.0633158683777,1
9,0,0.0621309280396,1
9,0,0.0629050731659,1
9,0,0.0651199817657,1
9,0,0.0649869441986,1
10,0,0.0711781978607,1
10,0,0.0678789615631,1
10,0,0.0787680149078,1
10,0,0.0684630870819,1
10,0,0.0697660446167,1
10,0,0.0697259902954,1
10,0,0.069491147995,1
10,0,0.0721371173859,1
10,0,0.0707230567932,1
10,0,0.0701248645782,1
11,0,0.0718610286713,1
11,0,0.0677399635315,1
11,0,0.0676951408386,1
11,0,0.0725090503693,1
11,0,0.0679399967194,1
11,0,0.0703489780426,1
11,0,0.0675718784332,1
11,0,0.0743851661682,1
11,0,0.0755581855774,1
11,0,0.072193145752,1
12,0,0.0741238594055,1
12,0,0.0671489238739,1
12,0,0.0679190158844,1
12,0,0.0677618980408,1
12,0,0.0679659843445,1
12,0,0.0708830356598,1
12,0,0.0689980983734,1
12,0,0.074371099472,1
12,0,0.0703840255737,1
12,0,0.0722661018372,1
13,0,0.088042974472,1
13,0,0.0692172050476,1
13,0,0.069433927536,1
13,0,0.0712161064148,1
13,0,0.0689380168915,1
13,0,0.0780620574951,1
13,0,0.0694210529327,1
13,0,0.0761740207672,1
13,0,0.0741958618164,1
13,0,0.0738401412964,1
14,0,0.0728030204773,1
14,0,0.0680940151215,1
14,0,0.0707969665527,1
14,0,0.0711629390717,1
14,0,0.0700178146362,1
14,0,0.0722670555115,1
14,0,0.0762791633606,1
14,0,0.0743350982666,1
14,0,0.0777161121368,1
14,0,0.0738101005554,1
15,0,0.0747311115265,1
15,0,0.0830099582672,1
15,0,0.0878629684448,1
15,0,0.0813789367676,1
15,0,0.0810480117798,1
15,0,0.0762951374054,1
15,0,0.0788340568542,1
15,0,0.0903809070587,1
15,0,0.0943028926849,1
15,0,0.0919020175934,1
16,0,0.0831799507141,1
16,0,0.103852987289,1
16,0,0.0783460140228,1
16,0,0.0806169509888,1
16,0,0.0772790908813,1
16,0,0.0785620212555,1
16,0,0.0744979381561,1
16,0,0.0782830715179,1
16,0,0.0820550918579,1
16,0,0.081405878067,1
17,0,0.0746638774872,1
17,0,0.0853188037872,1
17,0,0.0776839256287,1
17,0,0.0807459354401,1
17,0,0.0837509632111,1
17,0,0.0824499130249,1
17,0,0.0847978591919,1
17,0,0.0832138061523,1
17,0,0.0807390213013,1
17,0,0.0811989307404,1
18,0,0.0776100158691,1
18,0,0.0816478729248,1
18,0,0.0779128074646,1
18,0,0.0804750919342,1
18,0,0.0789968967438,1
18,0,0.0764260292053,1
18,0,0.0804259777069,1
18,0,0.0826811790466,1
18,0,0.0841679573059,1
18,0,0.0838711261749,1
19,0,0.0787708759308,1
19,0,0.0820250511169,1
19,0,0.0786430835724,1
19,0,0.0805549621582,1
19,0,0.0779850482941,1
19,0,0.0768010616302,1
19,0,0.0734651088715,1
19,0,0.0785040855408,1
19,0,0.0798251628876,1
19,0,0.0813360214233,1
20,0,0.0932309627533,1
20,0,0.0867259502411,1
20,0,0.0820598602295,1
20,0,0.0855751037598,1
20,0,0.0866839885712,1
20,0,0.0820870399475,1
20,0,0.0819299221039,1
20,0,0.0878078937531,1
20,0,0.0862519741058,1
20,0,0.0886480808258,1
21,0,0.0921277999878,1
21,0,0.0875868797302,1
21,0,0.0825598239899,1
21,0,0.0821170806885,1
21,0,0.0892469882965,1
21,0,0.0901050567627,1
21,0,0.0800199508667,1
21,0,0.0897262096405,1
21,0,0.0916478633881,1
21,0,0.0937659740448,1
22,0,0.0904638767242,1
22,0,0.0902698040009,1
22,0,0.0798609256744,1
22,0,0.0879678726196,1
22,0,0.0884981155396,1
22,0,0.0798599720001,1
22,0,0.0791890621185,1
22,0,0.0881860256195,1
22,0,0.0923829078674,1
22,0,0.0951409339905,1
23,0,0.0867531299591,1
23,0,0.0869319438934,1
23,0,0.084676027298,1
23,0,0.0804171562195,1
23,0,0.0861699581146,1
23,0,0.0822510719299,1
23,0,0.078742980957,1
23,0,0.0909180641174,1
23,0,0.0875749588013,1
23,0,0.0884130001068,1
24,0,0.0912101268768,1
24,0,0.102335929871,1
24,0,0.0840640068054,1
24,0,0.081151008606,1
24,0,0.0872540473938,1
24,0,0.0783340930939,1
24,0,0.081503868103,1
24,0,0.0876240730286,1
24,0,0.0873811244965,1
24,0,0.0870280265808,1
25,0,0.0890500545502,1
25,0,0.0986189842224,1
25,0,0.085470199585,1
25,0,0.0868980884552,1
25,0,0.0867969989777,1
25,0,0.0984110832214,1
25,0,0.0888969898224,1
25,0,0.0872330665588,1
25,0,0.0913560390472,1
25,0,0.102926015854,1
26,0,0.0923309326172,1
26,0,0.0910048484802,1
26,0,0.085216999054,1
26,0,0.0879418849945,1
26,0,0.0917460918427,1
26,0,0.0980069637299,1
26,0,0.0835909843445,1
26,0,0.0848159790039,1
26,0,0.0866260528564,1
26,0,0.0937201976776,1
27,0,0.0886120796204,1
27,0,0.0949370861053,1
27,0,0.0868480205536,1
27,0,0.0959610939026,1
27,0,0.089231967926,1
27,0,0.0978829860687,1
27,0,0.090723991394,1
27,0,0.0899519920349,1
27,0,0.0924680233002,1
27,0,0.0984239578247,1
28,0,0.0887589454651,1
28,0,0.108032941818,1
28,0,0.0913760662079,1
28,0,0.0910720825195,1
28,0,0.089329957962,1
28,0,0.0942890644073,1
28,0,0.0940008163452,1
28,0,0.0883939266205,1
28,0,0.0897750854492,1
28,0,0.0970001220703,1
29,0,0.0923829078674,1
29,0,0.0940320491791,1
29,0,0.0928001403809,1
29,0,0.0893149375916,1
29,0,0.085461139679,1
29,0,0.0969769954681,1
29,0,0.0890579223633,1
29,0,0.0843160152435,1
29,0,0.089371919632,1
29,0,0.102607965469,1
30,0,0.10196685791,1
30,0,0.100621938705,1
30,0,0.0942108631134,1
30,0,0.10209107399,1
30,0,0.0962188243866,1
30,0,0.0925509929657,1
30,0,0.0943279266357,1
30,0,0.0961520671844,1
30,0,0.0976278781891,1
30,0,0.0947799682617,1
31,0,0.10772895813,1
31,0,0.106351852417,1
31,0,0.0969970226288,1
31,0,0.0981411933899,1
31,0,0.0945229530334,1
31,0,0.0906798839569,1
31,0,0.0936179161072,1
31,0,0.0934188365936,1
31,0,0.0962309837341,1
31,0,0.110914945602,1
32,0,0.103786945343,1
32,0,0.105974912643,1
32,0,0.0947229862213,1
32,0,0.106596946716,1
32,0,0.0947728157043,1
32,0,0.107735872269,1
32,0,0.107445955276,1
32,0,0.097892999649,1
32,0,0.096410036087,1
32,0,0.0958161354065,1
33,0,0.106256008148,1
33,0,0.108338832855,1
33,0,0.0936119556427,1
33,0,0.102328062057,1
33,0,0.0939829349518,1
33,0,0.102807998657,1
33,0,0.0957300662994,1
33,0,0.0950870513916,1
33,0,0.102046966553,1
33,0,0.0972280502319,1
34,0,0.104788064957,1
34,0,0.102030992508,1
34,0,0.0950920581818,1
34,0,0.109404802322,1
34,0,0.0934610366821,1
34,0,0.0958960056305,1
34,0,0.0947461128235,1
34,0,0.0984859466553,1
34,0,0.0948340892792,1
34,0,0.0960559844971,1
35,0,0.112062931061,1
35,0,0.117321014404,1
35,0,0.10843706131,1
35,0,0.110049962997,1
35,0,0.11857509613,1
35,0,0.107559204102,1
35,0,0.109443187714,1
35,0,0.108590841293,1
35,0,0.113966941833,1
35,0,0.108701944351,1
36,0,0.107498168945,1
36,0,0.112591028214,1
36,0,0.11950302124,1
36,0,0.123694181442,1
36,0,0.102127075195,1
36,0,0.115922927856,1
36,0,0.106021165848,1
36,0,0.109379053116,1
36,0,0.111083030701,1
36,0,0.111738204956,1
37,0,0.112006902695,1
37,0,0.122590065002,1
37,0,0.118844985962,1
37,0,0.117060899734,1
37,0,0.10050702095,1
37,0,0.111400127411,1
37,0,0.118428945541,1
37,0,0.110183000565,1
37,0,0.116624116898,1
37,0,0.110351085663,1
38,0,0.114541053772,1
38,0,0.113539934158,1
38,0,0.111348152161,1
38,0,0.130401134491,1
38,0,0.102761030197,1
38,0,0.105574131012,1
38,0,0.116192102432,1
38,0,0.115144968033,1
38,0,0.114507913589,1
38,0,0.117191076279,1
39,0,0.110173940659,1
39,0,0.113340139389,1
39,0,0.11453795433,1
39,0,0.114122867584,1
39,0,0.100979089737,1
39,0,0.109061956406,1
39,0,0.109616994858,1
39,0,0.117396831512,1
39,0,0.126053094864,1
39,0,0.119262933731,1
40,0,0.12543296814,1
40,0,0.122058868408,1
40,0,0.123403072357,1
40,0,0.119205951691,1
40,0,0.121872901917,1
40,0,0.115041971207,1
40,0,0.105141162872,1
40,0,0.107336997986,1
40,0,0.107210874557,1
40,0,0.106734037399,1
41,0,0.126302957535,1
41,0,0.125850200653,1
41,0,0.12219285965,1
41,0,0.106549978256,1
41,0,0.12842798233,1
41,0,0.117405891418,1
41,0,0.104977846146,1
41,0,0.106542110443,1
41,0,0.106359004974,1
41,0,0.104964971542,1
42,0,0.124969005585,1
42,0,0.124890804291,1
42,0,0.116389036179,1
42,0,0.107053041458,1
42,0,0.124572038651,1
42,0,0.121417999268,1
42,0,0.105171918869,1
42,0,0.10765504837,1
42,0,0.105126857758,1
42,0,0.118757009506,1
43,0,0.120860815048,1
43,0,0.123428106308,1
43,0,0.12078499794,1
43,0,0.103631019592,1
43,0,0.12261390686,1
43,0,0.124707937241,1
43,0,0.107558965683,1
43,0,0.112920999527,1
43,0,0.106266975403,1
43,0,0.107996940613,1
44,0,0.125061035156,1
44,0,0.117552995682,1
44,0,0.122666120529,1
44,0,0.104803085327,1
44,0,0.123008012772,1
44,0,0.122036933899,1
44,0,0.111497879028,1
44,0,0.108013868332,1
44,0,0.102949142456,1
44,0,0.104448080063,1
45,0,0.116049051285,1
45,0,0.132745027542,1
45,0,0.118422031403,1
45,0,0.128484964371,1
45,0,0.127402067184,1
45,0,0.131030082703,1
45,0,0.127561092377,1
45,0,0.127011060715,1
45,0,0.159108877182,1
45,0,0.13126707077,1
46,0,0.124144077301,1
46,0,0.148278951645,1
46,0,0.113842964172,1
46,0,0.123140096664,1
46,0,0.123183012009,1
46,0,0.130227804184,1
46,0,0.146145105362,1
46,0,0.131445169449,1
46,0,0.128355979919,1
46,0,0.112698078156,1
47,0,0.115900993347,1
47,0,0.126652002335,1
47,0,0.112586975098,1
47,0,0.128044843674,1
47,0,0.133628129959,1
47,0,0.127838134766,1
47,0,0.125452041626,1
47,0,0.136101961136,1
47,0,0.125272035599,1
47,0,0.111346006393,1
48,0,0.116083860397,1
48,0,0.128386974335,1
48,0,0.122624874115,1
48,0,0.123821020126,1
48,0,0.131856203079,1
48,0,0.128950834274,1
48,0,0.132263898849,1
48,0,0.129153013229,1
48,0,0.127220869064,1
48,0,0.119708061218,1
49,0,0.115124940872,1
49,0,0.122911930084,1
49,0,0.113616943359,1
49,0,0.127570867538,1
49,0,0.12026309967,1
49,0,0.130030870438,1
49,0,0.133692026138,1
49,0,0.125505924225,1
49,0,0.134716033936,1
49,0,0.117045879364,1
50,0,0.140956878662,1
50,0,0.138212919235,1
50,0,0.141451835632,1
50,0,0.120193958282,1
50,0,0.141107797623,1
50,0,0.138938903809,1
50,0,0.11869096756,1
50,0,0.130518913269,1
50,0,0.130100011826,1
50,0,0.139213085175,1
51,0,0.142014026642,1
51,0,0.141998052597,1
51,0,0.133730173111,1
51,0,0.12034201622,1
51,0,0.144639968872,1
51,0,0.137760877609,1
51,0,0.118324995041,1
51,0,0.13867020607,1
51,0,0.132600069046,1
51,0,0.139688968658,1
52,0,0.141944885254,1
52,0,0.134512901306,1
52,0,0.137861013412,1
52,0,0.121357917786,1
52,0,0.145838975906,1
52,0,0.13400888443,1
52,0,0.115244865417,1
52,0,0.135050058365,1
52,0,0.134008169174,1
52,0,0.139540910721,1
53,0,0.141135931015,1
53,0,0.138631105423,1
53,0,0.136043071747,1
53,0,0.12186217308,1
53,0,0.14022397995,1
53,0,0.140725851059,1
53,0,0.12014913559,1
53,0,0.138325929642,1
53,0,0.138956069946,1
53,0,0.145529985428,1
54,0,0.146013975143,1
54,0,0.135218858719,1
54,0,0.136763095856,1
54,0,0.120932102203,1
54,0,0.142351150513,1
54,0,0.152374982834,1
54,0,0.146069049835,1
54,0,0.134821891785,1
54,0,0.135197877884,1
54,0,0.141991853714,1
55,0,0.134793996811,1
55,0,0.158834934235,1
55,0,0.150625944138,1
55,0,0.144243001938,1
55,0,0.157547950745,1
55,0,0.148407936096,1
55,0,0.148577928543,1
55,0,0.134217977524,1
55,0,0.156590938568,1
55,0,0.149873018265,1
56,0,0.129083156586,1
56,0,0.181504964828,1
56,0,0.146515130997,1
56,0,0.149941921234,1
56,0,0.153867959976,1
56,0,0.148894071579,1
56,0,0.146404027939,1
56,0,0.129636049271,1
56,0,0.141251087189,1
56,0,0.143973112106,1
57,0,0.133894920349,1
57,0,0.15043091774,1
57,0,0.14924788475,1
57,0,0.141360044479,1
57,0,0.144477128983,1
57,0,0.14991402626,1
57,0,0.154643058777,1
57,0,0.133270025253,1
57,0,0.157114028931,1
57,0,0.145987987518,1
58,0,0.129391908646,1
58,0,0.147446870804,1
58,0,0.145882129669,1
58,0,0.144929885864,1
58,0,0.167173862457,1
58,0,0.158164978027,1
58,0,0.155568122864,1
58,0,0.12853717804,1
58,0,0.14316701889,1
58,0,0.149605989456,1
59,0,0.127238988876,1
59,0,0.154506921768,1
59,0,0.16060590744,1
59,0,0.144870996475,1
59,0,0.145128965378,1
59,0,0.152141094208,1
59,0,0.146842002869,1
59,0,0.128180980682,1
59,0,0.152849912643,1
59,0,0.147969961166,1
60,0,0.158985853195,1
60,0,0.155894041061,1
60,0,0.156847953796,1
60,0,0.13459610939,1
60,0,0.132992982864,1
60,0,0.160461902618,1
60,0,0.158114910126,1
60,0,0.149580001831,1
60,0,0.171701908112,1
60,0,0.161367893219,1
61,0,0.162653923035,1
61,0,0.157096147537,1
61,0,0.156419992447,1
61,0,0.141811132431,1
61,0,0.139715909958,1
61,0,0.1672270298,1
61,0,0.158475875854,1
61,0,0.148066997528,1
61,0,0.160791873932,1
61,0,0.151262998581,1
62,0,0.166995048523,1
62,0,0.162021160126,1
62,0,0.158265113831,1
62,0,0.138752937317,1
62,0,0.135333061218,1
62,0,0.153082132339,1
62,0,0.158065795898,1
62,0,0.156624794006,1
62,0,0.163873910904,1
62,0,0.159245967865,1
63,0,0.163614988327,1
63,0,0.159577131271,1
63,0,0.157862901688,1
63,0,0.14758682251,1
63,0,0.136175870895,1
63,0,0.155318021774,1
63,0,0.1604180336,1
63,0,0.154900074005,1
63,0,0.15790104866,1
63,0,0.161730051041,1
64,0,0.170392036438,1
64,0,0.156355857849,1
64,0,0.154277086258,1
64,0,0.13099694252,1
64,0,0.140057086945,1
64,0,0.153048992157,1
64,0,0.163179159164,1
64,0,0.154756069183,1
64,0,0.162823915482,1
64,0,0.158130168915,1
65,0,0.170939922333,1
65,0,0.168737888336,1
65,0,0.165568113327,1
65,0,0.158951044083,1
65,0,0.167834997177,1
65,0,0.159456968307,1
65,0,0.146956920624,1
65,0,0.141575098038,1
65,0,0.1687707901,1
65,0,0.15714597702,1
66,0,0.16095995903,1
66,0,0.16260099411,1
66,0,0.16304397583,1
66,0,0.169154882431,1
66,0,0.166101932526,1
66,0,0.158448934555,1
66,0,0.142543077469,1
66,0,0.135956048965,1
66,0,0.1658680439,1
66,0,0.16511797905,1
67,0,0.162439107895,1
67,0,0.194508075714,1
67,0,0.189233779907,1
67,0,0.184186935425,1
67,0,0.176198005676,1
67,0,0.165648937225,1
67,0,0.135315895081,1
67,0,0.13959813118,1
67,0,0.166972160339,1
67,0,0.161706924438,1
68,0,0.181713819504,1
68,0,0.1740629673,1
68,0,0.162211894989,1
68,0,0.166430950165,1
68,0,0.174586057663,1
68,0,0.167513132095,1
68,0,0.142422914505,1
68,0,0.136333942413,1
68,0,0.163008928299,1
68,0,0.162013053894,1
69,0,0.166890859604,1
69,0,0.164242982864,1
69,0,0.168062210083,1
69,0,0.170490026474,1
69,0,0.165298938751,1
69,0,0.167340040207,1
69,0,0.137683868408,1
69,0,0.139646053314,1
69,0,0.163321018219,1
69,0,0.163283109665,1
70,0,0.188868045807,1
70,0,0.178426027298,1
70,0,0.151049852371,1
70,0,0.151580095291,1
70,0,0.153435945511,1
70,0,0.149164199829,1
70,0,0.147330999374,1
70,0,0.179169893265,1
70,0,0.18491601944,1
70,0,0.150942087173,1
71,0,0.183450937271,1
71,0,0.183524847031,1
71,0,0.159119129181,1
71,0,0.150177001953,1
71,0,0.153273105621,1
71,0,0.148852825165,1
71,0,0.14787197113,1
71,0,0.170686006546,1
71,0,0.185983896255,1
71,0,0.154531955719,1
72,0,0.186371803284,1
72,0,0.18022108078,1
72,0,0.147937059402,1
72,0,0.142347097397,1
72,0,0.150414943695,1
72,0,0.146662950516,1
72,0,0.153792858124,1
72,0,0.177887916565,1
72,0,0.175804138184,1
72,0,0.150619983673,1
73,0,0.177737951279,1
73,0,0.180756807327,1
73,0,0.166484117508,1
73,0,0.153072834015,1
73,0,0.150320053101,1
73,0,0.145712137222,1
73,0,0.146668195724,1
73,0,0.176045894623,1
73,0,0.176198005676,1
73,0,0.148189067841,1
74,0,0.179124832153,1
74,0,0.180752038956,1
74,0,0.144389152527,1
74,0,0.145219087601,1
74,0,0.152731895447,1
74,0,0.146270036697,1
74,0,0.146712064743,1
74,0,0.16530585289,1
74,0,0.17461180687,1
74,0,0.147457122803,1
75,0,0.174909114838,1
75,0,0.18866610527,1
75,0,0.18213891983,1
75,0,0.177719116211,1
75,0,0.187154769897,1
75,0,0.183255195618,1
75,0,0.175673007965,1
75,0,0.151031970978,1
75,0,0.151772022247,1
75,0,0.154546022415,1
76,0,0.193614006042,1
76,0,0.188228130341,1
76,0,0.19598698616,1
76,0,0.179733037949,1
76,0,0.187526941299,1
76,0,0.191685914993,1
76,0,0.185587882996,1
76,0,0.151699066162,1
76,0,0.15732717514,1
76,0,0.156965970993,1
77,0,0.180408000946,1
77,0,0.189211845398,1
77,0,0.189209938049,1
77,0,0.198924064636,1
77,0,0.186687231064,1
77,0,0.181501865387,1
77,0,0.189588069916,1
77,0,0.155688047409,1
77,0,0.151005029678,1
77,0,0.150619029999,1
78,0,0.182776927948,1
78,0,0.188632011414,1
78,0,0.197762012482,1
78,0,0.179275989532,1
78,0,0.179962158203,1
78,0,0.178287029266,1
78,0,0.185755968094,1
78,0,0.158755064011,1
78,0,0.159916162491,1
78,0,0.160191059113,1
79,0,0.182085990906,1
79,0,0.190189838409,1
79,0,0.189100980759,1
79,0,0.182487010956,1
79,0,0.181023836136,1
79,0,0.175845146179,1
79,0,0.178416013718,1
79,0,0.150943040848,1
79,0,0.155147075653,1
79,0,0.159554958344,1
80,0,0.189812898636,1
80,0,0.165233850479,1
80,0,0.203047990799,1
80,0,0.159083127975,1
80,0,0.158535003662,1
80,0,0.190771102905,1
80,0,0.187157154083,1
80,0,0.169888973236,1
80,0,0.190579891205,1
80,0,0.161608934402,1
81,0,0.191729068756,1
81,0,0.166604042053,1
81,0,0.196346998215,1
81,0,0.165225028992,1
81,0,0.166544914246,1
81,0,0.194492101669,1
81,0,0.192545890808,1
81,0,0.163177967072,1
81,0,0.18727016449,1
81,0,0.170741081238,1
82,0,0.189291000366,1
82,0,0.164670944214,1
82,0,0.191825151443,1
82,0,0.161432027817,1
82,0,0.160665988922,1
82,0,0.196113824844,1
82,0,0.190625905991,1
82,0,0.16893696785,1
82,0,0.185235023499,1
82,0,0.161446094513,1
83,0,0.18495798111,1
83,0,0.165339946747,1
83,0,0.19731593132,1
83,0,0.161839008331,1
83,0,0.18052482605,1
83,0,0.202558994293,1
83,0,0.192579984665,1
83,0,0.158185958862,1
83,0,0.183145046234,1
83,0,0.159837007523,1
84,0,0.185791015625,1
84,0,0.177642822266,1
84,0,0.196639060974,1
84,0,0.162252902985,1
84,0,0.158092975616,1
84,0,0.194837093353,1
84,0,0.196362018585,1
84,0,0.168293952942,1
84,0,0.193763971329,1
84,0,0.161689043045,1
85,0,0.206189870834,1
85,0,0.229687929153,1
85,0,0.162920951843,1
85,0,0.203078985214,1
85,0,0.201871871948,1
85,0,0.191700935364,1
85,0,0.184672117233,1
85,0,0.187018871307,1
85,0,0.200884103775,1
85,0,0.215079069138,1
86,0,0.161033153534,1
86,0,0.202290058136,1
86,0,0.160310029984,1
86,0,0.195160865784,1
86,0,0.209645986557,1
86,0,0.193364143372,1
86,0,0.189487934113,1
86,0,0.184299945831,1
86,0,0.193288087845,1
86,0,0.199764966965,1
87,0,0.169898033142,1
87,0,0.208276987076,1
87,0,0.159446001053,1
87,0,0.203387022018,1
87,0,0.193178892136,1
87,0,0.190062999725,1
87,0,0.197783946991,1
87,0,0.18732380867,1
87,0,0.193234920502,1
87,0,0.203743934631,1
88,0,0.166106939316,1
88,0,0.205945968628,1
88,0,0.164412021637,1
88,0,0.198930025101,1
88,0,0.190780878067,1
88,0,0.189515829086,1
88,0,0.207453966141,1
88,0,0.1984770298,1
88,0,0.185208797455,1
88,0,0.207690000534,1
89,0,0.15967297554,1
89,0,0.217964172363,1
89,0,0.167288064957,1
89,0,0.20916891098,1
89,0,0.196777105331,1
89,0,0.199179172516,1
89,0,0.191700935364,1
89,0,0.190122127533,1
89,0,0.189347028732,1
89,0,0.206555128098,1
90,0,0.217789173126,1
90,0,0.201777219772,1
90,0,0.179785966873,1
90,0,0.198520183563,1
90,0,0.208328962326,1
90,0,0.202250957489,1
90,0,0.172646999359,1
90,0,0.176549911499,1
90,0,0.224119901657,1
90,0,0.173280954361,1
91,0,0.226659059525,1
91,0,0.21072602272,1
91,0,0.1698179245,1
91,0,0.215168952942,1
91,0,0.215795993805,1
91,0,0.190999031067,1
91,0,0.179348945618,1
91,0,0.174249172211,1
91,0,0.204591989517,1
91,0,0.175995111465,1
92,0,0.219381809235,1
92,0,0.209295988083,1
92,0,0.170237064362,1
92,0,0.205312013626,1
92,0,0.209617853165,1
92,0,0.221158981323,1
92,0,0.187519073486,1
92,0,0.176723957062,1
92,0,0.198721885681,1
92,0,0.180567979813,1
93,0,0.221148967743,1
93,0,0.200752973557,1
93,0,0.167880058289,1
93,0,0.221477985382,1
93,0,0.223802804947,1
93,0,0.25652217865,1
93,0,0.1804459095,1
93,0,0.180215120316,1
93,0,0.227683067322,1
93,0,0.17079615593,1
94,0,0.221492052078,1
94,0,0.20197892189,1
94,0,0.166574954987,1
94,0,0.207976818085,1
94,0,0.200078964233,1
94,0,0.203136920929,1
94,0,0.171432971954,1
94,0,0.169270992279,1
94,0,0.193919181824,1
94,0,0.18066906929,1
95,0,0.216747999191,1
95,0,0.221786022186,1
95,0,0.175206899643,1
95,0,0.182595968246,1
95,0,0.184537172318,1
95,0,0.180996894836,1
95,0,0.234392166138,1
95,0,0.218576192856,1
95,0,0.220563173294,1
95,0,0.178275823593,1
96,0,0.212917089462,1
96,0,0.226459980011,1
96,0,0.185535907745,1
96,0,0.177883148193,1
96,0,0.179087162018,1
96,0,0.175999879837,1
96,0,0.24031996727,1
96,0,0.214255809784,1
96,0,0.228389024734,1
96,0,0.174623012543,1
97,0,0.212574005127,1
97,0,0.230221986771,1
97,0,0.174307107925,1
97,0,0.180067062378,1
97,0,0.180771112442,1
97,0,0.174926042557,1
97,0,0.236915111542,1
97,0,0.213838100433,1
97,0,0.226225137711,1
97,0,0.173714876175,1
98,0,0.22206902504,1
98,0,0.221679925919,1
98,0,0.175363063812,1
98,0,0.182423114777,1
98,0,0.191066026688,1
98,0,0.176706075668,1
98,0,0.23668718338,1
98,0,0.213707923889,1
98,0,0.223181009293,1
98,0,0.175822973251,1
99,0,0.215913057327,1
99,0,0.22519493103,1
99,0,0.180109977722,1
99,0,0.177495002747,1
99,0,0.172091007233,1
99,0,0.172074079514,1
99,0,0.242321968079,1
99,0,0.221116065979,1
99,0,0.24645781517,1
99,0,0.1758248806,1
100,0,0.230172872543,1
100,0,0.232876062393,1
100,0,0.184209108353,1
100,0,0.246618032455,1
100,0,0.188356876373,1
100,0,0.219058990479,1
100,0,0.219833135605,1
100,0,0.234163999557,1
100,0,0.22425699234,1
100,0,0.233281135559,1
101,0,0.232362031937,1
101,0,0.242285966873,1
101,0,0.207334041595,1
101,0,0.236652135849,1
101,0,0.184115886688,1
101,0,0.227463960648,1
101,0,0.217652082443,1
101,0,0.223745107651,1
101,0,0.223065853119,1
101,0,0.230624914169,1
102,0,0.232439994812,1
102,0,0.243946075439,1
102,0,0.185394048691,1
102,0,0.237472057343,1
102,0,0.184962034225,1
102,0,0.227183818817,1
102,0,0.226660966873,1
102,0,0.223265886307,1
102,0,0.226435899734,1
102,0,0.23487496376,1
103,0,0.250224113464,1
103,0,0.238906860352,1
103,0,0.180661916733,1
103,0,0.239002943039,1
103,0,0.182416915894,1
103,0,0.224534034729,1
103,0,0.216998100281,1
103,0,0.225105047226,1
103,0,0.238354206085,1
103,0,0.240150928497,1
104,0,0.231187105179,1
104,0,0.233560085297,1
