0,0,0.148197174072,15
0,0,0.126678943634,15
0,0,0.131041049957,15
0,0,0.134454965591,15
0,0,0.122924089432,15
0,0,0.120141983032,15
0,0,0.121600151062,15
0,0,0.131994009018,15
0,0,0.129875898361,15
0,0,0.13153386116,15
1,0,0.472573041916,87
1,0,0.13001203537,15
1,0,0.133705854416,15
1,0,0.124262809753,15
1,0,0.126945018768,15
1,0,0.135366916656,15
1,0,0.128664970398,15
1,0,0.15894317627,15
1,0,0.193103075027,15
1,0,0.489305973053,87
2,0,0.131816864014,15
2,0,0.162568092346,15
2,0,0.138703107834,15
2,0,0.127086877823,15
2,0,0.122579813004,15
2,0,0.123089075089,15
2,0,0.148066997528,15
2,0,0.123049974442,15
2,0,0.127638101578,15
2,0,0.856386899948,147
3,0,0.860357999802,147
3,0,0.127437114716,15
3,0,0.126640081406,15
3,0,0.122949123383,15
3,0,0.121952056885,15
3,0,0.133214950562,15
3,0,0.129336833954,15
3,0,0.207550048828,39
3,0,0.125530004501,15
3,0,1.5188369751,225
4,0,2.66476583481,327
4,0,0.127036809921,15
4,0,0.123584032059,15
4,0,0.126838922501,15
4,0,1.58893609047,225
4,0,0.131564855576,15
4,0,0.124936103821,15
4,0,0.127895116806,15
4,0,0.125899076462,15
4,0,3.51730918884,441
5,0,0.127789020538,15
5,0,0.134067058563,15
5,0,11.2088868618,903
5,0,0.128568172455,15
5,0,0.132756233215,15
5,0,0.129519939423,15
5,0,0.932019948959,147
5,0,0.130412101746,15
5,0,5.894769907,579
5,0,11.0039248466,903
6,0,0.125194072723,15
6,0,0.134923934937,15
6,0,19.5572240353,1299
6,0,0.130295991898,15
6,0,0.132329940796,15
6,0,0.129848003387,15
6,0,4.20855712891,447
6,0,0.137288808823,15
6,0,8.12932705879,735
6,0,18.438628912,1299
7,0,0.13351893425,15
7,0,0.132983922958,15
7,0,20.1733319759,1305
7,0,0.142570018768,15
7,0,0.132300138474,15
7,0,0.133780002594,15
7,0,4.45081305504,447
7,0,0.146050930023,15
7,0,6.11081504822,579
7,0,19.7496399879,1305
