0,0,0.120198965073,15
0,0,0.118634223938,15
0,0,0.120666980743,15
0,0,0.125023126602,15
0,0,0.117167949677,15
0,0,0.12290596962,15
0,0,0.119475841522,15
0,0,0.121145009995,15
0,0,0.117931842804,15
0,0,0.116516113281,15
1,0,0.127150774002,15
1,0,0.122187852859,15
1,0,0.123049020767,15
1,0,0.12234711647,15
1,0,0.121167898178,15
1,0,0.215033054352,39
1,0,0.124223947525,15
1,0,0.123558044434,15
1,0,0.192706823349,39
1,0,0.118010997772,15
2,0,0.125801801682,15
2,0,0.120870828629,15
2,0,0.130088090897,15
2,0,0.122366905212,15
2,0,0.123094081879,15
2,0,0.84862112999,147
2,0,0.125926971436,15
2,0,0.122184038162,15
2,0,0.203369855881,39
2,0,0.872292995453,147
3,0,0.128461122513,15
3,0,0.12294793129,15
3,0,0.121361970901,15
3,0,0.126257896423,15
3,0,0.129292964935,15
3,0,0.838382005692,147
3,0,0.13117980957,15
3,0,0.124924182892,15
3,0,1.42515921593,231
3,0,0.467312812805,87
4,0,0.127405881882,15
4,0,0.126933813095,15
4,0,0.123633861542,15
4,0,0.125555038452,15
4,0,0.122992038727,15
4,0,1.40999794006,231
4,0,1.52940702438,231
4,0,0.128114938736,15
4,0,2.41100215912,327
4,0,0.123790025711,15
5,0,0.896097898483,150
5,0,0.212234973907,39
5,0,2.43913507462,336
5,0,0.130177021027,15
5,0,0.130909919739,15
5,0,2.56217598915,336
5,0,2.44387984276,336
5,0,0.13118481636,15
5,0,2.42535185814,336
5,0,0.129599094391,15
6,0,0.875510931015,147
6,0,2.62653207779,327
6,0,2.55586504936,336
6,0,0.536325931549,87
6,0,0.135363101959,15
6,0,2.50880098343,336
6,0,2.68411207199,336
6,0,0.136695861816,15
6,0,2.67428994179,330
6,0,0.135053873062,15
7,0,2.77291893959,327
7,0,0.257177114487,42
7,0,5.71786308289,588
7,0,0.831781864166,87
7,0,0.133551120758,15
7,0,5.3486931324,588
7,0,4.98334908485,588
7,0,0.133013010025,15
7,0,5.09502792358,585
7,0,0.132333993912,15
8,0,0.910532951355,150
8,0,6.39359402657,579
8,0,10.1056919098,912
8,0,2.48070192337,330
8,0,0.150429010391,15
8,0,9.83910083771,912
8,0,10.0479910374,912
8,0,0.134839057922,15
8,0,5.66250395775,585
8,0,0.136451005936,15
9,0,2.40682697296,327
9,0,0.469201087952,87
9,0,15.6199610233,1308
9,0,5.33202695847,579
9,0,0.138889074326,15
9,0,16.4320988655,1308
