0,0,0.0522360801697,1
0,0,0.0519659519196,1
0,0,0.0525028705597,1
0,0,0.0523211956024,1
0,0,0.0514109134674,1
0,0,0.0529220104218,1
0,0,0.0528481006622,1
0,0,0.0532469749451,1
0,0,0.0535578727722,1
0,0,0.0514359474182,1
1,0,0.0556960105896,1
1,0,0.0551378726959,1
1,0,0.0563879013062,1
1,0,0.0605139732361,1
1,0,0.0648059844971,1
1,0,0.0592670440674,1
1,0,0.055675983429,1
1,0,0.0600099563599,1
1,0,0.0578320026398,1
1,0,0.0581250190735,1
2,0,0.0565960407257,1
2,0,0.0606899261475,1
2,0,0.0597541332245,1
2,0,0.0603759288788,1
2,0,0.0575280189514,1
2,0,0.0581340789795,1
2,0,0.0564379692078,1
2,0,0.0591690540314,1
2,0,0.0562958717346,1
2,0,0.0569570064545,1
3,0,0.060937166214,1
3,0,0.0625441074371,1
3,0,0.0613000392914,1
3,0,0.0592410564423,1
3,0,0.0578730106354,1
3,0,0.0567560195923,1
3,0,0.0576999187469,1
3,0,0.0596010684967,1
3,0,0.0576601028442,1
3,0,0.0553979873657,1
4,0,0.0568900108337,1
4,0,0.0583701133728,1
4,0,0.0609328746796,1
4,0,0.0596530437469,1
4,0,0.0584280490875,1
4,0,0.0590379238129,1
4,0,0.0566761493683,1
4,0,0.0765328407288,1
4,0,0.0626440048218,1
4,0,0.0607011318207,1
5,0,0.0623590946198,1
5,0,0.0640270709991,1
5,0,0.0677468776703,1
5,0,0.0675280094147,1
5,0,0.066269159317,1
5,0,0.0662441253662,1
5,0,0.0669300556183,1
5,0,0.0704848766327,1
5,0,0.0638229846954,1
5,0,0.0692460536957,1
6,0,0.0689270496368,1
6,0,0.0649981498718,1
6,0,0.0670540332794,1
6,0,0.0664079189301,1
6,0,0.0662429332733,1
6,0,0.067125082016,1
6,0,0.0705418586731,1
6,0,0.064857006073,1
6,0,0.0687940120697,1
6,0,0.0686790943146,1
7,0,0.0668110847473,1
7,0,0.0646669864655,1
7,0,0.0751049518585,1
7,0,0.0697441101074,1
7,0,0.0690608024597,1
7,0,0.0700571537018,1
7,0,0.0751760005951,1
7,0,0.0679121017456,1
7,0,0.0642039775848,1
7,0,0.0690331459045,1
8,0,0.0684459209442,1
8,0,0.0674741268158,1
8,0,0.0707881450653,1
8,0,0.06658411026,1
8,0,0.0690360069275,1
8,0,0.066239118576,1
8,0,0.0724909305573,1
8,0,0.0669589042664,1
8,0,0.069972038269,1
8,0,0.0706601142883,1
9,0,0.0658988952637,1
9,0,0.0661110877991,1
9,0,0.0669178962708,1
9,0,0.0705769062042,1
9,0,0.0723240375519,1
9,0,0.0664281845093,1
9,0,0.0691361427307,1
9,0,0.0688321590424,1
9,0,0.0629608631134,1
9,0,0.06822514534,1
10,0,0.0736930370331,1
10,0,0.0725390911102,1
10,0,0.0782427787781,1
10,0,0.0733568668365,1
10,0,0.0773379802704,1
10,0,0.0778539180756,1
10,0,0.0709629058838,1
10,0,0.0733811855316,1
10,0,0.0745499134064,1
10,0,0.0778660774231,1
11,0,0.0749039649963,1
11,0,0.0736589431763,1
11,0,0.0771028995514,1
11,0,0.0776131153107,1
11,0,0.0755770206451,1
11,0,0.0764410495758,1
11,0,0.0710999965668,1
11,0,0.0748529434204,1
11,0,0.0693480968475,1
11,0,0.0751678943634,1
12,0,0.0735731124878,1
12,0,0.094456911087,1
12,0,0.0921261310577,1
12,0,0.0944800376892,1
12,0,0.0836400985718,1
12,0,0.0819139480591,1
12,0,0.0703949928284,1
12,0,0.0766580104828,1
12,0,0.073657989502,1
12,0,0.0829420089722,1
13,0,0.0777881145477,1
13,0,0.0765719413757,1
13,0,0.0769920349121,1
13,0,0.0761740207672,1
13,0,0.0813918113708,1
13,0,0.0843670368195,1
13,0,0.0777668952942,1
13,0,0.0899510383606,1
13,0,0.0869579315186,1
13,0,0.0851540565491,1
14,0,0.0979459285736,1
14,0,0.0865890979767,1
14,0,0.108821868896,1
14,0,0.0861029624939,1
14,0,0.0788369178772,1
14,0,0.0839700698853,1
14,0,0.0754308700562,1
14,0,0.0786302089691,1
14,0,0.0764548778534,1
14,0,0.0767059326172,1
15,0,0.0785520076752,1
15,0,0.081004858017,1
15,0,0.0843198299408,1
15,0,0.0892519950867,1
15,0,0.0840489864349,1
15,0,0.085765838623,1
15,0,0.081524848938,1
15,0,0.0822238922119,1
15,0,0.0812549591064,1
15,0,0.0808191299438,1
16,0,0.0806708335876,1
16,0,0.0838279724121,1
16,0,0.086012840271,1
16,0,0.0874519348145,1
16,0,0.0813539028168,1
16,0,0.0836501121521,1
16,0,0.0889070034027,1
16,0,0.0898470878601,1
16,0,0.0837318897247,1
16,0,0.0835540294647,1
17,0,0.0798258781433,1
17,0,0.0823359489441,1
17,0,0.0902512073517,1
17,0,0.0839471817017,1
17,0,0.0825428962708,1
17,0,0.0866041183472,1
17,0,0.0902378559113,1
17,0,0.0859348773956,1
17,0,0.0842561721802,1
17,0,0.0834469795227,1
18,0,0.0809419155121,1
18,0,0.085018157959,1
18,0,0.0907638072968,1
18,0,0.0902450084686,1
18,0,0.0834679603577,1
18,0,0.0826699733734,1
18,0,0.0833678245544,1
18,0,0.0847020149231,1
18,0,0.0953869819641,1
18,0,0.0908491611481,1
19,0,0.0787510871887,1
19,0,0.080472946167,1
19,0,0.0868330001831,1
19,0,0.0839900970459,1
19,0,0.0784800052643,1
19,0,0.0833480358124,1
19,0,0.0853810310364,1
19,0,0.0838968753815,1
19,0,0.0910310745239,1
19,0,0.0830388069153,1
20,0,0.0836689472198,1
20,0,0.0900549888611,1
20,0,0.0844261646271,1
20,0,0.0877089500427,1
20,0,0.0899591445923,1
20,0,0.0933468341827,1
20,0,0.0979030132294,1
20,0,0.0880229473114,1
20,0,0.0885260105133,1
20,0,0.0863010883331,1
21,0,0.0845940113068,1
21,0,0.0942480564117,1
21,0,0.0831911563873,1
21,0,0.0892519950867,1
21,0,0.096403837204,1
21,0,0.0946388244629,1
21,0,0.0992290973663,1
21,0,0.0903840065002,1
21,0,0.0911498069763,1
21,0,0.088858127594,1
22,0,0.0861082077026,1
22,0,0.0902190208435,1
22,0,0.0855507850647,1
22,0,0.0835149288177,1
22,0,0.0919971466064,1
22,0,0.0917069911957,1
22,0,0.0927019119263,1
22,0,0.0767889022827,1
22,0,0.0857610702515,1
22,0,0.0789580345154,1
23,0,0.0794990062714,1
23,0,0.0867419242859,1
23,0,0.0794789791107,1
23,0,0.0795879364014,1
23,0,0.0841400623322,1
23,0,0.0840711593628,1
23,0,0.0829222202301,1
23,0,0.0789320468903,1
23,0,0.0838520526886,1
23,0,0.0773298740387,1
24,0,0.079174041748,1
24,0,0.0900521278381,1
24,0,0.080974817276,1
24,0,0.0786440372467,1
24,0,0.0919921398163,1
24,0,0.0888500213623,1
24,0,0.0850830078125,1
24,0,0.0782291889191,1
24,0,0.0809259414673,1
24,0,0.0773458480835,1
25,0,0.0875790119171,1
25,0,0.0909109115601,1
25,0,0.0946261882782,1
25,0,0.0813481807709,1
25,0,0.0851600170135,1
25,0,0.0923120975494,1
25,0,0.092404127121,1
25,0,0.0954868793488,1
25,0,0.0924799442291,1
25,0,0.0932459831238,1
26,0,0.0942599773407,1
26,0,0.0945091247559,1
26,0,0.0956909656525,1
26,0,0.0892732143402,1
26,0,0.0838360786438,1
26,0,0.0914430618286,1
26,0,0.093841791153,1
26,0,0.0872669219971,1
26,0,0.0936651229858,1
26,0,0.0951950550079,1
27,0,0.100835084915,1
27,0,0.0998470783234,1
27,0,0.0979151725769,1
27,0,0.0933048725128,1
27,0,0.0910270214081,1
27,0,0.0998251438141,1
27,0,0.0986981391907,1
27,0,0.0981109142303,1
27,0,0.0997657775879,1
27,0,0.0995390415192,1
28,0,0.101907014847,1
28,0,0.103522062302,1
28,0,0.101748943329,1
28,0,0.0901861190796,1
28,0,0.0917580127716,1
28,0,0.0983231067657,1
28,0,0.0972790718079,1
28,0,0.0974900722504,1
28,0,0.0969588756561,1
28,0,0.0999281406403,1
29,0,0.106421947479,1
29,0,0.101017951965,1
29,0,0.101927995682,1
29,0,0.0881290435791,1
29,0,0.0932929515839,1
29,0,0.101166963577,1
29,0,0.0962100028992,1
29,0,0.0958921909332,1
29,0,0.101042985916,1
29,0,0.103291034698,1
30,0,0.104463100433,1
30,0,0.104530096054,1
30,0,0.106648206711,1
30,0,0.0954270362854,1
30,0,0.108680963516,1
30,0,0.0999920368195,1
30,0,0.0998039245605,1
30,0,0.0991580486298,1
30,0,0.105348825455,1
30,0,0.101927042007,1
31,0,0.112550020218,1
31,0,0.10666513443,1
31,0,0.122437000275,1
31,0,0.110158920288,1
31,0,0.111139774323,1
31,0,0.107208013535,1
31,0,0.101607084274,1
31,0,0.105011940002,1
31,0,0.10845208168,1
31,0,0.0946600437164,1
32,0,0.109303951263,1
32,0,0.105419874191,1
32,0,0.109628915787,1
32,0,0.0966579914093,1
32,0,0.121865987778,1
32,0,0.106600999832,1
32,0,0.107626914978,1
32,0,0.10626077652,1
32,0,0.109961986542,1
32,0,0.0977940559387,1
33,0,0.110702037811,1
33,0,0.108767032623,1
33,0,0.115136861801,1
33,0,0.098571062088,1
33,0,0.117148160934,1
33,0,0.0991048812866,1
33,0,0.0976800918579,1
33,0,0.0989100933075,1
33,0,0.107362031937,1
33,0,0.0992240905762,1
34,0,0.110193014145,1
34,0,0.106258153915,1
34,0,0.112430095673,1
34,0,0.105969905853,1
34,0,0.114174127579,1
34,0,0.101445913315,1
34,0,0.0988230705261,1
34,0,0.104204893112,1
34,0,0.110495090485,1
34,0,0.102832078934,1
35,0,0.104079961777,1
35,0,0.103066921234,1
35,0,0.114528179169,1
35,0,0.114377975464,1
35,0,0.115069150925,1
35,0,0.101539134979,1
35,0,0.115467071533,1
35,0,0.111795186996,1
35,0,0.108748912811,1
35,0,0.1061398983,1
36,0,0.105190992355,1
36,0,0.104406833649,1
36,0,0.12110710144,1
36,0,0.116060972214,1
36,0,0.115618944168,1
36,0,0.105341911316,1
36,0,0.121369123459,1
36,0,0.113013982773,1
36,0,0.11120891571,1
36,0,0.108165025711,1
37,0,0.106435060501,1
37,0,0.104843854904,1
37,0,0.118391990662,1
37,0,0.113290786743,1
37,0,0.111093044281,1
37,0,0.120282888412,1
37,0,0.123076915741,1
37,0,0.113932132721,1
37,0,0.104563951492,1
37,0,0.103585958481,1
38,0,0.10391998291,1
38,0,0.102797031403,1
38,0,0.116595983505,1
38,0,0.117150068283,1
38,0,0.118720054626,1
38,0,0.109021902084,1
38,0,0.119433164597,1
38,0,0.101475000381,1
38,0,0.104856967926,1
38,0,0.103310823441,1
39,0,0.103465080261,1
39,0,0.107043027878,1
39,0,0.120507955551,1
39,0,0.118014812469,1
39,0,0.120223999023,1
39,0,0.1126101017,1
39,0,0.117614030838,1
39,0,0.103599071503,1
39,0,0.103836774826,1
39,0,0.106053829193,1
40,0,0.109951972961,1
40,0,0.127560853958,1
40,0,0.124284029007,1
40,0,0.120851039886,1
40,0,0.113084077835,1
40,0,0.11062002182,1
40,0,0.120097160339,1
40,0,0.132954835892,1
40,0,0.132467985153,1
40,0,0.127158880234,1
41,0,0.112464904785,1
41,0,0.127290964127,1
41,0,0.127479076385,1
41,0,0.123836994171,1
41,0,0.108490943909,1
41,0,0.127264976501,1
41,0,0.127500772476,1
41,0,0.124584913254,1
41,0,0.118974924088,1
41,0,0.130738973618,1
42,0,0.121657133102,1
42,0,0.138606071472,1
42,0,0.125548839569,1
42,0,0.130831956863,1
42,0,0.114446163177,1
42,0,0.115626096725,1
42,0,0.124742984772,1
42,0,0.123491048813,1
42,0,0.118536949158,1
42,0,0.131953001022,1
43,0,0.113317966461,1
43,0,0.133893013,1
43,0,0.125424146652,1
43,0,0.135641098022,1
43,0,0.110059022903,1
43,0,0.115429162979,1
43,0,0.126533985138,1
43,0,0.124480009079,1
43,0,0.12354683876,1
43,0,0.13855099678,1
44,0,0.113283872604,1
44,0,0.129671812057,1
44,0,0.124733924866,1
44,0,0.119204044342,1
44,0,0.109957933426,1
44,0,0.107992172241,1
44,0,0.123630046844,1
44,0,0.124981164932,1
44,0,0.13053393364,1
44,0,0.133696079254,1
45,0,0.121417045593,1
45,0,0.125048875809,1
45,0,0.119412899017,1
45,0,0.139328956604,1
45,0,0.119333028793,1
45,0,0.116239070892,1
45,0,0.131477117538,1
45,0,0.117439031601,1
45,0,0.140993833542,1
45,0,0.129973173141,1
46,0,0.118659973145,1
46,0,0.125560045242,1
46,0,0.11541390419,1
46,0,0.140879154205,1
46,0,0.118680000305,1
46,0,0.119937896729,1
46,0,0.127270936966,1
46,0,0.127887964249,1
46,0,0.130821943283,1
46,0,0.136234045029,1
47,0,0.119788885117,1
47,0,0.124117136002,1
47,0,0.117249011993,1
47,0,0.132994890213,1
47,0,0.118959188461,1
47,0,0.123699903488,1
47,0,0.139976978302,1
47,0,0.117943048477,1
47,0,0.129420042038,1
47,0,0.127272129059,1
48,0,0.117157936096,1
48,0,0.117515087128,1
48,0,0.115421056747,1
48,0,0.142398834229,1
48,0,0.120565891266,1
48,0,0.124809026718,1
48,0,0.129922151566,1
48,0,0.11566901207,1
48,0,0.128937005997,1
48,0,0.131675958633,1
49,0,0.119369029999,1
49,0,0.126758098602,1
49,0,0.124745845795,1
49,0,0.144330024719,1
49,0,0.121572971344,1
49,0,0.117361068726,1
49,0,0.138351917267,1
49,0,0.119277000427,1
49,0,0.133814811707,1
49,0,0.143094062805,1
50,0,0.125959157944,1
50,0,0.127658128738,1
50,0,0.138454914093,1
50,0,0.147772073746,1
50,0,0.149857997894,1
50,0,0.13169503212,1
50,0,0.127375125885,1
50,0,0.126358032227,1
50,0,0.128603935242,1
50,0,0.124488115311,1
51,0,0.125524997711,1
51,0,0.125686883926,1
51,0,0.148863077164,1
51,0,0.139120101929,1
51,0,0.138782978058,1
51,0,0.122328996658,1
51,0,0.122011899948,1
51,0,0.124607086182,1
51,0,0.134916782379,1
51,0,0.129001140594,1
52,0,0.128566026688,1
52,0,0.124264955521,1
52,0,0.142765045166,1
52,0,0.141194105148,1
52,0,0.143764972687,1
52,0,0.137210130692,1
52,0,0.133589982986,1
52,0,0.130602121353,1
52,0,0.127737045288,1
52,0,0.126588106155,1
53,0,0.127454996109,1
53,0,0.122909069061,1
53,0,0.143654823303,1
53,0,0.143029928207,1
53,0,0.146612882614,1
53,0,0.125696897507,1
53,0,0.124572992325,1
53,0,0.12359213829,1
53,0,0.126306056976,1
53,0,0.12509894371,1
54,0,0.126806020737,1
54,0,0.130579948425,1
54,0,0.148975849152,1
54,0,0.146344900131,1
54,0,0.136390924454,1
54,0,0.123967885971,1
54,0,0.126492977142,1
54,0,0.128268003464,1
54,0,0.135480165482,1
54,0,0.137850999832,1
55,0,0.165602207184,1
55,0,0.146520137787,1
55,0,0.163691043854,1
55,0,0.140261888504,1
55,0,0.136740922928,1
55,0,0.134572029114,1
55,0,0.154997110367,1
55,0,0.151061058044,1
55,0,0.15110206604,1
55,0,0.143954992294,1
56,0,0.155185937881,1
56,0,0.141586065292,1
56,0,0.166017055511,1
56,0,0.134413957596,1
56,0,0.133371829987,1
56,0,0.145874977112,1
56,0,0.155779838562,1
56,0,0.152047157288,1
56,0,0.150603055954,1
56,0,0.135828971863,1
57,0,0.151598930359,1
57,0,0.146399021149,1
57,0,0.172945976257,1
57,0,0.139868021011,1
57,0,0.137496948242,1
57,0,0.136522054672,1
57,0,0.158524990082,1
57,0,0.153159141541,1
57,0,0.169457912445,1
57,0,0.148921012878,1
58,0,0.156523942947,1
58,0,0.141320943832,1
58,0,0.158032894135,1
58,0,0.138164997101,1
58,0,0.134083032608,1
58,0,0.143517971039,1
58,0,0.161429166794,1
58,0,0.157348871231,1
58,0,0.154590129852,1
58,0,0.140732049942,1
59,0,0.158737897873,1
59,0,0.139465093613,1
59,0,0.156001806259,1
59,0,0.145101070404,1
59,0,0.13524389267,1
59,0,0.139247179031,1
59,0,0.158221006393,1
59,0,0.162117004395,1
59,0,0.158134937286,1
59,0,0.143857002258,1
60,0,0.154502868652,1
60,0,0.14860200882,1
60,0,0.148237943649,1
60,0,0.149258136749,1
60,0,0.162894964218,1
60,0,0.170436143875,1
60,0,0.165183067322,1
60,0,0.142585992813,1
60,0,0.147459983826,1
60,0,0.165924072266,1
61,0,0.143601894379,1
61,0,0.13826084137,1
61,0,0.146119117737,1
61,0,0.14866900444,1
61,0,0.16522192955,1
61,0,0.16220998764,1
61,0,0.160958051682,1
61,0,0.14444899559,1
61,0,0.140717983246,1
61,0,0.157377958298,1
62,0,0.141004800797,1
62,0,0.147641897202,1
62,0,0.147275924683,1
62,0,0.147624015808,1
62,0,0.163258075714,1
62,0,0.159065008163,1
62,0,0.15478181839,1
62,0,0.141657114029,1
62,0,0.151314020157,1
62,0,0.152513027191,1
63,0,0.126886129379,1
63,0,0.128423929214,1
63,0,0.131721019745,1
63,0,0.138296127319,1
63,0,0.158155918121,1
63,0,0.154510974884,1
63,0,0.149574995041,1
63,0,0.133301019669,1
63,0,0.134931087494,1
63,0,0.21288895607,1
64,0,0.169663906097,1
64,0,0.15128993988,1
64,0,0.137895822525,1
64,0,0.150971889496,1
64,0,0.164030075073,1
64,0,0.160618066788,1
64,0,0.155055046082,1
64,0,0.151031017303,1
64,0,0.141966819763,1
64,0,0.160743951797,1
65,0,0.139665126801,1
65,0,0.183856964111,1
65,0,0.149507045746,1
65,0,0.170006036758,1
65,0,0.162341117859,1
65,0,0.179049968719,1
65,0,0.150220155716,1
65,0,0.170654058456,1
65,0,0.170361995697,1
65,0,0.171666145325,1
66,0,0.140970945358,1
66,0,0.172595024109,1
66,0,0.148016929626,1
66,0,0.194466114044,1
66,0,0.190948963165,1
66,0,0.193879127502,1
66,0,0.147071838379,1
66,0,0.184252023697,1
66,0,0.172735929489,1
66,0,0.171993970871,1
67,0,0.151298999786,1
67,0,0.176101922989,1
67,0,0.150549888611,1
67,0,0.176717996597,1
67,0,0.166378974915,1
67,0,0.178222894669,1
67,0,0.149214029312,1
67,0,0.172832965851,1
67,0,0.165515899658,1
67,0,0.176385879517,1
68,0,0.146358966827,1
68,0,0.180737018585,1
68,0,0.148334026337,1
68,0,0.173377037048,1
68,0,0.176787137985,1
68,0,0.177110910416,1
68,0,0.159929037094,1
68,0,0.174460172653,1
68,0,0.169409990311,1
68,0,0.161984920502,1
69,0,0.146985054016,1
69,0,0.18232011795,1
69,0,0.156488895416,1
69,0,0.176218032837,1
69,0,0.17253613472,1
69,0,0.175347089767,1
69,0,0.140815973282,1
69,0,0.171548128128,1
69,0,0.172337055206,1
69,0,0.172154188156,1
70,0,0.147714853287,1
70,0,0.156659841537,1
70,0,0.189137935638,1
70,0,0.179233074188,1
70,0,0.180452108383,1
70,0,0.172984838486,1
70,0,0.145838022232,1
70,0,0.161880970001,1
70,0,0.177483081818,1
70,0,0.156581163406,1
71,0,0.152163982391,1
71,0,0.150640010834,1
71,0,0.182476043701,1
71,0,0.191048145294,1
71,0,0.188575029373,1
71,0,0.173085927963,1
71,0,0.145008802414,1
71,0,0.141206979752,1
71,0,0.172861099243,1
71,0,0.146922826767,1
72,0,0.144902944565,1
72,0,0.140872001648,1
72,0,0.182965993881,1
72,0,0.178607940674,1
72,0,0.176781892776,1
72,0,0.17280292511,1
72,0,0.147313117981,1
72,0,0.151973009109,1
72,0,0.171519041061,1
72,0,0.141233921051,1
73,0,0.145865917206,1
73,0,0.147570133209,1
73,0,0.17755317688,1
73,0,0.175353050232,1
73,0,0.180047035217,1
73,0,0.165904045105,1
73,0,0.138961076736,1
73,0,0.148654937744,1
73,0,0.168334960938,1
73,0,0.139703989029,1
74,0,0.146287918091,1
74,0,0.138772010803,1
74,0,0.169649839401,1
74,0,0.168560028076,1
74,0,0.171162843704,1
74,0,0.172268867493,1
74,0,0.146777868271,1
74,0,0.145498991013,1
74,0,0.176180124283,1
74,0,0.148439884186,1
75,0,0.159708976746,1
75,0,0.153955221176,1
75,0,0.187835931778,1
75,0,0.194265127182,1
75,0,0.155637025833,1
75,0,0.182506084442,1
75,0,0.157193183899,1
75,0,0.182779073715,1
75,0,0.183679819107,1
75,0,0.201354980469,1
76,0,0.156529188156,1
76,0,0.15594792366,1
76,0,0.193847894669,1
76,0,0.190351963043,1
76,0,0.154295921326,1
76,0,0.186278104782,1
76,0,0.158728122711,1
76,0,0.178199768066,1
76,0,0.176868915558,1
76,0,0.19767999649,1
77,0,0.162562131882,1
77,0,0.171194076538,1
77,0,0.189929962158,1
77,0,0.183460950851,1
77,0,0.151110172272,1
77,0,0.182378768921,1
77,0,0.170135974884,1
77,0,0.191009044647,1
77,0,0.192125082016,1
77,0,0.189191818237,1
78,0,0.157299041748,1
78,0,0.158306837082,1
78,0,0.198343038559,1
78,0,0.179114103317,1
78,0,0.15534901619,1
78,0,0.177908182144,1
78,0,0.152257919312,1
78,0,0.197638034821,1
78,0,0.180107116699,1
78,0,0.190155982971,1
79,0,0.154943943024,1
79,0,0.154450893402,1
79,0,0.187196016312,1
79,0,0.189262866974,1
79,0,0.165410995483,1
79,0,0.182760000229,1
79,0,0.15715098381,1
79,0,0.184237957001,1
79,0,0.194289922714,1
79,0,0.202604055405,1
80,0,0.206295013428,1
80,0,0.200428009033,1
80,0,0.170614004135,1
80,0,0.19450879097,1
80,0,0.215915203094,1
80,0,0.202450037003,1
80,0,0.202701091766,1
80,0,0.175316810608,1
80,0,0.170480966568,1
80,0,0.208682060242,1
81,0,0.207056999207,1
81,0,0.198750019073,1
81,0,0.174597978592,1
81,0,0.205766916275,1
81,0,0.204267978668,1
81,0,0.207556962967,1
81,0,0.214120864868,1
81,0,0.174523830414,1
81,0,0.168342828751,1
81,0,0.200124979019,1
82,0,0.199991941452,1
82,0,0.202615976334,1
82,0,0.172120094299,1
82,0,0.198923110962,1
82,0,0.197695970535,1
82,0,0.204915046692,1
82,0,0.201076030731,1
82,0,0.173677921295,1
82,0,0.178545951843,1
82,0,0.188383102417,1
83,0,0.187683105469,1
83,0,0.18649315834,1
83,0,0.168103933334,1
83,0,0.222944021225,1
83,0,0.213929891586,1
83,0,0.20392203331,1
83,0,0.199666976929,1
83,0,0.166378974915,1
83,0,0.169236898422,1
83,0,0.262495994568,1
84,0,0.186237096786,1
84,0,0.191854000092,1
84,0,0.168612957001,1
84,0,0.202166080475,1
84,0,0.200260162354,1
84,0,0.199681997299,1
84,0,0.199297904968,1
84,0,0.20188498497,1
84,0,0.168142080307,1
84,0,0.205757856369,1
85,0,0.181166172028,1
85,0,0.211831092834,1
85,0,0.207553863525,1
85,0,0.168694019318,1
85,0,0.218183040619,1
85,0,0.180804014206,1
85,0,0.221404075623,1
85,0,0.171123027802,1
85,0,0.200680971146,1
85,0,0.170896053314,1
86,0,0.181216955185,1
86,0,0.213026046753,1
86,0,0.205132961273,1
86,0,0.1763651371,1
86,0,0.211069107056,1
86,0,0.180261850357,1
86,0,0.220418930054,1
86,0,0.179478883743,1
86,0,0.20280790329,1
86,0,0.172241926193,1
87,0,0.184798002243,1
87,0,0.203740119934,1
87,0,0.201362133026,1
87,0,0.17151594162,1
87,0,0.21996307373,1
87,0,0.191931009293,1
87,0,0.231901168823,1
87,0,0.172549962997,1
87,0,0.201696872711,1
87,0,0.167365074158,1
88,0,0.167331933975,1
88,0,0.211970090866,1
88,0,0.200353860855,1
88,0,0.168398857117,1
88,0,0.208946943283,1
88,0,0.170295953751,1
88,0,0.22207903862,1
88,0,0.176560163498,1
88,0,0.206465005875,1
88,0,0.165278911591,1
89,0,0.165223836899,1
89,0,0.219633102417,1
89,0,0.205436944962,1
89,0,0.168226003647,1
89,0,0.213924884796,1
89,0,0.172281980515,1
89,0,0.219636201859,1
89,0,0.170371055603,1
89,0,0.20534992218,1
89,0,0.178459882736,1
90,0,0.222740888596,1
90,0,0.177315950394,1
90,0,0.213817119598,1
90,0,0.249039173126,1
90,0,0.228073120117,1
90,0,0.228041887283,1
90,0,0.204113006592,1
90,0,0.176892995834,1
90,0,0.179970979691,1
90,0,0.176687955856,1
91,0,0.225157022476,1
91,0,0.178431987762,1
91,0,0.209927082062,1
91,0,0.237020969391,1
91,0,0.237763881683,1
91,0,0.226408004761,1
91,0,0.20956492424,1
91,0,0.177538156509,1
91,0,0.191764116287,1
91,0,0.180912971497,1
92,0,0.223378896713,1
92,0,0.18048787117,1
92,0,0.248205900192,1
92,0,0.240830898285,1
92,0,0.234026908875,1
92,0,0.221081018448,1
92,0,0.204763889313,1
92,0,0.161651849747,1
92,0,0.174190998077,1
92,0,0.17161989212,1
93,0,0.213984966278,1
93,0,0.1672270298,1
93,0,0.201934814453,1
93,0,0.208431959152,1
93,0,0.211503982544,1
93,0,0.209408044815,1
93,0,0.19721198082,1
93,0,0.175411939621,1
93,0,0.178481817245,1
93,0,0.176435232162,1
94,0,0.222879886627,1
94,0,0.172503948212,1
94,0,0.213413953781,1
94,0,0.233289003372,1
94,0,0.230431079865,1
94,0,0.219533920288,1
94,0,0.201376914978,1
94,0,0.182986974716,1
94,0,0.185937166214,1
94,0,0.175607919693,1
95,0,0.226879835129,1
95,0,0.228982925415,1
95,0,0.230564117432,1
95,0,0.188024997711,1
95,0,0.218919992447,1
95,0,0.226058959961,1
95,0,0.237758874893,1
95,0,0.235513925552,1
95,0,0.229913949966,1
95,0,0.216676950455,1
96,0,0.234045982361,1
96,0,0.222548961639,1
96,0,0.224958896637,1
96,0,0.204293012619,1
96,0,0.252247810364,1
96,0,0.266966104507,1
96,0,0.236518144608,1
96,0,0.257323026657,1
96,0,0.224294900894,1
96,0,0.227424860001,1
97,0,0.213083028793,1
97,0,0.213315010071,1
97,0,0.229065895081,1
97,0,0.183995008469,1
97,0,0.224582910538,1
97,0,0.215945005417,1
97,0,0.234241008759,1
97,0,0.219701051712,1
97,0,0.21796298027,1
97,0,0.221654891968,1
98,0,0.223474979401,1
98,0,0.221181869507,1
98,0,0.225177764893,1
98,0,0.18388915062,1
98,0,0.218888044357,1
98,0,0.240417003632,1
98,0,0.235110998154,1
98,0,0.217885017395,1
98,0,0.214437007904,1
98,0,0.223129987717,1
99,0,0.217732191086,1
99,0,0.226125955582,1
99,0,0.230405092239,1
99,0,0.186143875122,1
99,0,0.232932806015,1
99,0,0.225274085999,1
99,0,0.229714870453,1
99,0,0.222707033157,1
99,0,0.211303949356,1
99,0,0.231202840805,1
100,0,0.18682384491,1
100,0,0.248114109039,1
100,0,0.240963935852,1
100,0,0.192182064056,1
100,0,0.184695959091,1
100,0,0.191097974777,1
100,0,0.225628852844,1
100,0,0.188522100449,1
100,0,0.188901901245,1
100,0,0.194659948349,1
101,0,0.192202091217,1
101,0,0.236670970917,1
101,0,0.250388860703,1
101,0,0.189575910568,1
101,0,0.186175823212,1
101,0,0.188486814499,1
101,0,0.238166093826,1
101,0,0.184547901154,1
101,0,0.188291072845,1
101,0,0.185507059097,1
102,0,0.191867113113,1
102,0,0.233736991882,1
102,0,0.237206935883,1
102,0,0.18784403801,1
102,0,0.189496040344,1
