0,0,0.0536060333252,1
0,0,0.0513639450073,1
0,0,0.0526061058044,1
0,0,0.051687002182,1
0,0,0.0521478652954,1
0,0,0.0514600276947,1
0,0,0.0515789985657,1
0,0,0.0507299900055,1
0,0,0.052188873291,1
0,0,0.0520119667053,1
1,0,0.0561089515686,1
1,0,0.0549290180206,1
1,0,0.0551960468292,1
1,0,0.0589988231659,1
1,0,0.0568239688873,1
1,0,0.0560100078583,1
1,0,0.0562620162964,1
1,0,0.0634210109711,1
1,0,0.0593221187592,1
1,0,0.0571520328522,1
2,0,0.0560810565948,1
2,0,0.061506986618,1
2,0,0.061304807663,1
2,0,0.0619058609009,1
2,0,0.0584650039673,1
2,0,0.0565350055695,1
2,0,0.0553030967712,1
2,0,0.0573060512543,1
2,0,0.0559179782867,1
2,0,0.0552389621735,1
3,0,0.055789232254,1
3,0,0.069571018219,1
3,0,0.0694279670715,1
3,0,0.0707528591156,1
3,0,0.0632269382477,1
3,0,0.0684900283813,1
3,0,0.0739419460297,1
3,0,0.0821738243103,1
3,0,0.0624511241913,1
3,0,0.0573379993439,1
4,0,0.0602459907532,1
4,0,0.058552980423,1
4,0,0.0593781471252,1
4,0,0.0602321624756,1
4,0,0.0571241378784,1
4,0,0.0594708919525,1
4,0,0.060998916626,1
4,0,0.0609610080719,1
4,0,0.060084104538,1
4,0,0.0598449707031,1
5,0,0.0652852058411,1
5,0,0.0699920654297,1
5,0,0.0661470890045,1
5,0,0.0635180473328,1
5,0,0.0648691654205,1
5,0,0.0640909671783,1
5,0,0.0652320384979,1
5,0,0.0695779323578,1
5,0,0.0713350772858,1
5,0,0.0646879673004,1
6,0,0.0689961910248,1
6,0,0.0675110816956,1
6,0,0.0724868774414,1
6,0,0.0676531791687,1
6,0,0.0675361156464,1
6,0,0.0644218921661,1
6,0,0.0648708343506,1
6,0,0.0675899982452,1
6,0,0.0670280456543,1
6,0,0.0648307800293,1
7,0,0.0640370845795,1
7,0,0.0646212100983,1
7,0,0.0668408870697,1
7,0,0.0741469860077,1
7,0,0.0655679702759,1
7,0,0.070004940033,1
7,0,0.071989774704,1
7,0,0.0706560611725,1
7,0,0.0684590339661,1
7,0,0.0662059783936,1
8,0,0.0637249946594,1
8,0,0.0658259391785,1
8,0,0.0680658817291,1
8,0,0.0704789161682,1
8,0,0.0664658546448,1
8,0,0.068451166153,1
8,0,0.0709829330444,1
8,0,0.0747969150543,1
8,0,0.071968793869,1
8,0,0.0708401203156,1
9,0,0.0726389884949,1
9,0,0.0667500495911,1
9,0,0.0707969665527,1
9,0,0.0692410469055,1
9,0,0.0710020065308,1
9,0,0.0693089962006,1
9,0,0.0660929679871,1
9,0,0.0688610076904,1
9,0,0.0662729740143,1
9,0,0.0663089752197,1
10,0,0.0794880390167,1
10,0,0.0711209774017,1
10,0,0.0703418254852,1
10,0,0.0709319114685,1
10,0,0.0711221694946,1
10,0,0.0763580799103,1
10,0,0.0732319355011,1
10,0,0.0752329826355,1
10,0,0.0756959915161,1
10,0,0.0747308731079,1
11,0,0.0832018852234,1
11,0,0.0748770236969,1
11,0,0.0701439380646,1
11,0,0.072144985199,1
11,0,0.0744571685791,1
11,0,0.0755920410156,1
11,0,0.0722379684448,1
11,0,0.0754191875458,1
11,0,0.0743210315704,1
11,0,0.0739259719849,1
12,0,0.0818378925323,1
12,0,0.0736050605774,1
12,0,0.0757410526276,1
12,0,0.0888061523438,1
12,0,0.0826809406281,1
12,0,0.0774281024933,1
12,0,0.075779914856,1
12,0,0.0817291736603,1
12,0,0.0759718418121,1
12,0,0.0779850482941,1
13,0,0.0826878547668,1
13,0,0.073961019516,1
13,0,0.0718750953674,1
13,0,0.074599981308,1
13,0,0.0755858421326,1
13,0,0.085070848465,1
13,0,0.0776770114899,1
13,0,0.0807511806488,1
13,0,0.0720629692078,1
13,0,0.0791988372803,1
14,0,0.0953459739685,1
14,0,0.0872609615326,1
14,0,0.0743310451508,1
14,0,0.0759859085083,1
14,0,0.0750651359558,1
14,0,0.0832488536835,1
14,0,0.0769970417023,1
14,0,0.0790379047394,1
14,0,0.0774431228638,1
14,0,0.0781269073486,1
15,0,0.0818049907684,1
15,0,0.0843019485474,1
15,0,0.0869832038879,1
15,0,0.077073097229,1
15,0,0.0818390846252,1
15,0,0.0812590122223,1
15,0,0.0814278125763,1
15,0,0.0839560031891,1
15,0,0.0792801380157,1
15,0,0.0816431045532,1
16,0,0.0834147930145,1
16,0,0.0794379711151,1
16,0,0.0814790725708,1
16,0,0.0850939750671,1
16,0,0.0869061946869,1
16,0,0.085874080658,1
16,0,0.0837569236755,1
16,0,0.0809969902039,1
16,0,0.0854189395905,1
16,0,0.084804058075,1
17,0,0.086277961731,1
17,0,0.0832998752594,1
17,0,0.0823650360107,1
17,0,0.0761618614197,1
17,0,0.0822479724884,1
17,0,0.0820980072021,1
17,0,0.0764989852905,1
17,0,0.080090045929,1
17,0,0.0772800445557,1
17,0,0.076740026474,1
18,0,0.0874569416046,1
18,0,0.0858690738678,1
18,0,0.0921490192413,1
18,0,0.0806341171265,1
18,0,0.0829999446869,1
18,0,0.0833191871643,1
18,0,0.0799458026886,1
18,0,0.0804619789124,1
18,0,0.0785419940948,1
18,0,0.0787758827209,1
19,0,0.0841841697693,1
19,0,0.0796840190887,1
19,0,0.0991201400757,1
19,0,0.0865859985352,1
19,0,0.0924599170685,1
19,0,0.085098028183,1
19,0,0.0780711174011,1
19,0,0.079206943512,1
19,0,0.0762770175934,1
19,0,0.0824189186096,1
20,0,0.0939159393311,1
20,0,0.0826060771942,1
20,0,0.0885429382324,1
20,0,0.0940918922424,1
20,0,0.0866811275482,1
20,0,0.0974099636078,1
20,0,0.0851089954376,1
20,0,0.0921449661255,1
20,0,0.0832090377808,1
20,0,0.0830509662628,1
21,0,0.0963671207428,1
21,0,0.0909700393677,1
21,0,0.0976679325104,1
21,0,0.0875949859619,1
21,0,0.0857379436493,1
21,0,0.0922541618347,1
21,0,0.0830240249634,1
21,0,0.088222026825,1
21,0,0.0827760696411,1
21,0,0.0825309753418,1
22,0,0.0975530147552,1
22,0,0.0888919830322,1
22,0,0.096018075943,1
22,0,0.0936889648438,1
22,0,0.0846428871155,1
22,0,0.0929350852966,1
22,0,0.0850698947906,1
22,0,0.100722789764,1
22,0,0.0882878303528,1
22,0,0.0836501121521,1
23,0,0.0933651924133,1
23,0,0.0854210853577,1
23,0,0.112882852554,1
23,0,0.0933508872986,1
23,0,0.0902500152588,1
23,0,0.0907959938049,1
23,0,0.0823831558228,1
23,0,0.093377828598,1
23,0,0.0861210823059,1
23,0,0.0889909267426,1
24,0,0.090961933136,1
24,0,0.0831429958344,1
24,0,0.0883529186249,1
24,0,0.0841372013092,1
24,0,0.0817658901215,1
24,0,0.0921449661255,1
24,0,0.0824429988861,1
24,0,0.0906009674072,1
24,0,0.0831611156464,1
24,0,0.0826389789581,1
25,0,0.0997140407562,1
25,0,0.0906088352203,1
25,0,0.104514122009,1
25,0,0.100919961929,1
25,0,0.101441860199,1
25,0,0.0929429531097,1
25,0,0.0911550521851,1
25,0,0.0901780128479,1
25,0,0.0984580516815,1
25,0,0.0974311828613,1
26,0,0.0916101932526,1
26,0,0.0907509326935,1
26,0,0.101724147797,1
26,0,0.106896877289,1
26,0,0.098751783371,1
26,0,0.0881819725037,1
26,0,0.0929918289185,1
26,0,0.0908858776093,1
26,0,0.0985970497131,1
26,0,0.0974650382996,1
27,0,0.0966830253601,1
27,0,0.0933887958527,1
27,0,0.104253053665,1
27,0,0.104295969009,1
27,0,0.0957250595093,1
27,0,0.0894999504089,1
27,0,0.0917069911957,1
27,0,0.0890960693359,1
27,0,0.0961220264435,1
27,0,0.0998709201813,1
28,0,0.0977220535278,1
28,0,0.0933730602264,1
28,0,0.105115890503,1
28,0,0.103986024857,1
28,0,0.100751876831,1
28,0,0.0867600440979,1
28,0,0.0917980670929,1
28,0,0.0896139144897,1
28,0,0.0972030162811,1
28,0,0.0998327732086,1
29,0,0.088791847229,1
29,0,0.112544059753,1
29,0,0.101108074188,1
29,0,0.0959560871124,1
29,0,0.0931549072266,1
29,0,0.0880250930786,1
29,0,0.0829219818115,1
29,0,0.0826508998871,1
29,0,0.0916941165924,1
29,0,0.0894589424133,1
30,0,0.0903367996216,1
30,0,0.109838962555,1
30,0,0.095342874527,1
30,0,0.106286048889,1
30,0,0.0921540260315,1
30,0,0.107113838196,1
30,0,0.1078748703,1
30,0,0.101010084152,1
30,0,0.109983205795,1
30,0,0.107618808746,1
31,0,0.096403837204,1
31,0,0.109031915665,1
31,0,0.095771074295,1
31,0,0.104686021805,1
31,0,0.0955309867859,1
31,0,0.105038881302,1
31,0,0.110663890839,1
31,0,0.102462053299,1
31,0,0.110388994217,1
31,0,0.107272863388,1
32,0,0.0974650382996,1
32,0,0.106691122055,1
32,0,0.0962460041046,1
32,0,0.10447883606,1
32,0,0.0986959934235,1
32,0,0.153498888016,1
32,0,0.133501052856,1
32,0,0.108575105667,1
32,0,0.111457109451,1
32,0,0.112683057785,1
33,0,0.0983619689941,1
33,0,0.109889984131,1
33,0,0.100378990173,1
33,0,0.103996038437,1
33,0,0.0968089103699,1
33,0,0.115068912506,1
33,0,0.11443901062,1
33,0,0.0989098548889,1
33,0,0.106560945511,1
33,0,0.111435890198,1
34,0,0.0946910381317,1
34,0,0.108268022537,1
34,0,0.09810090065,1
34,0,0.110034942627,1
34,0,0.102392911911,1
34,0,0.107792854309,1
34,0,0.111489057541,1
34,0,0.0980379581451,1
34,0,0.108129024506,1
34,0,0.110862016678,1
35,0,0.106346130371,1
35,0,0.123636960983,1
35,0,0.117524147034,1
35,0,0.102628946304,1
35,0,0.115606069565,1
35,0,0.11337018013,1
35,0,0.103308916092,1
35,0,0.114906072617,1
35,0,0.102989912033,1
35,0,0.111969947815,1
36,0,0.109432935715,1
36,0,0.122886896133,1
36,0,0.117565155029,1
36,0,0.114365100861,1
36,0,0.143104076385,1
36,0,0.149310827255,1
36,0,0.14289522171,1
36,0,0.129521131516,1
36,0,0.105015039444,1
36,0,0.11317896843,1
37,0,0.108786821365,1
37,0,0.114770889282,1
37,0,0.116021871567,1
37,0,0.10737490654,1
37,0,0.118462085724,1
37,0,0.121147871017,1
37,0,0.108855962753,1
37,0,0.119871854782,1
37,0,0.106362819672,1
37,0,0.103922128677,1
38,0,0.102827072144,1
38,0,0.116175174713,1
38,0,0.12046289444,1
38,0,0.105156898499,1
38,0,0.120245933533,1
38,0,0.12077999115,1
38,0,0.11061501503,1
38,0,0.117728948593,1
38,0,0.10179901123,1
38,0,0.103693008423,1
39,0,0.102907896042,1
39,0,0.117124080658,1
39,0,0.116363048553,1
39,0,0.110146999359,1
39,0,0.121728897095,1
39,0,0.117135047913,1
39,0,0.10687994957,1
39,0,0.113727092743,1
39,0,0.101179838181,1
39,0,0.102843999863,1
40,0,0.127827167511,1
40,0,0.125174999237,1
40,0,0.125912904739,1
40,0,0.121176958084,1
40,0,0.120877027512,1
40,0,0.12283706665,1
40,0,0.127945899963,1
40,0,0.116941928864,1
40,0,0.129122972488,1
40,0,0.109264135361,1
41,0,0.12219119072,1
41,0,0.124084949493,1
41,0,0.120007038116,1
41,0,0.117820978165,1
41,0,0.124112844467,1
41,0,0.134642124176,1
41,0,0.129628896713,1
41,0,0.113120079041,1
41,0,0.121219158173,1
41,0,0.108477830887,1
42,0,0.122815132141,1
42,0,0.123399019241,1
42,0,0.122797966003,1
42,0,0.119427919388,1
42,0,0.132265090942,1
42,0,0.133825063705,1
42,0,0.122011899948,1
42,0,0.110100984573,1
42,0,0.119080066681,1
42,0,0.112966060638,1
43,0,0.124850034714,1
43,0,0.131409168243,1
43,0,0.131490945816,1
43,0,0.129312992096,1
43,0,0.130048036575,1
43,0,0.130908966064,1
43,0,0.135640859604,1
43,0,0.116055965424,1
43,0,0.124974012375,1
43,0,0.116240978241,1
44,0,0.127655029297,1
44,0,0.132415056229,1
44,0,0.127789020538,1
44,0,0.120723009109,1
44,0,0.127927064896,1
44,0,0.126338005066,1
44,0,0.135944843292,1
44,0,0.110861063004,1
44,0,0.123052120209,1
44,0,0.107413053513,1
45,0,0.13546705246,1
45,0,0.145659923553,1
45,0,0.123358011246,1
45,0,0.123856067657,1
45,0,0.120069026947,1
45,0,0.115473985672,1
45,0,0.129924058914,1
45,0,0.125271081924,1
45,0,0.120221138,1
45,0,0.133746862411,1
46,0,0.134891986847,1
46,0,0.134548902512,1
46,0,0.125330924988,1
46,0,0.1258289814,1
46,0,0.119335174561,1
46,0,0.115643978119,1
46,0,0.131617069244,1
46,0,0.130213022232,1
46,0,0.119199991226,1
46,0,0.126319169998,1
47,0,0.138449907303,1
47,0,0.13631105423,1
47,0,0.121507883072,1
47,0,0.124032974243,1
47,0,0.127663850784,1
47,0,0.119168996811,1
47,0,0.135495185852,1
47,0,0.119047164917,1
47,0,0.115653038025,1
47,0,0.117338895798,1
48,0,0.13210606575,1
48,0,0.139465808868,1
48,0,0.125224113464,1
48,0,0.124251842499,1
48,0,0.123023986816,1
48,0,0.109054088593,1
48,0,0.123180150986,1
48,0,0.112123012543,1
48,0,0.109992980957,1
48,0,0.11652302742,1
49,0,0.121544837952,1
49,0,0.132623910904,1
49,0,0.111320018768,1
49,0,0.108149051666,1
49,0,0.11461186409,1
49,0,0.10645699501,1
49,0,0.129224061966,1
49,0,0.109174966812,1
49,0,0.109518051147,1
49,0,0.110564947128,1
50,0,0.133399009705,1
50,0,0.119172096252,1
50,0,0.127134084702,1
50,0,0.13583111763,1
50,0,0.140908956528,1
50,0,0.134191989899,1
50,0,0.122684001923,1
50,0,0.128842115402,1
50,0,0.129513978958,1
50,0,0.132204055786,1
51,0,0.136739969254,1
51,0,0.119076013565,1
51,0,0.134440898895,1
51,0,0.12792301178,1
51,0,0.131232023239,1
51,0,0.140262842178,1
51,0,0.119605779648,1
51,0,0.140294075012,1
51,0,0.14257311821,1
51,0,0.14612197876,1
52,0,0.140756845474,1
52,0,0.124494791031,1
52,0,0.136247873306,1
52,0,0.140516042709,1
52,0,0.135797977448,1
52,0,0.141602039337,1
52,0,0.124755859375,1
52,0,0.142064094543,1
52,0,0.142187833786,1
52,0,0.14105796814,1
53,0,0.131582975388,1
53,0,0.121000051498,1
53,0,0.140897989273,1
53,0,0.146539926529,1
53,0,0.14485001564,1
53,0,0.14647102356,1
53,0,0.127921104431,1
53,0,0.136822223663,1
53,0,0.137751102448,1
53,0,0.135776042938,1
54,0,0.140753030777,1
54,0,0.127787828445,1
54,0,0.146147012711,1
54,0,0.14402794838,1
54,0,0.146552801132,1
54,0,0.150830030441,1
54,0,0.128082036972,1
54,0,0.138200998306,1
54,0,0.148991107941,1
54,0,0.142793893814,1
55,0,0.147979021072,1
55,0,0.135609149933,1
55,0,0.134797811508,1
55,0,0.152416944504,1
55,0,0.155960083008,1
55,0,0.128737926483,1
55,0,0.147713184357,1
55,0,0.168678998947,1
55,0,0.185355186462,1
55,0,0.136393070221,1
56,0,0.162539958954,1
56,0,0.137649059296,1
56,0,0.132822990417,1
56,0,0.145840883255,1
56,0,0.147887945175,1
56,0,0.131389856339,1
56,0,0.151812076569,1
56,0,0.152485132217,1
56,0,0.155505895615,1
56,0,0.129541873932,1
57,0,0.1539478302,1
57,0,0.133893013,1
57,0,0.14469909668,1
57,0,0.155673980713,1
57,0,0.145061969757,1
57,0,0.13195681572,1
57,0,0.152950048447,1
57,0,0.154720067978,1
57,0,0.153037071228,1
57,0,0.127999067307,1
58,0,0.149863004684,1
58,0,0.133466005325,1
58,0,0.128298044205,1
58,0,0.152964115143,1
58,0,0.150469779968,1
58,0,0.136166810989,1
58,0,0.154823064804,1
58,0,0.15612077713,1
58,0,0.152348041534,1
58,0,0.135843038559,1
59,0,0.148038864136,1
59,0,0.140795946121,1
59,0,0.137403011322,1
59,0,0.157222986221,1
59,0,0.180505990982,1
59,0,0.157409191132,1
59,0,0.171605110168,1
59,0,0.15509390831,1
59,0,0.159170150757,1
59,0,0.143869876862,1
60,0,0.160415172577,1
60,0,0.156447172165,1
60,0,0.139530897141,1
60,0,0.15754199028,1
60,0,0.160197019577,1
60,0,0.139453887939,1
60,0,0.158230066299,1
60,0,0.14199090004,1
60,0,0.168899059296,1
60,0,0.163656949997,1
61,0,0.167825937271,1
61,0,0.166507005692,1
61,0,0.140187978745,1
61,0,0.157331943512,1
61,0,0.157927036285,1
61,0,0.148318052292,1
61,0,0.164992809296,1
61,0,0.152932882309,1
61,0,0.162319898605,1
61,0,0.160074949265,1
62,0,0.169110059738,1
62,0,0.163478851318,1
62,0,0.141748905182,1
62,0,0.15750002861,1
62,0,0.161508083344,1
62,0,0.142549991608,1
62,0,0.172336816788,1
62,0,0.147150993347,1
62,0,0.164370059967,1
62,0,0.158654928207,1
63,0,0.163454055786,1
63,0,0.159425020218,1
63,0,0.146489858627,1
63,0,0.158112049103,1
63,0,0.179445981979,1
63,0,0.149116039276,1
63,0,0.161536931992,1
63,0,0.139599084854,1
63,0,0.165703058243,1
63,0,0.181011915207,1
64,0,0.169825077057,1
64,0,0.159474849701,1
64,0,0.143428087234,1
64,0,0.162127971649,1
64,0,0.161782026291,1
64,0,0.144567012787,1
64,0,0.166305065155,1
64,0,0.15630197525,1
64,0,0.170613050461,1
64,0,0.173455953598,1
65,0,0.170229911804,1
65,0,0.148197174072,1
65,0,0.145488977432,1
65,0,0.142076969147,1
65,0,0.151710987091,1
65,0,0.180402994156,1
65,0,0.179275989532,1
65,0,0.168735980988,1
65,0,0.151041984558,1
65,0,0.157512903214,1
66,0,0.165940999985,1
66,0,0.147824048996,1
66,0,0.156978845596,1
66,0,0.153740167618,1
66,0,0.146512985229,1
66,0,0.161573171616,1
66,0,0.174592971802,1
66,0,0.164266109467,1
66,0,0.158344984055,1
66,0,0.156069040298,1
67,0,0.188898086548,1
67,0,0.178708076477,1
67,0,0.153069019318,1
67,0,0.145747184753,1
67,0,0.145853996277,1
67,0,0.169579982758,1
67,0,0.184216022491,1
67,0,0.170939922333,1
67,0,0.15083193779,1
67,0,0.153858184814,1
68,0,0.186078071594,1
68,0,0.153792858124,1
68,0,0.155023813248,1
68,0,0.15108704567,1
68,0,0.142516136169,1
68,0,0.164849042892,1
68,0,0.184453964233,1
68,0,0.178821086884,1
68,0,0.155545949936,1
68,0,0.14542388916,1
69,0,0.166875123978,1
69,0,0.148889064789,1
69,0,0.143419027328,1
69,0,0.152449131012,1
69,0,0.144937992096,1
69,0,0.178259134293,1
69,0,0.177268981934,1
69,0,0.166725158691,1
69,0,0.146680116653,1
69,0,0.146239995956,1
70,0,0.183610916138,1
70,0,0.185264825821,1
70,0,0.196782112122,1
70,0,0.164970874786,1
70,0,0.184582948685,1
70,0,0.159283161163,1
70,0,0.185005903244,1
70,0,0.172497987747,1
70,0,0.149930000305,1
70,0,0.176789045334,1
71,0,0.181262016296,1
71,0,0.173237085342,1
71,0,0.184612989426,1
71,0,0.161609888077,1
71,0,0.186172962189,1
71,0,0.159394979477,1
71,0,0.177514076233,1
71,0,0.178489923477,1
71,0,0.15317606926,1
71,0,0.180285930634,1
72,0,0.187133789062,1
72,0,0.179589033127,1
72,0,0.191070079803,1
72,0,0.151215076447,1
72,0,0.178477048874,1
72,0,0.164838075638,1
72,0,0.189171791077,1
72,0,0.175252914429,1
72,0,0.151968955994,1
72,0,0.176066160202,1
73,0,0.189400911331,1
73,0,0.19436788559,1
73,0,0.180158853531,1
73,0,0.162514925003,1
73,0,0.181025028229,1
73,0,0.151700019836,1
73,0,0.193727016449,1
73,0,0.18578004837,1
73,0,0.148656129837,1
73,0,0.187968015671,1
74,0,0.187038898468,1
74,0,0.175286054611,1
74,0,0.197635889053,1
74,0,0.158663034439,1
74,0,0.175543069839,1
74,0,0.147386074066,1
74,0,0.181926965714,1
74,0,0.172701120377,1
74,0,0.161142110825,1
74,0,0.189635038376,1
75,0,0.207097053528,1
75,0,0.169807910919,1
75,0,0.161659002304,1
75,0,0.168595075607,1
75,0,0.149400949478,1
75,0,0.150344848633,1
75,0,0.178751945496,1
75,0,0.146284103394,1
75,0,0.173583030701,1
75,0,0.147702932358,1
76,0,0.185411930084,1
76,0,0.149698019028,1
76,0,0.146588087082,1
76,0,0.152638912201,1
76,0,0.149416923523,1
76,0,0.146193027496,1
76,0,0.172869920731,1
76,0,0.147212982178,1
76,0,0.209167957306,1
76,0,0.157609939575,1
77,0,0.187497854233,1
77,0,0.163671016693,1
77,0,0.164473056793,1
77,0,0.160509109497,1
77,0,0.182513952255,1
77,0,0.203642129898,1
77,0,0.204472064972,1
77,0,0.157161951065,1
77,0,0.191288948059,1
77,0,0.160521030426,1
78,0,0.20188999176,1
78,0,0.161732912064,1
78,0,0.156112909317,1
78,0,0.156637907028,1
78,0,0.158587932587,1
78,0,0.157074928284,1
78,0,0.193279027939,1
78,0,0.161257982254,1
78,0,0.18294095993,1
78,0,0.155302047729,1
79,0,0.192974090576,1
79,0,0.162025928497,1
79,0,0.160842180252,1
79,0,0.162226915359,1
79,0,0.153997898102,1
79,0,0.154013872147,1
79,0,0.186486959457,1
79,0,0.15444111824,1
79,0,0.192872047424,1
79,0,0.158905029297,1
80,0,0.203035116196,1
80,0,0.19986987114,1
80,0,0.162591934204,1
80,0,0.166100025177,1
80,0,0.176983118057,1
80,0,0.171206951141,1
80,0,0.196520090103,1
80,0,0.168411016464,1
80,0,0.200522899628,1
80,0,0.16730594635,1
81,0,0.188404083252,1
81,0,0.213982820511,1
81,0,0.174623012543,1
81,0,0.165950059891,1
81,0,0.166823863983,1
81,0,0.171480178833,1
81,0,0.204287052155,1
81,0,0.168622970581,1
81,0,0.194626092911,1
81,0,0.164049863815,1
82,0,0.186413049698,1
82,0,0.191007852554,1
82,0,0.175373077393,1
82,0,0.172801971436,1
82,0,0.166129112244,1
82,0,0.167067050934,1
82,0,0.218989849091,1
82,0,0.167870044708,1
82,0,0.196358919144,1
82,0,0.16702413559,1
83,0,0.189694881439,1
83,0,0.185816049576,1
83,0,0.162545204163,1
83,0,0.165608882904,1
83,0,0.169312953949,1
83,0,0.160474061966,1
83,0,0.192109107971,1
83,0,0.161347866058,1
83,0,0.196238040924,1
83,0,0.164076089859,1
84,0,0.193182945251,1
84,0,0.210357189178,1
84,0,0.184170007706,1
84,0,0.164469003677,1
84,0,0.16654586792,1
84,0,0.18672990799,1
84,0,0.187821865082,1
84,0,0.163517951965,1
84,0,0.193893909454,1
84,0,0.15926194191,1
85,0,0.212913990021,1
85,0,0.173195838928,1
85,0,0.176561117172,1
85,0,0.182009935379,1
85,0,0.175637960434,1
85,0,0.20691204071,1
85,0,0.17630314827,1
85,0,0.211000919342,1
85,0,0.213030099869,1
85,0,0.219031095505,1
86,0,0.212811946869,1
86,0,0.169281005859,1
86,0,0.175145149231,1
86,0,0.18362903595,1
86,0,0.183053016663,1
86,0,0.205014944077,1
86,0,0.173532962799,1
86,0,0.21771478653,1
86,0,0.214992046356,1
86,0,0.2239818573,1
87,0,0.209398984909,1
87,0,0.171325922012,1
87,0,0.169872999191,1
87,0,0.170037984848,1
87,0,0.178431987762,1
87,0,0.206564903259,1
87,0,0.168323040009,1
87,0,0.219063997269,1
87,0,0.221238136292,1
87,0,0.231976985931,1
88,0,0.215031862259,1
88,0,0.175019025803,1
88,0,0.177813053131,1
88,0,0.169924974442,1
88,0,0.17909693718,1
88,0,0.218653917313,1
88,0,0.177940130234,1
88,0,0.227658033371,1
88,0,0.212954044342,1
88,0,0.237998008728,1
89,0,0.213534116745,1
89,0,0.166933059692,1
89,0,0.167260169983,1
89,0,0.172582149506,1
89,0,0.184864044189,1
89,0,0.21590590477,1
89,0,0.173268795013,1
89,0,0.211536169052,1
89,0,0.211099863052,1
89,0,0.227617025375,1
90,0,0.230578184128,1
90,0,0.22056889534,1
90,0,0.18779706955,1
90,0,0.183666229248,1
90,0,0.174580097198,1
90,0,0.209580183029,1
90,0,0.220379829407,1
90,0,0.220723867416,1
90,0,0.182845115662,1
90,0,0.199239015579,1
91,0,0.220263957977,1
91,0,0.224812984467,1
91,0,0.181250095367,1
91,0,0.179258823395,1
91,0,0.178844928741,1
91,0,0.222285032272,1
91,0,0.224844932556,1
91,0,0.21613407135,1
91,0,0.183038949966,1
91,0,0.212824106216,1
92,0,0.227685928345,1
92,0,0.234642028809,1
92,0,0.187922954559,1
92,0,0.176966905594,1
92,0,0.175343036652,1
92,0,0.217112064362,1
92,0,0.22985291481,1
92,0,0.205151081085,1
92,0,0.185782909393,1
92,0,0.204061985016,1
93,0,0.265567064285,1
93,0,0.219693183899,1
93,0,0.188910961151,1
93,0,0.215303897858,1
93,0,0.214030981064,1
93,0,0.230160236359,1
93,0,0.219553947449,1
93,0,0.209277868271,1
93,0,0.173383951187,1
93,0,0.224906921387,1
94,0,0.215151071548,1
94,0,0.211287975311,1
94,0,0.177498102188,1
94,0,0.178386926651,1
94,0,0.176503181458,1
94,0,0.215844869614,1
94,0,0.217568874359,1
94,0,0.215538978577,1
94,0,0.181574106216,1
94,0,0.229184865952,1
95,0,0.185698986053,1
95,0,0.232366085052,1
95,0,0.196475982666,1
95,0,0.222191095352,1
95,0,0.218600988388,1
95,0,0.242601156235,1
95,0,0.205423116684,1
95,0,0.196196079254,1
95,0,0.247583866119,1
95,0,0.233435869217,1
96,0,0.192911148071,1
96,0,0.22945022583,1
96,0,0.189255952835,1
96,0,0.218441009521,1
96,0,0.233192205429,1
96,0,0.234385967255,1
96,0,0.186748027802,1
96,0,0.1980240345,1
96,0,0.236083984375,1
96,0,0.221837997437,1
97,0,0.166437149048,1
97,0,0.192250967026,1
97,0,0.177407979965,1
97,0,0.205154895782,1
97,0,0.217423915863,1
97,0,0.248944997787,1
97,0,0.184102058411,1
97,0,0.184319019318,1
97,0,0.225100040436,1
97,0,0.227339029312,1
98,0,0.192292928696,1
98,0,0.212241888046,1
98,0,0.191855192184,1
98,0,0.23900103569,1
98,0,0.235690832138,1
98,0,0.247423887253,1
98,0,0.184725999832,1
98,0,0.192013978958,1
98,0,0.251790046692,1
98,0,0.243620872498,1
99,0,0.181066036224,1
99,0,0.224664926529,1
99,0,0.180577039719,1
99,0,0.232007980347,1
99,0,0.238564014435,1
99,0,0.238637924194,1
99,0,0.181834936142,1
99,0,0.185214042664,1
99,0,0.250457048416,1
99,0,0.241357803345,1
100,0,0.254498004913,1
100,0,0.191203117371,1
100,0,0.194941997528,1
100,0,0.229176998138,1
100,0,0.227119922638,1
100,0,0.243317127228,1
100,0,0.190376996994,1
100,0,0.22926902771,1
100,0,0.237065792084,1
100,0,0.239759922028,1
101,0,0.23863697052,1
101,0,0.189762115479,1
101,0,0.201331853867,1
101,0,0.242871046066,1
101,0,0.237939119339,1
101,0,0.231774091721,1
101,0,0.198282003403,1
101,0,0.246245145798,1
101,0,0.238350152969,1
101,0,0.247414112091,1
102,0,0.240351915359,1
102,0,0.198223114014,1
102,0,0.195492982864,1
102,0,0.250355005264,1
102,0,0.235399961472,1
102,0,0.226099014282,1
