0,0,0.127968072891,15
0,0,0.127155065536,15
0,0,0.130854129791,15
0,0,0.130156040192,15
0,0,0.134705781937,15
0,0,0.128075122833,15
0,0,0.131804943085,15
0,0,0.136385917664,15
0,0,0.131898164749,15
0,0,0.130454063416,15
1,0,0.509387016296,87
1,0,0.134751081467,15
1,0,0.512535095215,87
1,0,0.139518976212,15
1,0,0.137146949768,15
1,0,0.516082048416,87
1,0,0.140300989151,15
1,0,0.136815071106,15
1,0,0.134394168854,15
1,0,0.133742809296,15
2,0,0.920521020889,147
2,0,0.13635802269,15
2,0,0.213855028152,39
2,0,0.138422966003,15
2,0,0.132506132126,15
2,0,0.904577970505,147
2,0,0.134500980377,15
2,0,0.134090185165,15
2,0,0.501532793045,87
2,0,0.133671045303,15
3,0,2.49688792229,327
3,0,0.137151002884,15
3,0,0.83253288269,147
3,0,0.137824058533,15
3,0,0.135198831558,15
3,0,2.47932100296,327
3,0,1.5045940876,231
3,0,0.142911911011,15
3,0,1.47618603706,231
3,0,0.139592885971,15
4,0,2.39711999893,330
4,0,0.132974863052,15
4,0,0.47279214859,87
4,0,0.133986949921,15
4,0,0.134282827377,15
4,0,2.46833515167,330
4,0,0.139871120453,15
4,0,0.145434141159,15
4,0,0.778982162476,150
4,0,0.134438037872,15
5,0,1.6212220192,231
5,0,0.422207117081,84
5,0,0.139245986938,15
5,0,1.49621105194,234
5,0,0.515209197998,87
5,0,0.437549114227,84
5,0,0.445086956024,81
5,0,1.65138316154,231
5,0,1.5323741436,234
5,0,0.22554898262,39
6,0,1.44301104546,228
6,0,0.465651035309,87
6,0,0.139436006546,15
6,0,1.52267503738,237
6,0,0.238588094711,42
6,0,1.51569080353,228
6,0,0.547837018967,87
6,0,0.219499111176,39
6,0,1.55010604858,237
6,0,0.929371118546,147
7,0,0.917829036713,150
7,0,0.140552997589,15
7,0,0.141391038895,15
7,0,1.56099581718,237
7,0,0.443292140961,84
7,0,1.59269881248,231
7,0,0.935914993286,147
7,0,0.141775846481,15
7,0,1.51893496513,237
7,0,0.24923491478,42
8,0,0.909070014954,150
8,0,0.248493909836,42
8,0,0.139592170715,15
8,0,1.50783419609,237
8,0,0.141700029373,15
8,0,1.45640301704,231
8,0,1.69250893593,237
8,0,0.241477012634,42
8,0,1.61980986595,237
8,0,0.954019069672,153
9,0,1.58726286888,228
9,0,0.143893003464,15
9,0,0.140955924988,15
9,0,3.67291903496,453
9,0,0.451237916946,81
9,0,1.58340215683,234
9,0,0.546850919724,87
9,0,0.961525917053,150
9,0,3.51320385933,453
9,0,0.488914012909,87
10,0,0.146226167679,15
10,0,0.147020101547,15
10,0,0.151395082474,15
10,0,0.149908065796,15
10,0,4.26238203049,447
10,0,15.5031080246,1104
10,0,0.152401924133,15
10,0,8.16005992889,729
10,0,0.148997068405,15
10,0,15.3455109596,1104
11,0,0.160923957825,15
11,0,0.153202056885,15
11,0,0.151340007782,15
11,0,0.151834964752,15
11,0,5.93181610107,588
11,0,15.2216348648,1104
11,0,0.149340867996,15
11,0,14.5460309982,1098
11,0,0.148324012756,15
11,0,14.9996349812,1104
12,0,0.14678311348,15
12,0,0.156580209732,15
12,0,0.145443201065,15
12,0,0.146311998367,15
12,0,1.55822896957,231
12,0,22.1779880524,1536
12,0,0.155578136444,15
12,0,2.24273204803,330
12,0,0.151433944702,15
12,0,22.7684600353,1536
13,0,0.153678894043,15
13,0,0.150981903076,15
13,0,0.148094892502,15
13,0,0.152932882309,15
13,0,1.6484849453,231
13,0,22.3306040764,1539
13,0,0.147444009781,15
13,0,7.35995721817,744
13,0,0.14608001709,15
13,0,22.61500597,1539
14,0,0.140023946762,15
14,0,0.140831947327,15
14,0,0.142119884491,15
14,0,0.144976139069,15
14,0,8.18252015114,735
14,0,34.2585828304,2043
14,0,0.158215999603,15
14,0,11.1093809605,912
14,0,0.147515058517,15
14,0,33.7837560177,2043
15,0,28.7405500412,1770
15,0,7.16553497314,735
15,0,0.158314228058,15
15,0,28.4086802006,1770
15,0,0.155291080475,15
15,0,0.544562101364,87
15,0,1.4287750721,225
15,0,0.160754919052,15
15,0,0.157650947571,15
15,0,7.09427809715,735
16,0,28.0554170609,1770
16,0,3.71639490128,447
16,0,0.153385162354,15
16,0,28.0575180054,1770
16,0,0.159616947174,15
16,0,11.0696439743,906
16,0,5.47270703316,582
16,0,0.151291847229,15
16,0,0.149642944336,15
16,0,5.33866500854,582
17,0,39.9857170582,2310
17,0,17.0935218334,1302
17,0,0.166317939758,15
17,0,38.9322199821,2310
