0,0,0.0501389503479,1
0,0,0.0513529777527,1
0,0,0.0510988235474,1
0,0,0.0496559143066,1
0,0,0.0489060878754,1
0,0,0.0488419532776,1
0,0,0.0518379211426,1
0,0,0.0498888492584,1
0,0,0.049446105957,1
0,0,0.0536041259766,1
1,0,0.0540971755981,1
1,0,0.0534870624542,1
1,0,0.0521218776703,1
1,0,0.0541200637817,1
1,0,0.0527379512787,1
1,0,0.0540840625763,1
1,0,0.0539929866791,1
1,0,0.0528969764709,1
1,0,0.0535640716553,1
1,0,0.0537438392639,1
2,0,0.0543038845062,1
2,0,0.0527329444885,1
2,0,0.0551981925964,1
2,0,0.0556938648224,1
2,0,0.0537939071655,1
2,0,0.0557501316071,1
2,0,0.0536789894104,1
2,0,0.0625290870667,1
2,0,0.0563268661499,1
2,0,0.0595011711121,1
3,0,0.0565309524536,1
3,0,0.0531010627747,1
3,0,0.0549080371857,1
3,0,0.0544760227203,1
3,0,0.0550289154053,1
3,0,0.056184053421,1
3,0,0.0563931465149,1
3,0,0.0557749271393,1
3,0,0.0567870140076,1
3,0,0.0555019378662,1
4,0,0.0564801692963,1
4,0,0.0537462234497,1
4,0,0.053062915802,1
4,0,0.0588829517365,1
4,0,0.0564761161804,1
4,0,0.0613119602203,1
4,0,0.0542750358582,1
4,0,0.0577991008759,1
4,0,0.0569961071014,1
4,0,0.0571019649506,1
5,0,0.0655288696289,1
5,0,0.0617759227753,1
5,0,0.0658710002899,1
5,0,0.0653510093689,1
5,0,0.0644960403442,1
5,0,0.0715701580048,1
5,0,0.0615839958191,1
5,0,0.064553976059,1
5,0,0.065838098526,1
5,0,0.062353849411,1
6,0,0.0649969577789,1
6,0,0.0637259483337,1
6,0,0.063346862793,1
6,0,0.0664129257202,1
6,0,0.062194108963,1
6,0,0.0637748241425,1
6,0,0.0588600635529,1
6,0,0.0632381439209,1
6,0,0.0657820701599,1
6,0,0.0693578720093,1
7,0,0.0665879249573,1
7,0,0.0619668960571,1
7,0,0.0648651123047,1
7,0,0.0685830116272,1
7,0,0.0636911392212,1
7,0,0.0644698143005,1
7,0,0.0629570484161,1
7,0,0.0671119689941,1
7,0,0.0668749809265,1
7,0,0.0628311634064,1
8,0,0.0665891170502,1
8,0,0.0622639656067,1
8,0,0.0662231445312,1
8,0,0.0746788978577,1
8,0,0.0692160129547,1
8,0,0.0681610107422,1
8,0,0.0717082023621,1
8,0,0.0699388980865,1
8,0,0.0871968269348,1
8,0,0.0776779651642,1
9,0,0.0651121139526,1
9,0,0.0653750896454,1
9,0,0.0609619617462,1
9,0,0.0648920536041,1
9,0,0.0652780532837,1
9,0,0.0664629936218,1
9,0,0.0610630512238,1
9,0,0.0637872219086,1
9,0,0.0670099258423,1
9,0,0.0622668266296,1
10,0,0.0698969364166,1
10,0,0.0739398002625,1
10,0,0.0697770118713,1
10,0,0.0692582130432,1
10,0,0.068953037262,1
10,0,0.0716078281403,1
10,0,0.0711810588837,1
10,0,0.0743639469147,1
10,0,0.0707650184631,1
10,0,0.0761020183563,1
11,0,0.0701599121094,1
11,0,0.0732388496399,1
11,0,0.0734219551086,1
11,0,0.0679650306702,1
11,0,0.0708260536194,1
11,0,0.0736229419708,1
11,0,0.0701270103455,1
11,0,0.0680689811707,1
11,0,0.0711328983307,1
11,0,0.073077917099,1
12,0,0.0714921951294,1
12,0,0.0695741176605,1
12,0,0.071583032608,1
12,0,0.076984167099,1
12,0,0.0721290111542,1
12,0,0.0725789070129,1
12,0,0.0716438293457,1
12,0,0.0742371082306,1
12,0,0.0710821151733,1
12,0,0.0751950740814,1
13,0,0.0738940238953,1
13,0,0.0758039951324,1
13,0,0.070305109024,1
13,0,0.0718421936035,1
13,0,0.0730969905853,1
13,0,0.0715398788452,1
13,0,0.0771429538727,1
13,0,0.0757169723511,1
13,0,0.072329044342,1
13,0,0.0759589672089,1
14,0,0.073184967041,1
14,0,0.0733289718628,1
14,0,0.0699808597565,1
14,0,0.0692081451416,1
14,0,0.0698320865631,1
14,0,0.0702660083771,1
14,0,0.0689358711243,1
14,0,0.0736138820648,1
14,0,0.0723450183868,1
14,0,0.0722990036011,1
15,0,0.0794239044189,1
15,0,0.0797791481018,1
15,0,0.0746829509735,1
15,0,0.0742170810699,1
15,0,0.0761778354645,1
15,0,0.0751130580902,1
15,0,0.0782899856567,1
15,0,0.0740790367126,1
15,0,0.0752799510956,1
15,0,0.0767090320587,1
16,0,0.0751340389252,1
16,0,0.0807650089264,1
16,0,0.0759439468384,1
16,0,0.0739891529083,1
16,0,0.0759520530701,1
16,0,0.0782599449158,1
16,0,0.0800549983978,1
16,0,0.0722191333771,1
16,0,0.0734479427338,1
16,0,0.0759179592133,1
17,0,0.0804400444031,1
17,0,0.0846140384674,1
17,0,0.073655128479,1
17,0,0.0761539936066,1
17,0,0.0777399539948,1
17,0,0.075767993927,1
17,0,0.0784740447998,1
17,0,0.0755620002747,1
17,0,0.075868844986,1
17,0,0.0766801834106,1
18,0,0.0816230773926,1
18,0,0.0807600021362,1
18,0,0.0796990394592,1
18,0,0.0741560459137,1
18,0,0.0822649002075,1
18,0,0.0768260955811,1
18,0,0.0827829837799,1
18,0,0.0752239227295,1
18,0,0.0770001411438,1
18,0,0.0769100189209,1
19,0,0.0807271003723,1
19,0,0.0878100395203,1
19,0,0.0761590003967,1
19,0,0.0733659267426,1
19,0,0.0772211551666,1
19,0,0.0728678703308,1
19,0,0.0841770172119,1
19,0,0.0766639709473,1
19,0,0.0755171775818,1
19,0,0.0771970748901,1
20,0,0.0832340717316,1
20,0,0.0877370834351,1
20,0,0.0932178497314,1
20,0,0.0895080566406,1
20,0,0.089702129364,1
20,0,0.0883760452271,1
20,0,0.0860159397125,1
20,0,0.0835161209106,1
20,0,0.0866320133209,1
20,0,0.0796530246735,1
21,0,0.0837471485138,1
21,0,0.0888421535492,1
21,0,0.0882129669189,1
21,0,0.0898151397705,1
21,0,0.0820128917694,1
21,0,0.0955290794373,1
21,0,0.0945520401001,1
21,0,0.0816950798035,1
21,0,0.0885541439056,1
21,0,0.0835511684418,1
22,0,0.0808560848236,1
22,0,0.0891041755676,1
22,0,0.0914649963379,1
22,0,0.0870089530945,1
22,0,0.0812258720398,1
22,0,0.0895791053772,1
22,0,0.0996739864349,1
22,0,0.0813910961151,1
22,0,0.0872659683228,1
22,0,0.0811061859131,1
23,0,0.0828621387482,1
23,0,0.0885629653931,1
23,0,0.0895299911499,1
23,0,0.0900509357452,1
23,0,0.0806629657745,1
23,0,0.0855801105499,1
23,0,0.0902879238129,1
23,0,0.0796959400177,1
23,0,0.0959739685059,1
23,0,0.0837340354919,1
24,0,0.0819439888,1
24,0,0.0874090194702,1
24,0,0.0909199714661,1
24,0,0.088684797287,1
24,0,0.0799601078033,1
24,0,0.089567899704,1
24,0,0.0874280929565,1
24,0,0.0805640220642,1
24,0,0.0907731056213,1
24,0,0.0812051296234,1
25,0,0.0960600376129,1
25,0,0.0875599384308,1
25,0,0.093533039093,1
25,0,0.0982389450073,1
25,0,0.0934660434723,1
25,0,0.0959570407867,1
25,0,0.106337070465,1
25,0,0.0903129577637,1
25,0,0.0875301361084,1
25,0,0.088268995285,1
26,0,0.0958368778229,1
26,0,0.0880920886993,1
26,0,0.0931630134583,1
26,0,0.0960409641266,1
26,0,0.0944571495056,1
26,0,0.0982987880707,1
26,0,0.0994069576263,1
26,0,0.0860939025879,1
26,0,0.0890340805054,1
26,0,0.086275100708,1
27,0,0.0972900390625,1
27,0,0.0900180339813,1
27,0,0.0965099334717,1
27,0,0.0943958759308,1
27,0,0.0940611362457,1
27,0,0.0946459770203,1
27,0,0.100498914719,1
27,0,0.0966119766235,1
27,0,0.0863130092621,1
27,0,0.0884499549866,1
28,0,0.093544960022,1
28,0,0.0883278846741,1
28,0,0.0935208797455,1
28,0,0.0970549583435,1
28,0,0.0906670093536,1
28,0,0.0969808101654,1
28,0,0.0935220718384,1
28,0,0.0896730422974,1
28,0,0.090106010437,1
28,0,0.086553812027,1
29,0,0.100908041,1
29,0,0.0883138179779,1
29,0,0.0966448783875,1
29,0,0.0917770862579,1
29,0,0.090667963028,1
29,0,0.0967540740967,1
29,0,0.0914390087128,1
29,0,0.0852971076965,1
29,0,0.0896420478821,1
29,0,0.106606960297,1
30,0,0.10177898407,1
30,0,0.0931160449982,1
30,0,0.0973279476166,1
30,0,0.104708909988,1
30,0,0.0955920219421,1
30,0,0.105715990067,1
30,0,0.0940129756927,1
30,0,0.101025819778,1
30,0,0.0923638343811,1
30,0,0.0908288955688,1
31,0,0.104473114014,1
31,0,0.0925681591034,1
31,0,0.0956840515137,1
31,0,0.102293968201,1
31,0,0.0941851139069,1
31,0,0.110001087189,1
31,0,0.0953760147095,1
31,0,0.0986759662628,1
31,0,0.0913510322571,1
31,0,0.0929479598999,1
32,0,0.103099107742,1
32,0,0.0923700332642,1
32,0,0.0963199138641,1
32,0,0.102636814117,1
32,0,0.0958781242371,1
32,0,0.108777999878,1
32,0,0.092903137207,1
32,0,0.104922056198,1
32,0,0.0947768688202,1
32,0,0.0920789241791,1
33,0,0.105053901672,1
33,0,0.0943529605865,1
33,0,0.0947828292847,1
33,0,0.102863788605,1
33,0,0.0953319072723,1
33,0,0.125651836395,1
33,0,0.0951759815216,1
33,0,0.0993320941925,1
33,0,0.0943729877472,1
33,0,0.0927879810333,1
34,0,0.10219502449,1
34,0,0.0929391384125,1
34,0,0.0939619541168,1
34,0,0.101696014404,1
34,0,0.0928249359131,1
34,0,0.106415987015,1
34,0,0.0931601524353,1
34,0,0.102324008942,1
34,0,0.0948920249939,1
34,0,0.100978136063,1
35,0,0.113201141357,1
35,0,0.116791963577,1
35,0,0.113411188126,1
35,0,0.111654996872,1
35,0,0.107131958008,1
35,0,0.112929105759,1
35,0,0.116250038147,1
35,0,0.112411975861,1
35,0,0.101593017578,1
35,0,0.110723018646,1
36,0,0.116827011108,1
36,0,0.112254858017,1
36,0,0.114801883698,1
36,0,0.114376068115,1
36,0,0.103643894196,1
36,0,0.112787008286,1
36,0,0.115097999573,1
36,0,0.111569881439,1
36,0,0.101269960403,1
36,0,0.130927085876,1
37,1,0.106304168701,1
37,0,0.113270998001,1
37,0,0.115911006927,1
37,0,0.11270904541,1
37,0,0.1028008461,1
37,0,0.110408782959,1
37,0,0.114732027054,1
37,0,0.11537194252,1
37,0,0.104135990143,1
37,0,0.111693143845,1
38,0,0.110746860504,1
38,0,0.110179901123,1
38,0,0.110198020935,1
38,0,0.113919019699,1
38,0,0.101284980774,1
38,0,0.117081880569,1
38,0,0.117244005203,1
38,0,0.113308906555,1
38,0,0.0981020927429,1
38,0,0.111029148102,1
39,0,0.108955860138,1
39,0,0.112874031067,1
39,0,0.112192153931,1
39,0,0.111320972443,1
39,0,0.10231089592,1
39,0,0.113956212997,1
39,0,0.11824297905,1
39,0,0.113788127899,1
39,0,0.0965709686279,1
39,0,0.109023094177,1
