0,0,0.165955066681,15
0,0,0.150398015976,15
0,0,0.155876874924,15
0,0,0.124461174011,15
0,0,0.116065979004,15
0,0,0.133371114731,15
0,0,0.132817029953,15
0,0,0.134085178375,15
0,0,0.12339091301,15
0,0,0.134089946747,15
1,0,0.143183946609,15
1,0,0.256690979004,39
1,0,0.196954965591,39
1,0,0.132561206818,15
1,0,0.203500986099,39
1,0,0.130915880203,15
1,0,0.207727909088,39
1,0,0.122097015381,15
1,0,0.199919939041,39
1,0,0.20952296257,39
2,0,0.130041122437,15
2,0,0.21106004715,39
2,0,0.847508192062,147
2,0,0.20748090744,39
2,0,0.868006944656,147
2,0,0.123460054398,15
2,0,0.218470096588,39
2,0,0.126513957977,15
2,0,0.202699899673,39
2,0,0.851526021957,147
3,0,0.133620977402,15
3,0,0.837188005447,147
3,0,3.44684314728,327
3,0,0.295427083969,39
3,0,2.9431438446,327
3,0,0.233355045319,15
3,0,0.871273040771,87
3,0,0.129638910294,15
3,0,0.243540048599,39
3,0,3.11011695862,327
4,0,0.194467067719,15
4,0,1.85712885857,225
4,0,4.3255648613,441
4,0,0.535196065903,87
4,0,3.43952798843,441
4,0,0.190672159195,15
4,0,1.00113201141,147
4,0,0.126132011414,15
4,0,0.596716880798,87
4,0,4.14711689949,441
5,0,0.187810897827,15
5,0,1.49749994278,231
5,0,1.81736803055,228
5,0,0.130961179733,15
5,0,0.334115028381,15
5,0,0.500037193298,15
5,0,0.266629934311,15
5,0,0.944174051285,147
5,0,0.246860980988,39
5,0,1.02915906906,147
6,0,0.162565946579,15
6,0,0.256948947906,42
6,0,4.45180702209,447
6,0,0.140828847885,15
6,0,0.162516832352,15
6,0,0.143030881882,15
6,0,0.23197889328,15
6,0,0.236855983734,39
6,0,2.67104887962,327
6,0,2.69365000725,330
7,0,0.12979388237,15
7,0,2.55112600327,327
7,0,0.461357116699,84
7,0,0.136586904526,15
7,0,0.131546020508,15
7,0,0.153522968292,15
7,0,0.128998041153,15
7,0,0.24002790451,42
7,0,1.49885606766,228
7,0,0.239579916,39
8,0,0.140435934067,15
8,0,1.46753692627,231
8,0,0.53409409523,87
8,0,0.153907060623,15
8,0,0.141201972961,15
8,0,0.147374153137,15
8,0,0.145066022873,15
8,0,1.06525802612,147
8,0,3.71106481552,441
8,0,0.92206788063,147
9,0,0.12961602211,15
9,0,6.32379293442,579
9,0,3.77847504616,441
9,0,0.134260177612,15
9,0,0.153036117554,15
9,0,0.159517049789,15
9,0,0.145231962204,15
9,0,0.633831977844,87
9,0,5.7743871212,585
9,0,14.5773279667,1095
10,0,0.137797117233,15
10,0,0.135142087936,15
10,0,0.847811937332,147
10,0,2.72219610214,327
10,0,0.229166984558,39
10,0,1.09583592415,147
10,0,31.5933380127,1770
10,0,6.40117788315,582
10,0,1.72271609306,231
10,0,0.232151985168,15
11,0,0.139140129089,15
11,0,0.135740995407,15
11,0,1.10609698296,147
11,0,0.910796165466,147
11,0,0.562115192413,87
11,0,2.95620203018,506
