0,0,0.0545208454132,1
0,0,0.0536918640137,1
0,0,0.0522589683533,1
0,0,0.050772190094,1
0,0,0.0497748851776,1
0,0,0.050329208374,1
0,0,0.0650870800018,1
0,0,0.05060505867,1
0,0,0.0517561435699,1
0,0,0.0511648654938,1
1,0,0.0512969493866,1
1,0,0.0530259609222,1
1,0,0.0541799068451,1
1,0,0.0558919906616,1
1,0,0.0592610836029,1
1,0,0.0545480251312,1
1,0,0.0529959201813,1
1,0,0.0549550056458,1
1,0,0.0525999069214,1
1,0,0.0535249710083,1
2,0,0.056205034256,1
2,0,0.0538170337677,1
2,0,0.0542280673981,1
2,0,0.0568330287933,1
2,0,0.0529768466949,1
2,0,0.0534839630127,1
2,0,0.0544738769531,1
2,0,0.0544168949127,1
2,0,0.057825088501,1
2,0,0.055004119873,1
3,0,0.0555219650269,1
3,0,0.0548870563507,1
3,0,0.0569469928741,1
3,0,0.0538010597229,1
3,0,0.0554339885712,1
3,0,0.0591168403625,1
3,0,0.0566818714142,1
3,0,0.0556120872498,1
3,0,0.0531659126282,1
3,0,0.056648015976,1
4,0,0.0568699836731,1
4,0,0.0543248653412,1
4,0,0.0729949474335,1
4,0,0.0564081668854,1
4,0,0.054979801178,1
4,0,0.0543081760406,1
4,0,0.0558681488037,1
4,0,0.053973197937,1
4,0,0.0544509887695,1
4,0,0.0601708889008,1
5,0,0.0652751922607,1
5,0,0.0634310245514,1
5,0,0.0662159919739,1
5,0,0.0615088939667,1
5,0,0.0649421215057,1
5,0,0.0596759319305,1
5,0,0.0649929046631,1
5,0,0.0628559589386,1
5,0,0.0630171298981,1
5,0,0.0606100559235,1
6,0,0.0623590946198,1
6,0,0.0655369758606,1
6,0,0.0676200389862,1
6,0,0.0641229152679,1
6,0,0.064523935318,1
6,0,0.0603759288788,1
6,0,0.0642199516296,1
6,0,0.0631430149078,1
6,0,0.0690891742706,1
6,0,0.068207025528,1
7,0,0.0619080066681,1
7,0,0.0654008388519,1
7,0,0.0627720355988,1
7,0,0.0639369487762,1
7,0,0.0631520748138,1
7,0,0.0623559951782,1
7,0,0.0636110305786,1
7,0,0.0649120807648,1
7,0,0.064462184906,1
7,0,0.0635089874268,1
8,0,0.0675089359283,1
8,0,0.0691070556641,1
8,0,0.0651171207428,1
8,0,0.0639951229095,1
8,0,0.0674910545349,1
8,0,0.0613150596619,1
8,0,0.0638160705566,1
8,0,0.067008972168,1
8,0,0.0696511268616,1
8,0,0.0659940242767,1
9,0,0.0619339942932,1
9,0,0.0698280334473,1
9,0,0.0679540634155,1
9,0,0.0634069442749,1
9,0,0.0667998790741,1
9,0,0.0637121200562,1
9,0,0.0637309551239,1
9,0,0.067568063736,1
9,0,0.0664620399475,1
9,0,0.0765910148621,1
10,0,0.0703840255737,1
10,0,0.0723078250885,1
10,0,0.0759069919586,1
10,0,0.0729057788849,1
10,0,0.0735211372375,1
10,0,0.0714190006256,1
10,0,0.071624994278,1
10,0,0.0714800357819,1
10,0,0.0733070373535,1
10,0,0.0741109848022,1
11,0,0.0744469165802,1
11,0,0.0744190216064,1
11,0,0.0723221302032,1
11,0,0.0732300281525,1
11,0,0.0724499225616,1
11,0,0.0728938579559,1
11,0,0.0737011432648,1
11,0,0.0685238838196,1
11,0,0.0713880062103,1
11,0,0.0724241733551,1
12,0,0.0705461502075,1
12,0,0.0740180015564,1
12,0,0.074951171875,1
12,0,0.0725131034851,1
12,0,0.0729529857635,1
12,0,0.072802066803,1
12,0,0.0748529434204,1
12,0,0.0708401203156,1
12,0,0.0713348388672,1
12,0,0.0738608837128,1
13,0,0.0702140331268,1
13,0,0.0728430747986,1
13,0,0.079069852829,1
13,0,0.0742168426514,1
13,0,0.0745890140533,1
13,0,0.0773549079895,1
13,0,0.0718910694122,1
13,0,0.0731492042542,1
13,0,0.0811910629272,1
13,0,0.0908439159393,1
14,0,0.0696640014648,1
14,0,0.0735280513763,1
14,0,0.081328868866,1
14,0,0.0740649700165,1
14,0,0.075156211853,1
14,0,0.0754599571228,1
14,0,0.0726249217987,1
14,0,0.0709052085876,1
14,0,0.095901966095,1
14,0,0.0749371051788,1
15,0,0.077987909317,1
15,0,0.0787129402161,1
15,0,0.0799040794373,1
15,0,0.0782861709595,1
15,0,0.084183216095,1
15,0,0.084881067276,1
15,0,0.076385974884,1
15,0,0.0761151313782,1
15,0,0.0833721160889,1
15,0,0.0784041881561,1
16,0,0.078006029129,1
16,0,0.0782799720764,1
16,0,0.0815579891205,1
16,0,0.075138092041,1
16,0,0.0807628631592,1
16,0,0.0775671005249,1
16,0,0.0744559764862,1
16,0,0.0760688781738,1
16,0,0.0914959907532,1
16,0,0.0815880298615,1
17,0,0.079607963562,1
17,0,0.0784649848938,1
17,0,0.0815718173981,1
17,0,0.0782690048218,1
17,0,0.0822649002075,1
17,0,0.0806159973145,1
17,0,0.0748291015625,1
17,0,0.0773339271545,1
17,0,0.0812389850616,1
17,0,0.0801751613617,1
18,0,0.0800719261169,1
18,0,0.0794610977173,1
18,0,0.0809278488159,1
18,0,0.0793099403381,1
18,0,0.0797159671783,1
18,0,0.0797231197357,1
18,0,0.0757491588593,1
18,0,0.0779249668121,1
18,0,0.0852220058441,1
18,0,0.0822508335114,1
19,0,0.0829830169678,1
19,0,0.0832149982452,1
19,0,0.083878993988,1
19,0,0.0799520015717,1
19,0,0.0869069099426,1
19,0,0.0804190635681,1
19,0,0.0773181915283,1
19,0,0.0745208263397,1
19,0,0.0912499427795,1
19,0,0.0810408592224,1
20,0,0.0883038043976,1
20,0,0.0870552062988,1
20,0,0.0834228992462,1
20,0,0.0876619815826,1
20,0,0.0812568664551,1
20,0,0.0809969902039,1
20,0,0.0835199356079,1
20,0,0.0844779014587,1
20,0,0.0877330303192,1
20,0,0.0877211093903,1
21,0,0.0876290798187,1
21,0,0.0992028713226,1
21,0,0.0899720191956,1
21,0,0.0892999172211,1
21,0,0.0826380252838,1
21,0,0.0814049243927,1
21,0,0.0827548503876,1
21,0,0.0808751583099,1
21,0,0.0887970924377,1
21,0,0.0892350673676,1
22,0,0.0901620388031,1
22,0,0.0893139839172,1
22,0,0.0845651626587,1
22,0,0.0909090042114,1
22,0,0.0844919681549,1
22,0,0.0824539661407,1
22,0,0.0884499549866,1
22,0,0.0824131965637,1
22,0,0.0871210098267,1
22,0,0.0872790813446,1
23,0,0.0893459320068,1
23,0,0.0881369113922,1
23,0,0.0825700759888,1
23,0,0.0888869762421,1
23,0,0.0891661643982,1
23,0,0.0879499912262,1
23,0,0.100125074387,1
23,0,0.0838530063629,1
23,0,0.0881519317627,1
23,0,0.102651834488,1
24,0,0.0913660526276,1
24,0,0.0897891521454,1
24,0,0.0838420391083,1
24,0,0.0900270938873,1
24,0,0.0826120376587,1
24,0,0.101608037949,1
24,0,0.109367847443,1
24,0,0.123883008957,1
24,0,0.111111164093,1
24,0,0.103243112564,1
25,0,0.0940759181976,1
25,0,0.0884959697723,1
25,0,1.90687608719,1
25,0,0.144494056702,1
25,0,2.96112918854,1
25,0,0.777599811554,1
25,0,199.871658802,1
