0,0,0.0525131225586,1
0,0,0.0527141094208,1
0,0,0.052453994751,1
0,0,0.0533578395844,1
0,0,0.0493228435516,1
0,0,0.0496940612793,1
0,0,0.0531208515167,1
0,0,0.0535600185394,1
0,0,0.0507688522339,1
0,0,0.05335688591,1
1,0,0.056704044342,1
1,0,0.0525200366974,1
1,0,0.0521638393402,1
1,0,0.0544209480286,1
1,0,0.0519440174103,1
1,0,0.0534060001373,1
1,0,0.0546100139618,1
1,0,0.0524659156799,1
1,0,0.0576200485229,1
1,0,0.055370092392,1
2,0,0.058464050293,1
2,0,0.0558199882507,1
2,0,0.056193113327,1
2,0,0.0555539131165,1
2,0,0.0577821731567,1
2,0,0.0599479675293,1
2,0,0.0572299957275,1
2,0,0.0545480251312,1
2,0,0.0549700260162,1
2,0,0.0545239448547,1
3,0,0.054279088974,1
3,0,0.0550198554993,1
3,0,0.0552191734314,1
3,0,0.0541579723358,1
3,0,0.0570888519287,1
3,0,0.0542089939117,1
3,0,0.0536022186279,1
3,0,0.0573101043701,1
3,0,0.0609920024872,1
3,0,0.0609970092773,1
4,0,0.0569779872894,1
4,0,0.0569400787354,1
4,0,0.0572259426117,1
4,0,0.0537641048431,1
4,0,0.0563359260559,1
4,0,0.0569939613342,1
4,0,0.0619180202484,1
4,0,0.0576260089874,1
4,0,0.0576179027557,1
4,0,0.0545861721039,1
5,0,0.0667431354523,1
5,0,0.0617179870605,1
5,0,0.0694608688354,1
5,0,0.0640869140625,1
5,0,0.0613389015198,1
5,0,0.0664401054382,1
5,0,0.0638749599457,1
5,0,0.0622839927673,1
5,0,0.068724155426,1
5,0,0.0645549297333,1
6,0,0.0661370754242,1
6,0,0.0607738494873,1
6,0,0.0629880428314,1
6,0,0.0673570632935,1
6,0,0.0611941814423,1
6,0,0.0664460659027,1
6,0,0.0631082057953,1
6,0,0.0645959377289,1
6,0,0.0619390010834,1
6,0,0.0853900909424,1
7,0,0.0691199302673,1
7,0,0.0642359256744,1
7,0,0.0617289543152,1
7,0,0.0723390579224,1
7,0,0.0594058036804,1
7,0,0.0675649642944,1
7,0,0.0654680728912,1
7,0,0.0656859874725,1
7,0,0.0688071250916,1
7,0,0.0672979354858,1
8,0,0.0614459514618,1
8,0,0.065407037735,1
8,0,0.0593318939209,1
8,0,0.0662298202515,1
8,0,0.0614058971405,1
8,0,0.0631949901581,1
8,0,0.0661611557007,1
8,0,0.064661026001,1
8,0,0.0602390766144,1
8,0,0.0697660446167,1
9,0,0.0647230148315,1
9,0,0.0637190341949,1
9,0,0.0615861415863,1
9,0,0.0660400390625,1
9,0,0.0641548633575,1
9,0,0.0708608627319,1
9,0,0.0659918785095,1
9,0,0.0653729438782,1
9,0,0.0647580623627,1
9,0,0.0657341480255,1
10,0,0.0879280567169,1
10,0,0.0765419006348,1
10,0,0.0777978897095,1
10,0,0.0719909667969,1
10,0,0.0718710422516,1
10,0,0.0717260837555,1
10,0,0.0697259902954,1
10,0,0.0781440734863,1
10,0,0.0690488815308,1
10,0,0.0704410076141,1
11,0,0.0721039772034,1
11,0,0.0713460445404,1
11,0,0.0721769332886,1
11,0,0.0691249370575,1
11,0,0.072741985321,1
11,0,0.0692429542542,1
11,0,0.0725569725037,1
11,0,0.0744400024414,1
11,0,0.0788719654083,1
11,0,0.0711259841919,1
12,0,0.0732400417328,1
12,0,0.0721879005432,1
12,0,0.0744969844818,1
12,0,0.074854850769,1
12,0,0.0740809440613,1
12,0,0.0757429599762,1
12,0,0.0720620155334,1
12,0,0.0739169120789,1
12,0,0.0729520320892,1
12,0,0.0714349746704,1
13,0,0.0793800354004,1
13,0,0.0725300312042,1
13,0,0.07736992836,1
13,0,0.0677649974823,1
13,0,0.0766928195953,1
13,0,0.0701739788055,1
13,0,0.0713920593262,1
13,0,0.0718591213226,1
13,0,0.073410987854,1
13,0,0.0813617706299,1
14,0,0.0756549835205,1
14,0,0.0708799362183,1
14,0,0.0768361091614,1
14,0,0.081729888916,1
14,0,0.077465057373,1
14,0,0.0714068412781,1
14,0,0.0702929496765,1
14,0,0.0751140117645,1
14,0,0.0750560760498,1
14,0,0.0759651660919,1
15,0,0.0841460227966,1
15,0,0.0851700305939,1
15,0,0.0825691223145,1
15,0,0.0802900791168,1
15,0,0.0736491680145,1
15,0,0.0760989189148,1
15,0,0.0791578292847,1
15,0,0.0783131122589,1
15,0,0.0780348777771,1
15,0,0.0793941020966,1
16,0,0.0834472179413,1
16,0,0.0802531242371,1
16,0,0.0791590213776,1
16,0,0.0815098285675,1
16,0,0.0774760246277,1
16,0,0.0822360515594,1
16,0,0.0828878879547,1
16,0,0.0806629657745,1
16,0,0.0798881053925,1
16,0,0.0808169841766,1
17,0,0.0810360908508,1
17,0,0.081062078476,1
17,0,0.0800089836121,1
17,0,0.0794279575348,1
17,0,0.0762491226196,1
17,0,0.0823760032654,1
17,0,0.0837261676788,1
17,0,0.0827808380127,1
17,0,0.0836999416351,1
17,0,0.0815889835358,1
18,0,0.0850250720978,1
18,0,0.0806930065155,1
18,0,0.079882144928,1
18,0,0.0797159671783,1
18,0,0.077409029007,1
18,0,0.0793011188507,1
18,0,0.0817129611969,1
18,0,0.0802910327911,1
18,0,0.0849649906158,1
18,0,0.0843980312347,1
19,0,0.0869870185852,1
19,0,0.081346988678,1
19,0,0.0832619667053,1
19,0,0.0801038742065,1
19,0,0.0749938488007,1
19,0,0.0824530124664,1
19,0,0.0822010040283,1
19,0,0.0864140987396,1
19,0,0.0797019004822,1
19,0,0.0829269886017,1
20,0,0.0820748806,1
20,0,0.0879030227661,1
20,0,0.0878949165344,1
20,0,0.0789771080017,1
20,0,0.084969997406,1
20,0,0.0856850147247,1
20,0,0.0804240703583,1
20,0,0.0936200618744,1
20,0,0.088231086731,1
20,0,0.0826930999756,1
21,0,0.0810399055481,1
21,0,0.0877540111542,1
21,0,0.0861060619354,1
21,0,0.0854659080505,1
21,0,0.0824949741364,1
21,0,0.0883729457855,1
21,0,0.0817639827728,1
21,0,0.0866599082947,1
21,0,0.0898609161377,1
21,0,0.0955419540405,1
22,0,0.0834381580353,1
22,0,0.0937561988831,1
22,0,0.086333990097,1
22,0,0.0820620059967,1
22,0,0.0843260288239,1
22,0,0.0885820388794,1
22,0,0.0798649787903,1
22,0,0.0934038162231,1
22,0,0.0913300514221,1
22,0,0.0824890136719,1
23,0,0.0859358310699,1
23,0,0.0896170139313,1
23,0,0.0892219543457,1
23,0,0.083701133728,1
23,0,0.0852298736572,1
23,0,0.087112903595,1
23,0,0.0834949016571,1
23,0,0.0885920524597,1
23,0,0.0895988941193,1
23,0,0.08664894104,1
24,0,0.0812439918518,1
24,0,0.107627868652,1
24,0,0.0934610366821,1
24,0,0.0830790996552,1
24,0,0.0846109390259,1
24,0,0.0943670272827,1
24,0,0.0809738636017,1
24,0,0.0895400047302,1
24,0,0.0890610218048,1
24,0,0.082072019577,1
25,0,0.0926430225372,1
25,0,0.0868489742279,1
25,0,0.0875189304352,1
25,0,0.087131023407,1
25,0,0.0914409160614,1
25,0,0.0946168899536,1
25,0,0.0849449634552,1
25,0,0.0949559211731,1
25,0,0.0868408679962,1
25,0,0.0909650325775,1
26,0,0.0895550251007,1
26,0,0.0898239612579,1
26,0,0.0869610309601,1
26,0,0.0909950733185,1
26,0,0.0889399051666,1
26,0,0.09912109375,1
26,0,0.0888931751251,1
26,0,0.0968267917633,1
26,0,0.0895791053772,1
26,0,0.0873091220856,1
27,0,0.0910880565643,1
27,0,0.0914700031281,1
27,0,0.0901918411255,1
27,0,0.0888409614563,1
27,0,0.0894351005554,1
27,0,0.0983169078827,1
27,0,0.095584154129,1
27,0,0.098326921463,1
27,0,0.0877079963684,1
27,0,0.0899500846863,1
28,0,0.0925409793854,1
28,0,0.0911900997162,1
28,0,0.0897920131683,1
28,0,0.0874078273773,1
28,0,0.0880041122437,1
28,0,0.0969259738922,1
28,0,0.0889859199524,1
28,0,0.0963089466095,1
28,0,0.087229013443,1
28,0,0.0952250957489,1
29,0,0.0880300998688,1
29,0,0.0958399772644,1
29,0,0.0977911949158,1
29,0,0.120551109314,1
29,0,0.0988359451294,1
29,0,0.124018907547,1
29,0,0.0910301208496,1
29,0,0.0963709354401,1
29,0,0.0869319438934,1
29,0,0.0881359577179,1
30,0,0.106125831604,1
30,0,0.096626996994,1
30,0,0.0940208435059,1
30,0,0.101920843124,1
30,0,0.102964878082,1
30,0,0.101979970932,1
30,0,0.0944039821625,1
30,0,0.101584196091,1
30,0,0.109834909439,1
30,0,0.108065128326,1
31,0,0.106059074402,1
31,0,0.0925679206848,1
31,0,0.0945799350739,1
31,0,0.105263948441,1
31,0,0.102279901505,1
31,0,0.10244512558,1
31,0,0.0946569442749,1
31,0,0.105470180511,1
31,0,0.104964017868,1
31,0,0.108938932419,1
32,0,0.109163999557,1
32,0,0.0961511135101,1
32,0,0.0952210426331,1
32,0,0.101401090622,1
32,0,0.105313777924,1
32,0,0.10770201683,1
32,0,0.0957140922546,1
32,0,0.105684041977,1
32,0,0.109457969666,1
32,0,0.107184886932,1
33,0,0.106740951538,1
33,0,0.0924439430237,1
33,0,0.100155830383,1
33,0,0.104068040848,1
33,0,0.100973129272,1
33,0,0.101721048355,1
33,0,0.0975458621979,1
33,0,0.116800785065,1
33,0,0.10767698288,1
33,0,0.103096008301,1
34,0,0.103091001511,1
34,0,0.0919589996338,1
34,0,0.0944678783417,1
34,0,0.10570192337,1
34,0,0.110670089722,1
34,0,0.105180978775,1
34,0,0.10052895546,1
34,0,0.103739023209,1
34,0,0.108257055283,1
34,0,0.100783824921,1
35,0,0.106750965118,1
35,0,0.10033416748,1
35,0,0.124424934387,1
35,0,0.0997838973999,1
35,0,0.105057001114,1
35,0,0.106544017792,1
35,0,0.0979487895966,1
35,0,0.0997149944305,1
35,0,0.109141111374,1
35,0,0.100530862808,1
36,0,0.107438087463,1
36,0,0.107209920883,1
36,0,0.111289024353,1
36,0,0.111887931824,1
36,0,0.0978338718414,1
36,0,0.0993230342865,1
36,0,0.0966458320618,1
36,0,0.10159778595,1
36,0,0.109430074692,1
36,0,0.101590871811,1
37,0,0.112395048141,1
37,0,0.103444814682,1
37,0,0.113379955292,1
37,0,0.104529857635,1
37,0,0.107844114304,1
37,0,0.103860855103,1
37,0,0.10159277916,1
37,0,0.10009598732,1
37,0,0.113258838654,1
37,0,0.100265026093,1
38,0,0.113582849503,1
38,0,0.10417509079,1
38,0,0.11391711235,1
38,0,0.101177215576,1
38,0,0.10008597374,1
38,0,0.102645874023,1
38,0,0.103703022003,1
38,0,0.100042819977,1
38,0,0.111838102341,1
38,0,0.102552890778,1
39,0,0.122236013412,1
39,0,0.103147983551,1
39,0,0.118896007538,1
39,0,0.0979678630829,1
39,0,0.100806951523,1
39,0,0.101244926453,1
39,0,0.0993800163269,1
39,0,0.107788085938,1
39,0,0.112437009811,1
39,0,0.108659029007,1
40,0,0.105252981186,1
40,0,0.105551958084,1
40,0,0.125490188599,1
40,0,0.114194154739,1
40,0,0.13178396225,1
40,0,0.125038862228,1
40,0,0.12285399437,1
40,0,0.108388900757,1
40,0,0.116194963455,1
40,0,0.116269111633,1
41,0,0.10667014122,1
41,0,0.105428218842,1
41,0,0.121718168259,1
41,0,0.121116161346,1
41,0,0.125058889389,1
41,0,0.121737957001,1
41,0,0.115653991699,1
41,0,0.105164051056,1
41,0,0.120800971985,1
41,0,0.115411043167,1
42,0,0.104878902435,1
42,0,0.107872962952,1
42,0,0.124783992767,1
42,0,0.119156122208,1
42,0,0.135637998581,1
42,0,0.117712974548,1
42,0,0.118525028229,1
42,0,0.107293844223,1
42,0,0.126837968826,1
42,0,0.113212823868,1
43,0,0.110879898071,1
43,0,0.109294176102,1
43,0,0.123184919357,1
43,0,0.119679927826,1
43,0,0.119271993637,1
43,0,0.122437000275,1
43,0,0.117131948471,1
43,0,0.106878042221,1
43,0,0.12587594986,1
43,0,0.120414972305,1
44,0,0.10665512085,1
44,0,0.105320930481,1
44,0,0.120570898056,1
44,0,0.11581993103,1
44,0,0.120055198669,1
44,0,0.12294793129,1
44,0,0.119729995728,1
44,0,0.110860109329,1
44,0,0.131566047668,1
44,0,0.121189117432,1
45,0,0.12680888176,1
45,0,0.12536907196,1
45,0,0.133621931076,1
45,0,0.127636909485,1
45,0,0.118566989899,1
45,0,0.128602027893,1
45,0,0.113422870636,1
45,0,0.114234924316,1
45,0,0.128523111343,1
45,0,0.125584840775,1
46,0,0.130294084549,1
46,0,0.11886715889,1
46,0,0.119899988174,1
46,0,0.127547025681,1
46,0,0.116577148438,1
46,0,0.128197908401,1
46,0,0.114765882492,1
46,0,0.118088006973,1
46,0,0.135195016861,1
46,0,0.129235029221,1
47,0,0.125285863876,1
47,0,0.120079040527,1
47,0,0.12729883194,1
47,0,0.129993915558,1
47,0,0.117914915085,1
47,0,0.136458873749,1
47,0,0.116963863373,1
47,0,0.122195005417,1
47,0,0.133898019791,1
47,0,0.130280971527,1
48,0,0.134456157684,1
48,0,0.11340713501,1
48,0,0.125822782516,1
48,0,0.134663105011,1
48,0,0.115572929382,1
48,0,0.137132883072,1
48,0,0.113796949387,1
48,0,0.112608909607,1
48,0,0.128396034241,1
48,0,0.128187894821,1
49,0,0.134268045425,1
49,0,0.115785121918,1
49,0,0.129789829254,1
49,0,0.136465072632,1
49,0,0.114188909531,1
49,0,0.130696058273,1
49,0,0.116652965546,1
49,0,0.116346120834,1
49,0,0.130905151367,1
49,0,0.138314962387,1
50,0,0.118065834045,1
50,0,0.116169929504,1
50,0,0.117130994797,1
50,0,0.15394115448,1
50,0,0.121963977814,1
50,0,0.141689062119,1
50,0,0.119518995285,1
50,0,0.133765935898,1
50,0,0.137706041336,1
50,0,0.138230085373,1
51,0,0.119777917862,1
51,0,0.12317609787,1
51,0,0.122053146362,1
51,0,0.142551183701,1
51,0,0.123034954071,1
51,0,0.137611150742,1
51,0,0.122097015381,1
51,0,0.142827033997,1
51,0,0.142390966415,1
51,0,0.144190073013,1
52,0,0.12627696991,1
52,0,0.122612953186,1
52,0,0.120009899139,1
52,0,0.141727924347,1
52,0,0.117893218994,1
52,0,0.136708974838,1
52,0,0.121786117554,1
52,0,0.144369125366,1
52,0,0.141710042953,1
52,0,0.134068965912,1
53,0,0.122984886169,1
53,0,0.115379095078,1
53,0,0.121822834015,1
53,0,0.141577959061,1
53,0,0.129320144653,1
53,0,0.140799045563,1
53,0,0.128224849701,1
53,0,0.132375955582,1
53,0,0.136913061142,1
53,0,0.134608983994,1
54,0,0.121104001999,1
54,0,0.121387004852,1
54,0,0.130483150482,1
54,0,0.1409740448,1
54,0,0.12228512764,1
54,0,0.139003992081,1
54,0,0.122603178024,1
54,0,0.146992921829,1
54,0,0.138499975204,1
54,0,0.146096944809,1
55,0,0.155044078827,1
55,0,0.143561124802,1
55,0,0.134752988815,1
55,0,0.154514074326,1
55,0,0.14746594429,1
55,0,0.169404983521,1
55,0,0.151338100433,1
55,0,0.152458906174,1
55,0,0.158616065979,1
55,0,0.132443904877,1
56,0,0.15410399437,1
56,0,0.144773960114,1
56,0,0.12530207634,1
56,0,0.126667976379,1
56,0,0.151973962784,1
56,0,0.148953914642,1
56,0,0.138537168503,1
56,0,0.134370088577,1
56,0,0.131677865982,1
56,0,0.134804964066,1
57,0,0.148536920547,1
57,0,0.148615121841,1
57,0,0.134017944336,1
57,0,0.13685798645,1
57,0,0.146582126617,1
57,0,0.156304121017,1
57,0,0.132386922836,1
57,0,0.1320540905,1
57,0,0.129112958908,1
57,0,0.127290010452,1
58,0,0.156412124634,1
58,0,0.161827087402,1
58,0,0.133040904999,1
58,0,0.13282084465,1
58,0,0.149608135223,1
58,0,0.152456045151,1
58,0,0.130958795547,1
58,0,0.135307073593,1
58,0,0.133136987686,1
58,0,0.137180089951,1
59,0,0.15372800827,1
59,0,0.1452729702,1
59,0,0.133428096771,1
59,0,0.126791954041,1
59,0,0.154368877411,1
59,0,0.158171892166,1
59,0,0.13735294342,1
59,0,0.130820035934,1
59,0,0.135530948639,1
59,0,0.141090869904,1
60,0,0.148819923401,1
60,0,0.145015001297,1
60,0,0.157877922058,1
60,0,0.141662836075,1
60,0,0.158221006393,1
60,0,0.169999837875,1
60,0,0.162395000458,1
60,0,0.135495185852,1
60,0,0.138870954514,1
60,0,0.157998085022,1
61,0,0.137670040131,1
61,0,0.140981912613,1
61,0,0.160149097443,1
61,0,0.143943071365,1
61,0,0.1585688591,1
61,0,0.16050195694,1
61,0,0.160311937332,1
61,0,0.132885932922,1
61,0,0.139539957047,1
61,0,0.168518066406,1
62,0,0.140666007996,1
62,0,0.140748977661,1
62,0,0.160104990005,1
62,0,0.134800195694,1
62,0,0.161411046982,1
62,0,0.169497966766,1
62,0,0.171494960785,1
62,0,0.140893936157,1
62,0,0.135584115982,1
62,0,0.168751955032,1
63,0,0.13707613945,1
63,0,0.138003826141,1
63,0,0.158874034882,1
63,0,0.135264873505,1
63,0,0.160846948624,1
63,0,0.168673038483,1
63,0,0.160281896591,1
63,0,0.138277053833,1
63,0,0.153575181961,1
63,0,0.161221027374,1
64,0,0.139261007309,1
64,0,0.132798910141,1
64,0,0.15918302536,1
64,0,0.135548830032,1
64,0,0.169293880463,1
64,0,0.167141914368,1
64,0,0.163208007812,1
64,0,0.133827209473,1
64,0,0.13788318634,1
64,0,0.159599065781,1
65,0,0.169749975204,1
65,0,0.165414094925,1
65,0,0.16385102272,1
65,0,0.164746999741,1
65,0,0.17738199234,1
65,0,0.142379999161,1
65,0,0.166840076447,1
65,0,0.168654918671,1
65,0,0.168363809586,1
65,0,0.145144939423,1
66,0,0.170067071915,1
66,0,0.166048049927,1
66,0,0.170175075531,1
66,0,0.15874505043,1
66,0,0.176871061325,1
66,0,0.141940116882,1
66,0,0.176192045212,1
66,0,0.163051843643,1
66,0,0.15968298912,1
66,0,0.146485805511,1
67,0,0.160860061646,1
67,0,0.161866188049,1
67,0,0.17303109169,1
67,0,0.16899394989,1
67,0,0.170300006866,1
67,0,0.140025854111,1
67,0,0.163788795471,1
67,0,0.169288873672,1
67,0,0.173840045929,1
67,0,0.148107051849,1
68,0,0.159498929977,1
68,0,0.158821821213,1
68,0,0.162326097488,1
68,0,0.160550117493,1
68,0,0.190248012543,1
68,0,0.142121076584,1
68,0,0.1622569561,1
68,0,0.174836158752,1
68,0,0.163154125214,1
68,0,0.144049167633,1
69,0,0.159105062485,1
69,0,0.177600860596,1
69,0,0.161239147186,1
69,0,0.161208868027,1
69,0,0.172789812088,1
69,0,0.141941070557,1
69,0,0.159586906433,1
69,0,0.174223899841,1
69,0,0.164127111435,1
69,0,0.140550851822,1
70,0,0.153970956802,1
70,0,0.146880149841,1
70,0,0.150192022324,1
70,0,0.175065040588,1
70,0,0.165511846542,1
70,0,0.184987068176,1
70,0,0.181709051132,1
70,0,0.144510984421,1
70,0,0.155189990997,1
70,0,0.144621133804,1
71,0,0.148339986801,1
71,0,0.152866840363,1
71,0,0.152765035629,1
71,0,0.180860042572,1
71,0,0.175684928894,1
71,0,0.178631067276,1
71,0,0.172553062439,1
71,0,0.146488904953,1
71,0,0.161514043808,1
71,0,0.159909009933,1
72,0,0.151432991028,1
72,0,0.156433820724,1
72,0,0.149389028549,1
72,0,0.17181801796,1
72,0,0.168979167938,1
72,0,0.19087600708,1
72,0,0.174316167831,1
72,0,0.146260976791,1
72,0,0.152293920517,1
72,0,0.14279294014,1
73,0,0.150161981583,1
73,0,0.157058000565,1
73,0,0.149244070053,1
73,0,0.172882080078,1
73,0,0.17519903183,1
73,0,0.183142900467,1
73,0,0.168494224548,1
73,0,0.148619890213,1
73,0,0.147586107254,1
73,0,0.148743867874,1
74,0,0.14985203743,1
74,0,0.150530099869,1
74,0,0.146985054016,1
74,0,0.186120986938,1
74,0,0.170898914337,1
74,0,0.179152965546,1
74,0,0.17906498909,1
74,0,0.157593011856,1
74,0,0.155683040619,1
74,0,0.157238006592,1
75,0,0.154326915741,1
75,0,0.183058977127,1
75,0,0.164225101471,1
75,0,0.180335998535,1
75,0,0.191699981689,1
75,0,0.180530071259,1
75,0,0.152640104294,1
75,0,0.175166130066,1
75,0,0.177248954773,1
75,0,0.188674926758,1
76,0,0.196623086929,1
76,0,0.180876970291,1
76,0,0.154174089432,1
76,0,0.180484056473,1
76,0,0.189985990524,1
76,0,0.184420824051,1
76,0,0.150766134262,1
76,0,0.172424077988,1
76,0,0.151944875717,1
76,0,0.151280879974,1
77,0,0.171465873718,1
77,0,0.179841041565,1
77,0,0.150681018829,1
77,0,0.184071063995,1
77,0,0.18798494339,1
77,0,0.183233976364,1
77,0,0.152876138687,1
77,0,0.173354148865,1
77,0,0.148085832596,1
77,0,0.147055864334,1
78,0,0.15485906601,1
78,0,0.181765079498,1
78,0,0.165182828903,1
78,0,0.175617933273,1
78,0,0.190032958984,1
78,0,0.181025981903,1
78,0,0.148115873337,1
78,0,0.18000793457,1
78,0,0.153152942657,1
78,0,0.150385141373,1
79,0,0.157616853714,1
79,0,0.180475950241,1
79,0,0.154189109802,1
79,0,0.191184997559,1
79,0,0.201242923737,1
79,0,0.177811145782,1
79,0,0.16153383255,1
79,0,0.173731088638,1
79,0,0.150038003922,1
79,0,0.158918142319,1
80,0,0.200073003769,1
80,0,0.18164896965,1
80,0,0.166214942932,1
80,0,0.203379869461,1
80,0,0.156675100327,1
80,0,0.165418863297,1
80,0,0.194890022278,1
80,0,0.165177822113,1
80,0,0.194519042969,1
80,0,0.157778024673,1
81,0,0.197806119919,1
81,0,0.183208942413,1
81,0,0.160290956497,1
81,0,0.198438882828,1
81,0,0.1671230793,1
81,0,0.156829118729,1
81,0,0.194142103195,1
81,0,0.158905982971,1
81,0,0.193961143494,1
81,0,0.165307044983,1
82,0,0.20130610466,1
82,0,0.19057393074,1
82,0,0.156773090363,1
82,0,0.195061922073,1
82,0,0.162801980972,1
82,0,0.172860145569,1
82,0,0.197708129883,1
82,0,0.163949966431,1
82,0,0.180740833282,1
82,0,0.156219959259,1
83,0,0.196745872498,1
83,0,0.183903932571,1
83,0,0.160158872604,1
83,0,0.197393894196,1
83,0,0.165594100952,1
83,0,0.16211104393,1
83,0,0.199522972107,1
83,0,0.161573886871,1
83,0,0.188512086868,1
83,0,0.161900997162,1
84,0,0.190269947052,1
84,0,0.189664840698,1
84,0,0.163728952408,1
84,0,0.196302890778,1
84,0,0.153029203415,1
84,0,0.154970169067,1
84,0,0.201607227325,1
84,0,0.174383878708,1
84,0,0.197329998016,1
84,0,0.186366796494,1
85,0,0.17018699646,1
85,0,0.165858983994,1
85,0,0.202845096588,1
85,0,0.193629026413,1
85,0,0.195743083954,1
85,0,0.162846088409,1
85,0,0.165884017944,1
85,0,0.162056922913,1
85,0,0.188261985779,1
85,0,0.187638044357,1
86,0,0.165596008301,1
86,0,0.165303945541,1
86,0,0.201871871948,1
86,0,0.188256025314,1
86,0,0.200419902802,1
86,0,0.165426969528,1
86,0,0.173229932785,1
86,0,0.175662994385,1
86,0,0.187638998032,1
86,0,0.200374126434,1
87,0,0.162660121918,1
87,0,0.184698104858,1
87,0,0.209905147552,1
87,0,0.200323820114,1
87,0,0.19263792038,1
87,0,0.16826415062,1
87,0,0.165253162384,1
87,0,0.165406942368,1
87,0,0.198118925095,1
87,0,0.183140039444,1
88,0,0.163896083832,1
88,0,0.167144060135,1
88,0,0.217954158783,1
88,0,0.194644927979,1
88,0,0.196797132492,1
88,0,0.162062883377,1
88,0,0.161087989807,1
88,0,0.163818120956,1
88,0,0.194890975952,1
88,0,0.207734107971,1
89,0,0.163176059723,1
89,0,0.169098854065,1
89,0,0.205455064774,1
89,0,0.197319030762,1
89,0,0.197089910507,1
89,0,0.167109966278,1
89,0,0.160916090012,1
89,0,0.163420915604,1
89,0,0.194521903992,1
89,0,0.194876909256,1
90,0,0.169791936874,1
90,0,0.196491956711,1
90,0,0.173468828201,1
90,0,0.169351100922,1
90,0,0.212942123413,1
90,0,0.170992851257,1
90,0,0.211009979248,1
90,0,0.227489948273,1
90,0,0.204477787018,1
90,0,0.214772939682,1
91,0,0.169194936752,1
91,0,0.216408014297,1
91,0,0.174376964569,1
91,0,0.169564008713,1
91,0,0.21678185463,1
91,0,0.166249990463,1
91,0,0.205426931381,1
91,0,0.23265504837,1
91,0,0.206897974014,1
91,0,0.21756696701,1
92,0,0.175462961197,1
92,0,0.196930170059,1
92,0,0.172564029694,1
92,0,0.16573882103,1
92,0,0.213382005692,1
92,0,0.176350831985,1
92,0,0.209312915802,1
92,0,0.230213880539,1
92,0,0.205367088318,1
92,0,0.213042974472,1
93,0,0.171237945557,1
93,0,0.194792032242,1
93,0,0.180579185486,1
93,0,0.191787004471,1
93,0,0.227025032043,1
93,0,0.205820083618,1
93,0,0.253743886948,1
93,0,0.224035978317,1
93,0,0.205561876297,1
93,0,0.216295003891,1
94,0,0.173326969147,1
94,0,0.20828795433,1
94,0,0.173262834549,1
94,0,0.173576831818,1
94,0,0.220594882965,1
94,0,0.172171831131,1
94,0,0.214544057846,1
94,0,0.22376704216,1
94,0,0.209048986435,1
94,0,0.224277019501,1
95,0,0.228237867355,1
95,0,0.183805942535,1
95,0,0.225775003433,1
95,0,0.235402107239,1
95,0,0.207729101181,1
95,0,0.21237206459,1
95,0,0.184982061386,1
95,0,0.212804079056,1
95,0,0.224976062775,1
95,0,0.215005874634,1
96,0,0.214186906815,1
96,0,0.179829835892,1
96,0,0.217216968536,1
96,0,0.208841085434,1
96,0,0.21382689476,1
96,0,0.221364021301,1
96,0,0.177018880844,1
96,0,0.219601869583,1
96,0,0.228802919388,1
96,0,0.206299066544,1
97,0,0.219863176346,1
97,0,0.177436113358,1
97,0,0.212876081467,1
97,0,0.211395978928,1
97,0,0.211140871048,1
97,0,0.21312713623,1
97,0,0.181303977966,1
97,0,0.234157085419,1
97,0,0.216816902161,1
97,0,0.209391117096,1
98,0,0.215229988098,1
98,0,0.182453870773,1
98,0,0.229902982712,1
98,0,0.210367918015,1
98,0,0.207406997681,1
98,0,0.21647810936,1
98,0,0.181043148041,1
98,0,0.216165065765,1
98,0,0.211692094803,1
98,0,0.212167024612,1
99,0,0.222813844681,1
99,0,0.188361883163,1
99,0,0.218249082565,1
99,0,0.21768283844,1
99,0,0.219568014145,1
99,0,0.21697306633,1
99,0,0.187525987625,1
99,0,0.210524082184,1
99,0,0.2190721035,1
99,0,0.213626146317,1
100,0,0.186183929443,1
100,0,0.229784011841,1
100,0,0.187294960022,1
100,0,0.19011092186,1
100,0,0.233153820038,1
100,0,0.19272518158,1
100,0,0.189970016479,1
100,0,0.228859186172,1
100,0,0.221839904785,1
100,0,0.18520116806,1
101,0,0.190246105194,1
101,0,0.236993074417,1
101,0,0.192368030548,1
101,0,0.191826105118,1
101,0,0.239904165268,1
101,0,0.192301988602,1
101,0,0.18825006485,1
101,0,0.237843990326,1
101,0,0.243314027786,1
101,0,0.19174695015,1
102,0,0.186337947845,1
102,0,0.228603124619,1
102,0,0.190713167191,1
102,0,0.18891119957,1
102,0,0.237400054932,1
102,0,0.184762001038,1
102,0,0.183773994446,1
102,0,0.232894897461,1
102,0,0.234142065048,1
102,0,0.187350988388,1
103,0,0.191519975662,1
103,0,0.222378969193,1
103,0,0.183012962341,1
103,0,0.184710979462,1
103,0,0.234486818314,1
103,0,0.185564994812,1
103,0,0.188952922821,1
103,0,0.222235202789,1
103,0,0.220237970352,1
103,0,0.184870958328,1
104,0,0.196557044983,1
104,0,0.24754691124,1
104,0,0.195029020309,1
104,0,0.210001945496,1
104,0,0.236388206482,1
104,0,0.185491800308,1
104,0,0.188553094864,1
104,0,0.233894109726,1
104,0,0.232136011124,1
