0,0,0.203752040863,15
0,0,0.15177989006,15
0,0,0.16107416153,15
0,0,0.123159170151,15
0,0,0.175859928131,15
0,0,0.202411174774,15
0,0,0.183431148529,15
0,0,0.165077924728,15
0,0,0.176635980606,15
0,0,0.121114969254,15
1,0,0.129712104797,15
1,0,0.650851964951,87
1,0,0.148611068726,15
1,0,0.808861970901,87
1,0,0.750806093216,87
1,0,0.734941005707,87
1,0,0.159945964813,15
1,0,0.715565919876,87
1,0,0.199905872345,15
1,0,0.204712152481,15
2,0,0.181027889252,15
2,0,1.03763008118,93
2,0,0.210107088089,15
2,0,0.965298891068,93
2,0,0.808315992355,93
2,0,0.573379993439,87
2,0,0.136561870575,15
2,0,0.520033836365,87
2,0,0.129727840424,15
2,0,0.128416776657,15
3,0,0.528050899506,87
3,0,1.00218296051,153
3,0,0.124756097794,15
3,0,0.210201978683,39
3,0,1.00122499466,153
3,0,0.892291069031,147
3,0,0.12527012825,15
3,0,1.00923514366,153
3,0,0.127298116684,15
3,0,0.124857187271,15
4,0,1.69908499718,237
4,0,2.58522987366,333
4,0,0.132601976395,15
4,0,0.846086025238,147
4,0,2.95978307724,333
4,0,0.803495883942,87
4,0,0.123961925507,15
4,0,0.223850011826,39
4,0,0.126689195633,15
4,0,0.120141983032,15
5,0,0.46009683609,81
5,0,0.133500099182,15
5,0,0.134047985077,15
5,0,2.6682138443,327
5,0,0.134865999222,15
5,0,8.36176609993,729
5,0,8.52716207504,729
5,0,2.6915230751,327
5,0,1.78620100021,225
5,0,2.74633717537,327
6,0,2.7788310051,327
6,0,0.14065694809,15
6,0,0.138001918793,15
6,0,0.956542015076,147
6,0,0.140507936478,15
6,2,8.49717998505,727
6,2,8.13548707962,727
6,0,1.60425496101,225
6,0,0.946829080582,147
6,0,0.941960096359,147
7,0,2.63939285278,327
7,0,0.132961988449,15
7,0,0.134032011032,15
7,0,1.73111200333,231
7,0,0.131998062134,15
7,0,15.5390307903,1095
7,0,15.4176080227,1095
7,0,0.494160175323,87
7,0,8.26310896873,735
7,0,0.508790016174,87
8,0,6.13676810265,585
8,0,0.140389204025,15
8,0,0.147029876709,15
8,0,1.06591510773,147
8,0,0.192138910294,15
8,0,15.2211749554,1095
