0,0,0.152158021927,17
0,0,0.157604932785,17
0,0,0.151934146881,17
0,0,0.151659965515,17
0,0,0.154093980789,17
0,0,0.156975030899,17
0,0,0.149659872055,17
0,0,0.173336029053,17
0,0,0.143617868423,17
0,0,0.148203134537,17
1,2,0.395241975784,72
1,2,0.406435012817,72
1,2,0.411136865616,72
1,2,0.397876977921,72
1,0,0.146003961563,17
1,0,0.154312133789,17
1,2,0.397618055344,72
1,0,0.154204130173,17
1,0,0.154270172119,17
1,0,0.147511005402,17
2,4,0.747282981873,125
2,4,0.739873886108,125
2,4,0.749318122864,125
2,4,0.759938001633,125
2,0,0.147264003754,17
2,0,0.150303125381,17
2,4,0.735512971878,125
2,0,0.151116132736,17
2,0,0.151693820953,17
2,0,0.149510860443,17
3,6,1.22341299057,196
3,6,1.1774148941,196
3,6,1.19847297668,196
3,6,1.20731115341,196
3,0,0.157043933868,17
3,0,0.156496047974,17
3,6,1.21355104446,196
3,0,0.150475978851,17
3,0,0.153650999069,17
3,0,0.159183979034,17
4,8,2.3290848732,362
4,8,2.43394112587,362
4,8,2.3436870575,362
4,8,2.39542794228,362
4,0,0.153213977814,17
4,0,0.153831005096,17
4,8,2.3793399334,362
4,0,0.154229164124,17
4,0,0.163995981216,17
4,0,0.1595890522,17
