0,0,0.0627357959747,1
0,0,0.0590538978577,1
0,0,0.0575420856476,1
0,0,0.0561039447784,1
0,0,0.0607271194458,1
0,0,0.0576701164246,1
0,0,0.0539050102234,1
0,0,0.057238817215,1
0,0,0.0573790073395,1
0,0,0.0598690509796,1
1,0,0.0583519935608,1
1,0,0.0612261295319,1
1,0,0.062371969223,1
1,0,0.0600979328156,1
1,0,0.0563509464264,1
1,0,0.0604710578918,1
1,0,0.0621058940887,1
1,0,0.0655219554901,1
1,0,0.0610508918762,1
1,0,0.0610699653625,1
2,0,0.0630459785461,1
2,0,0.0630629062653,1
2,0,0.0783870220184,1
2,0,0.0682950019836,1
2,0,0.0623438358307,1
2,0,0.0620391368866,1
2,0,0.0638349056244,1
2,0,0.064544916153,1
2,0,0.0612349510193,1
2,0,0.0625429153442,1
3,0,0.0638480186462,1
3,0,0.0650999546051,1
3,0,0.0639369487762,1
3,0,0.0684819221497,1
3,0,0.0648949146271,1
3,0,0.0620808601379,1
3,0,0.0697450637817,1
3,0,0.0642011165619,1
3,0,0.063873052597,1
3,0,0.0634620189667,1
4,0,0.0659868717194,1
4,0,0.0643968582153,1
4,0,0.0655579566956,1
4,0,0.0655379295349,1
4,0,0.0649948120117,1
4,0,0.0611171722412,1
4,0,0.0645589828491,1
4,0,0.062450170517,1
4,0,0.0646300315857,1
4,0,0.0613360404968,1
5,0,0.0752739906311,1
5,0,0.0727088451385,1
5,0,0.071161031723,1
5,0,0.0742390155792,1
5,0,0.0748209953308,1
5,0,0.0695638656616,1
5,0,0.0731589794159,1
5,0,0.0673811435699,1
5,0,0.0712177753448,1
5,0,0.0697689056396,1
6,0,0.0741128921509,1
6,0,0.0722351074219,1
6,0,0.0771961212158,1
6,0,0.0732290744781,1
6,0,0.0708911418915,1
6,0,0.0755491256714,1
6,0,0.0750410556793,1
6,0,0.0694189071655,1
6,0,0.0735309123993,1
6,0,0.0726947784424,1
7,0,0.0759069919586,1
7,0,0.0761408805847,1
7,0,0.0706729888916,1
7,0,0.0715260505676,1
7,0,0.0708138942719,1
7,0,0.0698521137238,1
7,0,0.073380947113,1
7,0,0.0691969394684,1
7,0,0.07111287117,1
7,0,0.069433927536,1
8,0,0.0736420154572,1
8,0,0.0699710845947,1
8,0,0.0712099075317,1
8,0,0.0726578235626,1
8,0,0.0723659992218,1
8,0,0.072597026825,1
8,0,0.075737953186,1
8,0,0.0784029960632,1
8,0,0.0724339485168,1
8,0,0.0693368911743,1
9,0,0.0753419399261,1
9,0,0.072319984436,1
9,0,0.0706050395966,1
9,0,0.0758509635925,1
9,0,0.0755410194397,1
9,0,0.0746879577637,1
9,0,0.0745968818665,1
9,0,0.0699439048767,1
9,0,0.0788719654083,1
9,0,0.0712389945984,1
10,0,0.0784959793091,1
10,0,0.081787109375,1
10,0,0.0773909091949,1
10,0,0.0755331516266,1
10,0,0.0764758586884,1
10,0,0.0770900249481,1
10,0,0.0812110900879,1
10,0,0.0798509120941,1
10,0,0.0819489955902,1
10,0,0.0787670612335,1
11,0,0.0790779590607,1
11,0,0.0850028991699,1
11,0,0.0800352096558,1
11,0,0.0756709575653,1
11,0,0.0786418914795,1
11,0,0.0830171108246,1
11,0,0.0830938816071,1
11,0,0.0776450634003,1
11,0,0.0850079059601,1
11,0,0.0798602104187,1
12,0,0.0812408924103,1
12,0,0.0836000442505,1
12,0,0.0823900699615,1
12,0,0.0844449996948,1
12,0,0.0823619365692,1
12,0,0.080039024353,1
12,0,0.0862789154053,1
12,0,0.0781321525574,1
12,0,0.0922379493713,1
12,0,0.0778000354767,1
13,0,0.0796990394592,1
13,0,0.084979057312,1
13,0,0.0848679542542,1
13,0,0.0811409950256,1
13,0,0.0803351402283,1
13,0,0.0813307762146,1
13,0,0.0849809646606,1
13,0,0.0806419849396,1
13,0,0.0927398204803,1
13,0,0.0805630683899,1
14,0,0.0779678821564,1
14,0,0.0858812332153,1
14,0,0.0801589488983,1
14,0,0.078323841095,1
14,0,0.0816078186035,1
14,0,0.0801610946655,1
14,0,0.0860080718994,1
14,0,0.0815031528473,1
14,0,0.0871999263763,1
14,0,0.081417798996,1
15,0,0.0908420085907,1
15,0,0.0838301181793,1
15,0,0.0921230316162,1
15,0,0.0877149105072,1
15,0,0.0877640247345,1
15,0,0.0839698314667,1
15,0,0.0911040306091,1
15,0,0.0830450057983,1
15,0,0.0930399894714,1
15,0,0.10001707077,1
16,0,0.103538990021,1
16,0,0.0900588035583,1
16,0,0.0869538784027,1
16,0,0.0932898521423,1
16,0,0.0899789333344,1
16,0,0.0868389606476,1
16,0,0.0929870605469,1
16,0,0.084625005722,1
16,0,0.0893909931183,1
16,0,0.0880620479584,1
17,0,0.0882730484009,1
17,0,0.0823569297791,1
17,0,0.0906140804291,1
17,0,0.0910830497742,1
17,0,0.0903148651123,1
17,0,0.0904710292816,1
17,0,0.087287902832,1
17,0,0.0827779769897,1
17,0,0.0886731147766,1
17,0,0.091185092926,1
18,0,0.0880990028381,1
18,0,0.0827550888062,1
18,0,0.0885879993439,1
18,0,0.0904150009155,1
18,0,0.0920948982239,1
18,0,0.0857830047607,1
18,0,0.08607006073,1
18,0,0.0835750102997,1
18,0,0.0950858592987,1
18,0,0.0894660949707,1
19,0,0.0899829864502,1
19,0,0.0837419033051,1
19,0,0.087406873703,1
19,0,0.0893399715424,1
19,0,0.0896191596985,1
19,0,0.0857479572296,1
19,0,0.090940952301,1
19,0,0.0881009101868,1
19,0,0.0913681983948,1
19,0,0.0904171466827,1
20,0,0.0938429832458,1
20,0,0.0914528369904,1
20,0,0.0988788604736,1
20,0,0.0899310112,1
20,0,0.0886361598969,1
20,0,0.0958890914917,1
20,0,0.0955309867859,1
20,0,0.091078042984,1
20,0,0.0956599712372,1
20,0,0.0961527824402,1
21,0,0.102760791779,1
21,0,0.0911211967468,1
21,0,0.0960299968719,1
21,0,0.0892729759216,1
21,0,0.0880551338196,1
21,0,0.0929780006409,1
21,0,0.089329957962,1
21,0,0.0891819000244,1
21,0,0.0945401191711,1
21,0,0.0957200527191,1
22,0,0.090222120285,1
22,0,0.0890369415283,1
22,0,0.0899288654327,1
22,0,0.0903930664062,1
22,0,0.0895090103149,1
22,0,0.0950801372528,1
22,0,0.0939228534698,1
22,0,0.086895942688,1
22,0,0.0911769866943,1
22,0,0.0932319164276,1
23,0,0.0959670543671,1
23,0,0.0871090888977,1
23,0,0.0969190597534,1
23,0,0.0886790752411,1
23,0,0.0881290435791,1
23,0,0.0993909835815,1
23,0,0.0987868309021,1
23,0,0.0884170532227,1
23,0,0.0942211151123,1
23,0,0.0945358276367,1
24,0,0.094938993454,1
24,0,0.0930500030518,1
24,0,0.0965578556061,1
24,0,0.0880501270294,1
24,0,0.0876169204712,1
24,0,0.0955619812012,1
24,0,0.0925979614258,1
24,0,0.0875179767609,1
24,0,0.0975301265717,1
24,0,0.0959742069244,1
25,0,0.0939698219299,1
25,0,0.0983471870422,1
25,0,0.0938410758972,1
25,0,0.0908720493317,1
25,0,0.0968930721283,1
25,0,0.0956768989563,1
25,0,0.0897200107574,1
25,0,0.0987348556519,1
25,0,0.106728076935,1
25,0,0.0964479446411,1
26,0,0.0956227779388,1
26,0,0.0976800918579,1
26,0,0.0984299182892,1
26,0,0.0942270755768,1
26,0,0.0995991230011,1
26,0,0.0979659557343,1
26,0,0.091362953186,1
26,0,0.0985510349274,1
26,0,0.100564956665,1
26,0,0.0911269187927,1
27,0,0.094113111496,1
27,0,0.0988919734955,1
27,0,0.092362165451,1
27,0,0.0939090251923,1
27,0,0.102988004684,1
27,0,0.0992751121521,1
27,0,0.0944368839264,1
27,0,0.100287914276,1
27,0,0.102847099304,1
27,0,0.0974481105804,1
28,0,0.099378824234,1
28,0,0.103015899658,1
28,0,0.0987639427185,1
28,0,0.0977408885956,1
28,0,0.102425813675,1
28,0,0.103379011154,1
28,0,0.0966670513153,1
28,0,0.106656074524,1
28,0,0.0988438129425,1
28,0,0.0922849178314,1
29,0,0.0948839187622,1
29,0,0.0974969863892,1
29,0,0.0930831432343,1
29,0,0.0919559001923,1
29,0,0.101738929749,1
29,0,0.100615978241,1
29,0,0.0995349884033,1
29,0,0.0987830162048,1
29,0,0.0993850231171,1
29,0,0.0986859798431,1
30,0,0.104043960571,1
30,0,0.109265089035,1
30,0,0.108428001404,1
30,0,0.110337018967,1
30,0,0.104000806808,1
30,0,0.104157209396,1
30,0,0.10732293129,1
30,0,0.11291217804,1
30,0,0.102303028107,1
30,0,0.10190987587,1
31,0,0.110638856888,1
31,0,0.112473011017,1
31,0,0.107111215591,1
31,0,0.108597040176,1
31,0,0.109484195709,1
31,0,0.112267017365,1
31,0,0.111137151718,1
31,0,0.111563205719,1
31,0,0.102761983871,1
31,0,0.102134943008,1
32,0,0.109602928162,1
32,0,0.110795021057,1
32,0,0.117354869843,1
32,0,0.112200021744,1
32,0,0.110085010529,1
32,0,0.114792108536,1
32,0,0.117299079895,1
32,0,0.11562204361,1
32,0,0.101885080338,1
32,0,0.107958078384,1
33,0,0.109552145004,1
33,0,0.11832690239,1
33,0,0.113827943802,1
33,0,0.113869905472,1
33,0,0.117564201355,1
33,0,0.111312866211,1
33,0,0.119637012482,1
33,0,0.111716032028,1
33,0,0.103401184082,1
33,0,0.10453414917,1
34,0,0.116041183472,1
34,0,0.113133907318,1
34,0,0.11452293396,1
34,0,0.110800981522,1
34,0,0.114398956299,1
34,0,0.116039991379,1
34,0,0.118331193924,1
34,0,0.116332054138,1
34,0,0.105427026749,1
34,0,0.104076862335,1
35,0,0.112452983856,1
35,0,0.121860027313,1
35,0,0.109061956406,1
35,0,0.108010053635,1
35,0,0.117867946625,1
35,0,0.119994878769,1
35,0,0.1148250103,1
35,0,0.118807077408,1
35,0,0.12353181839,1
35,0,0.119989871979,1
36,0,0.110618114471,1
36,0,0.12032699585,1
36,0,0.112703084946,1
36,0,0.109836101532,1
36,0,0.126096010208,1
36,0,0.121695995331,1
36,0,0.121548891068,1
36,0,0.114556074142,1
36,0,0.117098093033,1
36,0,0.118176937103,1
37,0,0.109985113144,1
37,0,0.123487949371,1
37,0,0.113138914108,1
37,0,0.112180948257,1
37,0,0.128664016724,1
37,0,0.125774145126,1
37,0,0.123099088669,1
37,0,0.115432024002,1
37,0,0.114614009857,1
37,0,0.119117021561,1
38,0,0.112656116486,1
38,0,0.122801065445,1
38,0,0.108059167862,1
38,0,0.105273962021,1
38,0,0.121609210968,1
38,0,0.120159864426,1
38,0,0.116888999939,1
38,0,0.10618519783,1
38,0,0.118551015854,1
38,0,0.118733167648,1
39,0,0.109527111053,1
39,0,0.121957063675,1
39,0,0.108535051346,1
39,0,0.107969999313,1
39,0,0.119283914566,1
39,0,0.127457141876,1
39,0,0.125160217285,1
39,0,0.107922077179,1
39,0,0.13055896759,1
39,0,0.120876789093,1
40,0,0.123970031738,1
40,0,0.12052822113,1
40,0,0.124781131744,1
40,0,0.127166032791,1
40,0,0.130769014359,1
40,0,0.129826068878,1
40,0,0.117995023727,1
40,0,0.122282028198,1
40,0,0.117481946945,1
40,0,0.127780199051,1
41,0,0.125195980072,1
41,0,0.116977930069,1
41,0,0.124775886536,1
41,0,0.128947973251,1
41,0,0.132048845291,1
41,0,0.127086877823,1
41,0,0.118108987808,1
41,0,0.125998020172,1
41,0,0.113696813583,1
41,0,0.129612922668,1
42,0,0.129715919495,1
42,0,0.115838050842,1
42,0,0.125168085098,1
42,0,0.133444070816,1
42,0,0.126536846161,1
42,0,0.129080057144,1
42,0,0.11496591568,1
42,0,0.129669189453,1
42,0,0.119318008423,1
42,0,0.13584113121,1
43,0,0.136790037155,1
43,0,0.11815905571,1
43,0,0.128633022308,1
43,0,0.140089035034,1
43,0,0.129632949829,1
43,0,0.127701044083,1
43,0,0.115166902542,1
43,0,0.124290943146,1
43,0,0.116895914078,1
43,0,0.136984109879,1
44,0,0.127003192902,1
44,0,0.120038032532,1
44,0,0.13521695137,1
44,0,0.132927894592,1
44,0,0.127058982849,1
44,0,0.125870227814,1
44,0,0.116855859756,1
44,0,0.129302024841,1
44,0,0.120476961136,1
44,0,0.132503986359,1
45,0,0.14314198494,1
45,0,0.127049922943,1
45,0,0.135987997055,1
45,0,0.139870882034,1
45,0,0.129204034805,1
45,0,0.138606071472,1
45,0,0.140687942505,1
45,0,0.148138046265,1
45,0,0.12352514267,1
45,0,0.143484115601,1
46,0,0.139570951462,1
46,0,0.125490188599,1
46,0,0.140552997589,1
46,0,0.140368938446,1
46,0,0.120702981949,1
46,0,0.136909008026,1
46,0,0.145554065704,1
46,0,0.139679908752,1
46,0,0.122730970383,1
46,0,0.140355110168,1
47,0,0.140027999878,1
47,0,0.126299142838,1
47,0,0.137970924377,1
47,0,0.135583877563,1
47,0,0.12201499939,1
47,0,0.140782117844,1
47,0,0.136929035187,1
47,0,0.136293172836,1
47,0,0.117747068405,1
47,0,0.141875982285,1
48,0,0.137000799179,1
48,0,0.126895189285,1
48,0,0.135632991791,1
48,0,0.135622024536,1
48,0,0.126910924911,1
48,0,0.139361143112,1
48,0,0.139096975327,1
48,0,0.137157917023,1
48,0,0.121208906174,1
48,0,0.141315937042,1
49,0,0.147429943085,1
49,0,0.125071048737,1
49,0,0.139389038086,1
49,0,0.144460201263,1
49,0,0.127748012543,1
49,0,0.138513088226,1
49,0,0.142333984375,1
49,0,0.143364906311,1
49,0,0.123307943344,1
49,0,0.143109083176,1
50,0,0.129859209061,1
50,0,0.144061088562,1
50,0,0.142285108566,1
50,0,0.125860929489,1
50,0,0.144320011139,1
50,0,0.146978139877,1
50,0,0.144863128662,1
50,0,0.147931098938,1
50,0,0.127532958984,1
50,0,0.124986886978,1
51,0,0.123912096024,1
51,0,0.147296190262,1
51,0,0.14124083519,1
51,0,0.130609035492,1
51,0,0.143464803696,1
51,0,0.144125938416,1
51,0,0.144798994064,1
51,0,0.142915010452,1
51,0,0.124991893768,1
51,0,0.125977993011,1
52,0,0.127161979675,1
52,0,0.144866943359,1
52,0,0.147665023804,1
52,0,0.129455089569,1
52,0,0.145011901855,1
52,0,0.143970966339,1
52,0,0.147257804871,1
52,0,0.146395921707,1
52,0,0.124482870102,1
52,0,0.125380992889,1
53,0,0.133460044861,1
53,0,0.148156881332,1
53,0,0.141600131989,1
53,0,0.128779888153,1
53,0,0.140226125717,1
53,0,0.150325059891,1
53,0,0.150265932083,1
53,0,0.141709089279,1
53,0,0.125953912735,1
53,0,0.129953861237,1
54,0,0.125580072403,1
54,0,0.146654129028,1
54,0,0.148775100708,1
54,0,0.126415014267,1
54,0,0.143007040024,1
54,0,0.143507957458,1
54,0,0.147243022919,1
54,0,0.145890951157,1
54,0,0.125833034515,1
54,0,0.125744104385,1
55,0,0.157495975494,1
55,0,0.156522989273,1
55,0,0.134923934937,1
55,0,0.151731014252,1
55,0,0.132218837738,1
55,0,0.156605958939,1
55,0,0.139406919479,1
55,0,0.153636932373,1
55,0,0.150778055191,1
55,0,0.141094207764,1
56,0,0.158092021942,1
56,0,0.160920858383,1
56,0,0.1400411129,1
56,0,0.15770816803,1
56,0,0.134265899658,1
56,0,0.156237840652,1
56,0,0.141952991486,1
56,0,0.155972003937,1
56,0,0.158071994781,1
56,0,0.137859106064,1
57,0,0.160328865051,1
57,0,0.15810084343,1
57,0,0.136459112167,1
57,0,0.173111915588,1
57,0,0.138721942902,1
57,0,0.158042907715,1
57,0,0.138986110687,1
57,0,0.162901163101,1
57,0,0.150754928589,1
57,0,0.13837313652,1
58,0,0.154142141342,1
58,0,0.153532981873,1
58,0,0.135109901428,1
58,0,0.155537128448,1
58,0,0.133010149002,1
58,0,0.159888029099,1
58,0,0.137732028961,1
58,0,0.156116962433,1
58,0,0.157824993134,1
58,0,0.137008905411,1
59,0,0.153527975082,1
59,0,0.151952981949,1
59,0,0.13236284256,1
59,0,0.157918930054,1
59,0,0.134125947952,1
59,0,0.156147003174,1
59,0,0.137902021408,1
59,0,0.157674074173,1
59,0,0.153432846069,1
59,0,0.134157896042,1
60,0,0.16990685463,1
60,0,0.161916017532,1
60,0,0.160134077072,1
60,0,0.156339883804,1
60,0,0.163591146469,1
60,0,0.147989034653,1
60,0,0.161756038666,1
60,0,0.15829205513,1
60,0,0.168390989304,1
60,0,0.165557861328,1
61,0,0.164154052734,1
61,0,0.156860113144,1
61,0,0.160911083221,1
61,0,0.167881011963,1
61,0,0.147060155869,1
61,0,0.144560098648,1
61,0,0.17440199852,1
61,0,0.159554958344,1
61,0,0.162214040756,1
61,0,0.168632984161,1
62,0,0.16151881218,1
62,0,0.163666009903,1
62,0,0.165611028671,1
62,0,0.165219068527,1
62,0,0.147659063339,1
62,0,0.145092964172,1
62,0,0.165030956268,1
62,0,0.158653974533,1
62,0,0.164010047913,1
62,0,0.171056985855,1
63,0,0.167938947678,1
63,0,0.165894985199,1
63,0,0.164237976074,1
63,0,0.158820152283,1
63,0,0.14368391037,1
63,0,0.145517110825,1
63,0,0.160516023636,1
63,0,0.158200025558,1
63,0,0.160204172134,1
63,0,0.166248083115,1
64,0,0.162548065186,1
64,0,0.16814494133,1
64,0,0.164875030518,1
64,0,0.15923500061,1
64,0,0.141685009003,1
64,0,0.138166189194,1
64,0,0.169192075729,1
64,0,0.161079883575,1
64,0,0.16016793251,1
64,0,0.166845083237,1
65,0,0.148703813553,1
65,0,0.165169000626,1
65,0,0.176781892776,1
65,0,0.146182060242,1
65,0,0.173541069031,1
65,0,0.183683872223,1
65,0,0.154620170593,1
65,0,0.160248994827,1
65,0,0.167963981628,1
65,0,0.148871183395,1
66,0,0.151231050491,1
66,0,0.168870925903,1
66,0,0.186551094055,1
66,0,0.152897119522,1
66,0,0.175943136215,1
66,0,0.181735992432,1
66,0,0.153147935867,1
66,0,0.147750854492,1
66,0,0.175367116928,1
66,0,0.151427030563,1
67,0,0.144171953201,1
67,0,0.169936180115,1
67,0,0.181697130203,1
67,0,0.147786140442,1
67,0,0.16871213913,1
67,0,0.175885915756,1
67,0,0.148468017578,1
67,0,0.153768777847,1
67,0,0.171186208725,1
67,0,0.15149307251,1
68,0,0.14638209343,1
68,0,0.174436092377,1
68,0,0.186347961426,1
68,0,0.148904800415,1
68,0,0.177469015121,1
68,0,0.179070949554,1
68,0,0.151750087738,1
68,0,0.147572040558,1
68,0,0.164415836334,1
68,0,0.143872976303,1
69,0,0.146996974945,1
69,0,0.167027950287,1
69,0,0.180513143539,1
69,0,0.146009922028,1
69,0,0.170140028,1
69,0,0.175554037094,1
69,0,0.148640871048,1
69,0,0.146829128265,1
69,0,0.168709993362,1
69,0,0.149179935455,1
70,0,0.180963993073,1
70,0,0.184041023254,1
70,0,0.175917863846,1
70,0,0.159822940826,1
70,0,0.151744842529,1
70,0,0.174235105515,1
70,0,0.180202007294,1
70,0,0.156884908676,1
70,0,0.173319101334,1
70,0,0.178035020828,1
71,0,0.183346033096,1
71,0,0.181728839874,1
71,0,0.176801919937,1
71,0,0.157537937164,1
71,0,0.153515100479,1
71,0,0.180469989777,1
71,0,0.188776016235,1
71,0,0.161879062653,1
71,0,0.180801153183,1
71,0,0.178756952286,1
72,0,0.19014787674,1
72,0,0.18709897995,1
72,0,0.17805480957,1
72,0,0.159519195557,1
72,0,0.160300970078,1
72,0,0.176625013351,1
72,0,0.185398101807,1
72,0,0.15395283699,1
72,0,0.170688867569,1
72,0,0.174644947052,1
73,0,0.181934833527,1
73,0,0.189227104187,1
73,0,0.176373004913,1
73,0,0.158236026764,1
73,0,0.152908802032,1
73,0,0.176156044006,1
73,0,0.177284955978,1
73,0,0.154898166656,1
73,0,0.178166866302,1
73,0,0.174962997437,1
74,0,0.187510967255,1
74,0,0.180279970169,1
74,0,0.167062044144,1
74,0,0.150463104248,1
74,0,0.14783000946,1
74,0,0.17518901825,1
74,0,0.177263021469,1
74,0,0.15086388588,1
74,0,0.172871112823,1
74,0,0.182910919189,1
75,0,0.155725002289,1
75,0,0.177369832993,1
75,0,0.197062969208,1
75,0,0.189701080322,1
75,0,0.156100034714,1
75,0,0.161035060883,1
75,0,0.199661016464,1
75,0,0.164371013641,1
75,0,0.200023889542,1
75,0,0.186062097549,1
76,0,0.152982950211,1
76,0,0.171560049057,1
76,0,0.188854932785,1
76,0,0.181735038757,1
76,0,0.15398812294,1
76,0,0.158440828323,1
76,0,0.190970897675,1
76,0,0.151319980621,1
76,0,0.183115959167,1
76,0,0.182914972305,1
77,0,0.158804893494,1
77,0,0.177945137024,1
77,0,0.192612886429,1
77,0,0.186577796936,1
77,0,0.161026000977,1
77,0,0.1608710289,1
77,0,0.192838907242,1
77,0,0.166656970978,1
77,0,0.194236040115,1
77,0,0.191416025162,1
78,0,0.161458015442,1
78,0,0.180648088455,1
78,0,0.196794986725,1
78,0,0.189306020737,1
78,0,0.161670923233,1
78,0,0.160221099854,1
78,0,0.198612928391,1
78,0,0.16291809082,1
78,0,0.193898916245,1
78,0,0.181107997894,1
79,0,0.16379404068,1
79,0,0.186261892319,1
79,0,0.196521997452,1
79,0,0.1871509552,1
79,0,0.15598487854,1
79,0,0.158699989319,1
79,0,0.189830064774,1
79,0,0.161086082458,1
79,0,0.188383102417,1
79,0,0.189690113068,1
80,0,0.196022033691,1
80,0,0.170641899109,1
80,0,0.168238162994,1
80,0,0.202178001404,1
80,0,0.168174982071,1
80,0,0.168823003769,1
80,0,0.20024895668,1
80,0,0.192693948746,1
80,0,0.168833017349,1
80,0,0.203569889069,1
81,0,0.210381031036,1
81,0,0.168050050735,1
81,0,0.167574167252,1
81,0,0.19219994545,1
81,0,0.174935817719,1
81,0,0.16694688797,1
81,0,0.204850912094,1
81,0,0.194763898849,1
81,0,0.165697097778,1
81,0,0.200744152069,1
82,0,0.19601392746,1
82,0,0.172661066055,1
82,0,0.169385910034,1
82,0,0.195760965347,1
82,0,0.168178081512,1
82,0,0.167377948761,1
82,0,0.196940898895,1
82,0,0.190880060196,1
82,0,0.170017957687,1
82,0,0.202106952667,1
83,0,0.187996864319,1
83,0,0.166542053223,1
83,0,0.163589954376,1
83,0,0.187963008881,1
83,0,0.164419174194,1
83,0,0.163026094437,1
83,0,0.19819188118,1
83,0,0.185063123703,1
83,0,0.160874128342,1
83,0,0.193382978439,1
84,0,0.200535058975,1
84,0,0.169872045517,1
84,0,0.167759895325,1
84,0,0.187427997589,1
84,0,0.16570520401,1
84,0,0.168339967728,1
84,0,0.191061019897,1
84,0,0.187653064728,1
84,0,0.165955066681,1
84,0,0.197525978088,1
85,0,0.176094055176,1
85,0,0.180765867233,1
85,0,0.19299197197,1
85,0,0.176960945129,1
85,0,0.209595918655,1
85,0,0.205877065659,1
85,0,0.200052976608,1
85,0,0.181504011154,1
85,0,0.207233190536,1
85,0,0.179786920547,1
86,0,0.168778896332,1
86,0,0.172315835953,1
86,0,0.194764137268,1
86,0,0.175271987915,1
86,0,0.206096172333,1
86,0,0.196166992188,1
86,0,0.206455945969,1
86,0,0.172631978989,1
86,0,0.208041906357,1
86,0,0.180585861206,1
87,0,0.175784826279,1
87,0,0.173974990845,1
87,0,0.204706907272,1
87,0,0.175836086273,1
87,0,0.204211950302,1
87,0,0.203738927841,1
87,0,0.207880973816,1
87,0,0.174394130707,1
87,0,0.198395013809,1
87,0,0.168350934982,1
88,0,0.1685359478,1
88,0,0.170094013214,1
88,0,0.199039936066,1
88,0,0.172936201096,1
88,0,0.200222015381,1
88,0,0.197386026382,1
88,0,0.200845956802,1
88,0,0.168963909149,1
88,0,0.204764127731,1
88,0,0.170657873154,1
89,0,0.166406869888,1
89,0,0.176750898361,1
89,0,0.201463937759,1
89,0,0.169600963593,1
89,0,0.201182126999,1
89,0,0.204572916031,1
89,0,0.196094036102,1
89,0,0.170831918716,1
89,0,0.20271396637,1
89,0,0.173998832703,1
90,0,0.17822098732,1
90,0,0.239760160446,1
90,0,0.181276082993,1
90,0,0.201589107513,1
90,0,0.20804309845,1
90,0,0.181526899338,1
90,0,0.20701789856,1
90,0,0.187956094742,1
90,0,0.219372034073,1
90,0,0.21475982666,1
91,0,0.179306983948,1
91,0,0.224571943283,1
91,0,0.180183172226,1
91,0,0.221040010452,1
91,0,0.207442045212,1
91,0,0.173347949982,1
91,0,0.202800035477,1
91,0,0.186133861542,1
91,0,0.213478088379,1
91,0,0.216232061386,1
92,0,0.18034696579,1
92,0,0.210731983185,1
92,0,0.179870128632,1
92,0,0.212515115738,1
92,0,0.20904302597,1
92,0,0.183588027954,1
92,0,0.198011159897,1
92,0,0.183588027954,1
92,0,0.217293977737,1
92,0,0.214743852615,1
93,0,0.175997018814,1
93,0,0.216856956482,1
93,0,0.180106163025,1
93,0,0.217521905899,1
93,0,0.222626924515,1
93,0,0.179646968842,1
93,0,0.209794044495,1
93,0,0.180343866348,1
93,0,0.213649988174,1
93,0,0.205409049988,1
94,0,0.17671585083,1
94,0,0.214580059052,1
94,0,0.176237106323,1
94,0,0.216886997223,1
94,0,0.208070993423,1
94,0,0.170009851456,1
94,0,0.199733018875,1
94,0,0.173871994019,1
94,0,0.202339887619,1
94,0,0.206825971603,1
95,0,0.237213134766,1
95,0,0.183246850967,1
95,0,0.228384971619,1
95,0,0.224549055099,1
95,0,0.191029071808,1
95,0,0.213194131851,1
95,0,0.185240030289,1
95,0,0.183990001678,1
95,0,0.185358047485,1
95,0,0.231825113297,1
96,0,0.233535051346,1
96,0,0.186532020569,1
96,0,0.237770795822,1
96,0,0.204885005951,1
96,0,0.1878221035,1
96,0,0.223645925522,1
96,0,0.188725948334,1
96,0,0.186250209808,1
96,0,0.187301874161,1
96,0,0.234961986542,1
97,0,0.236760139465,1
97,0,0.18075799942,1
97,0,0.233097791672,1
97,0,0.217933893204,1
97,0,0.189870119095,1
97,0,0.218971014023,1
97,0,0.187801122665,1
97,0,0.17827796936,1
97,0,0.181740045547,1
97,0,0.223876953125,1
98,0,0.231019973755,1
98,0,0.179967880249,1
98,0,0.234318971634,1
98,0,0.210029840469,1
98,0,0.181465148926,1
98,0,0.217304944992,1
98,0,0.179291963577,1
98,0,0.182646036148,1
98,0,0.187206983566,1
98,0,0.231396913528,1
99,0,0.229271888733,1
99,0,0.181231021881,1
99,0,0.227756977081,1
99,0,0.212321043015,1
99,0,0.186630010605,1
99,0,0.219391107559,1
99,0,0.186723947525,1
99,0,0.178818941116,1
99,0,0.182426929474,1
99,0,0.228658914566,1
100,0,0.194538831711,1
100,0,0.242041110992,1
100,0,0.223222017288,1
100,0,0.234375953674,1
100,0,0.21768283844,1
100,0,0.244377851486,1
100,0,0.218835115433,1
100,0,0.1917719841,1
100,0,0.226407051086,1
100,0,0.230329990387,1
101,0,0.197939157486,1
101,0,0.248017072678,1
101,0,0.225214004517,1
101,0,0.233431100845,1
101,0,0.231809139252,1
101,0,0.241990089417,1
101,0,0.234259843826,1
101,0,0.200263023376,1
101,0,0.231815814972,1
101,0,0.245969057083,1
102,0,0.19389796257,1
102,0,0.235373973846,1
102,0,0.237211942673,1
102,0,0.233315944672,1
102,0,0.238296031952,1
102,0,0.240417003632,1
102,0,0.221765995026,1
102,0,0.192378044128,1
102,0,0.22808599472,1
102,0,0.231299161911,1
103,0,0.191758155823,1
103,0,0.23804807663,1
103,0,0.210013866425,1
103,0,0.225397109985,1
103,0,0.218693971634,1
103,0,0.228510141373,1
103,0,0.220218896866,1
103,0,0.182922124863,1
103,0,0.224407911301,1
103,0,0.228723049164,1
104,0,0.184412002563,1
104,0,0.237522125244,1
104,0,0.219336986542,1
104,0,0.231123924255,1
104,0,0.217472076416,1
104,0,0.235037088394,1
104,0,0.213997125626,1
104,0,0.1791639328,1
104,0,0.209765911102,1
104,0,0.218457937241,1
105,0,0.232436180115,1
105,0,0.196374177933,1
105,0,0.241520881653,1
105,0,0.244793891907,1
105,0,0.249902963638,1
105,0,0.223980903625,1
105,0,0.197130918503,1
105,0,0.231325149536,1
105,0,0.233267068863,1
105,0,0.202797174454,1
106,0,0.244370937347,1
106,0,0.198788881302,1
106,0,0.243307113647,1
106,0,0.242803096771,1
106,0,0.256198883057,1
106,0,0.242141008377,1
106,0,0.204171895981,1
106,0,0.231899023056,1
106,0,0.247090816498,1
106,0,0.202974796295,1
107,0,0.243865013123,1
107,0,0.198777914047,1
107,0,0.242057085037,1
107,0,0.247159004211,1
107,0,0.256875038147,1
107,0,0.241322994232,1
107,0,0.189789056778,1
107,0,0.23778295517,1
107,0,0.249558925629,1
107,0,0.201851129532,1
108,0,0.237869024277,1
108,0,0.19300699234,1
108,0,0.246554136276,1
108,0,0.243216991425,1
108,0,0.264340877533,1
108,0,0.231454133987,1
108,0,0.199966907501,1
108,0,0.240713834763,1
108,0,0.236502885818,1
108,0,0.202508926392,1
109,0,0.233839035034,1
109,0,0.199833869934,1
109,0,0.242537021637,1
109,0,0.24050283432,1
109,0,0.246994972229,1
109,0,0.227508068085,1
109,0,0.197946071625,1
109,0,0.240011930466,1
109,0,0.236210107803,1
109,0,0.19965004921,1
110,0,0.245001077652,1
110,0,0.200217962265,1
110,0,0.209782123566,1
110,0,0.256340026855,1
110,0,0.213630914688,1
110,0,0.260476112366,1
110,0,0.254292964935,1
110,0,0.241254091263,1
110,0,0.266713142395,1
110,0,0.213224172592,1
111,0,0.23916387558,1
111,0,0.193895101547,1
111,0,0.198479175568,1
111,0,0.245521068573,1
111,0,0.194642066956,1
111,0,0.263842105865,1
111,0,0.243753910065,1
111,0,0.243562936783,1
111,0,0.267160892487,1
111,0,0.207533121109,1
112,0,0.248823165894,1
112,0,0.210783958435,1
112,0,0.207974910736,1
112,0,0.250696897507,1
112,0,0.208146095276,1
112,0,0.272446155548,1
112,0,0.232646942139,1
112,0,0.247878074646,1
112,0,0.264312982559,1
112,0,0.208255052567,1
113,0,0.258926153183,1
113,0,0.205233097076,1
113,0,0.200247049332,1
113,0,0.242505073547,1
113,0,0.212146043777,1
113,0,0.25679397583,1
113,0,0.243219852448,1
113,0,0.248216152191,1
113,0,0.25589299202,1
113,0,0.204936027527,1
114,0,0.261062860489,1
114,0,0.205747842789,1
114,0,0.206413984299,1
114,0,0.253150939941,1
114,0,0.209229946136,1
114,0,0.274204969406,1
114,0,0.260075092316,1
114,0,0.24414896965,1
114,0,0.267718076706,1
114,0,0.205682039261,1
115,0,0.214798927307,1
115,0,0.266556978226,1
115,0,0.259081840515,1
115,0,0.265785932541,1
115,0,0.248876094818,1
115,0,0.221439123154,1
115,0,0.265164852142,1
115,0,0.21427989006,1
115,0,0.25709104538,1
115,0,0.26877117157,1
116,0,0.218019008636,1
116,0,0.263257026672,1
116,0,0.283543109894,1
116,0,0.253577947617,1
116,0,0.246895074844,1
116,0,0.21132183075,1
116,0,0.253248929977,1
116,0,0.213610172272,1
116,0,0.248894929886,1
116,0,0.258306980133,1
117,0,0.209357023239,1
117,0,0.254314184189,1
117,0,0.262655973434,1
117,0,0.255352020264,1
117,0,0.249713182449,1
117,0,0.211710214615,1
117,0,0.258098125458,1
117,0,0.217038869858,1
117,0,0.253566026688,1
117,0,0.25341796875,1
118,0,0.213645935059,1
118,0,0.243129968643,1
118,0,0.255174160004,1
118,0,0.248231887817,1
118,0,0.248417854309,1
118,0,0.209208011627,1
118,0,0.25905585289,1
118,0,0.217149972916,1
118,0,0.243259906769,1
118,0,0.252524137497,1
119,0,0.206389904022,1
119,0,0.251745939255,1
119,0,0.254367113113,1
119,0,0.329227924347,1
119,0,0.244206905365,1
119,0,0.214345932007,1
119,0,0.260318994522,1
119,0,0.214504003525,1
119,0,0.245656967163,1
119,0,0.260563135147,1
120,0,0.287573814392,1
120,0,0.26895904541,1
120,0,0.286103963852,1
120,0,0.227609872818,1
120,0,0.283025026321,1
120,0,0.220437049866,1
120,0,0.227072954178,1
120,0,0.283965110779,1
120,0,0.278359889984,1
120,0,0.219423055649,1
121,0,0.282641887665,1
121,0,0.259547948837,1
121,0,0.28258895874,1
121,0,0.218776226044,1
121,0,0.271377086639,1
121,0,0.215682029724,1
121,0,0.227015018463,1
121,0,0.268382072449,1
121,0,0.298696041107,1
121,0,0.219652891159,1
122,0,0.272419929504,1
122,0,0.273959875107,1
122,0,0.27733206749,1
122,0,0.220944881439,1
122,0,0.276991128922,1
122,0,0.214625120163,1
122,0,0.220695972443,1
122,0,0.261208057404,1
122,0,0.27937912941,1
122,0,0.21492099762,1
123,0,0.278512954712,1
123,0,0.273663043976,1
123,0,0.28680896759,1
123,0,0.219655990601,1
123,0,0.272524118423,1
123,0,0.216516017914,1
123,0,0.221348047256,1
123,0,0.27509188652,1
123,0,0.283802032471,1
123,0,0.214625835419,1
124,0,0.280998945236,1
124,0,0.260833024979,1
124,0,0.279466867447,1
124,0,0.221331119537,1
124,0,0.258583068848,1
124,0,0.219655036926,1
124,0,0.220044851303,1
124,0,0.264261007309,1
124,0,0.273519992828,1
124,0,0.216142177582,1
125,0,0.261834859848,1
125,0,0.22195982933,1
125,0,0.220756053925,1
125,0,0.224881887436,1
125,0,0.287643194199,1
125,0,0.25749206543,1
125,0,0.271893978119,1
125,0,0.291388034821,1
125,0,0.264201164246,1
125,0,0.22342300415,1
126,0,0.287206172943,1
126,0,0.231024980545,1
126,0,0.233855009079,1
126,0,0.220837116241,1
126,0,0.282077074051,1
126,0,0.26881814003,1
126,0,0.272699117661,1
126,0,0.27761387825,1
126,0,0.253612041473,1
126,0,0.223510980606,1
127,0,0.273118019104,1
127,0,0.228302001953,1
127,0,0.223745822906,1
127,0,0.228675127029,1
127,0,0.276179075241,1
127,0,0.268079996109,1
127,0,0.267452955246,1
127,0,0.281790971756,1
127,0,0.270050048828,1
127,0,0.221670866013,1
128,0,0.273587942123,1
128,0,0.228409051895,1
128,0,0.218134880066,1
128,0,0.221236228943,1
128,0,0.270727872849,1
128,0,0.278259992599,1
128,0,0.278397798538,1
128,0,0.261500120163,1
128,0,0.26785492897,1
128,0,0.226368904114,1
129,0,0.282259941101,1
129,0,0.228314161301,1
129,0,0.228370904922,1
129,0,0.220709085464,1
129,0,0.271864891052,1
129,0,0.280330896378,1
129,0,0.28120303154,1
129,0,0.287323951721,1
129,0,0.261610031128,1
129,0,0.223749160767,1
130,0,0.231939077377,1
130,0,0.280097007751,1
130,0,0.278469085693,1
130,0,0.278889894485,1
130,0,0.235517978668,1
130,0,0.231812953949,1
130,0,0.270936012268,1
130,0,0.292065143585,1
130,0,0.295912027359,1
130,0,0.2349858284,1
131,0,0.232075214386,1
131,0,0.284207820892,1
131,0,0.279450178146,1
131,0,0.284337043762,1
131,0,0.239130973816,1
131,0,0.23156785965,1
131,0,0.283529996872,1
131,0,0.286085128784,1
131,0,0.291632890701,1
131,0,0.23414182663,1
132,0,0.247432947159,1
132,0,0.271865129471,1
132,0,0.27662396431,1
132,0,0.279158115387,1
132,0,0.227086782455,1
132,0,0.236541032791,1
132,0,0.280382871628,1
132,0,0.287039995193,1
132,0,0.285702943802,1
132,0,0.239422082901,1
133,0,0.239024877548,1
133,0,0.293768882751,1
133,0,0.276207208633,1
133,0,0.282531023026,1
133,0,0.239226818085,1
133,0,0.238289833069,1
133,0,0.27485203743,1
133,0,0.293615102768,1
133,0,0.29669213295,1
133,0,0.230324983597,1
134,0,0.236814022064,1
134,0,0.286274194717,1
134,0,0.274748086929,1
134,0,0.29091501236,1
134,0,0.234055042267,1
134,0,0.228876113892,1
134,0,0.268761873245,1
134,0,0.278496026993,1
134,0,0.286288976669,1
134,0,0.233149051666,1
135,0,0.314744949341,1
135,0,0.249447107315,1
135,0,0.246145009995,1
135,0,0.300137042999,1
135,0,0.286377906799,1
135,0,0.240083932877,1
135,0,0.242008924484,1
135,0,0.239961862564,1
135,0,0.236375808716,1
135,0,0.330913066864,1
136,0,0.297390937805,1
136,0,0.237184047699,1
136,0,0.238317966461,1
136,0,0.300574064255,1
136,0,0.288362979889,1
136,0,0.241322040558,1
136,0,0.237844944,1
136,0,0.239425897598,1
136,0,0.243016004562,1
136,0,0.303864955902,1
137,0,0.295625925064,1
137,0,0.243484973907,1
137,0,0.241391897202,1
137,0,0.30272102356,1
137,0,0.277000188828,1
137,0,0.236006975174,1
137,0,0.261620998383,1
137,0,0.246716022491,1
137,0,0.232305049896,1
137,0,0.31721496582,1
138,0,0.298670053482,1
138,0,0.239209890366,1
138,0,0.245924949646,1
138,0,0.303829193115,1
138,0,0.285047054291,1
138,0,0.234970092773,1
138,0,0.257503986359,1
138,0,0.24142408371,1
138,0,0.240192890167,1
138,0,0.313942909241,1
139,0,0.300904989243,1
139,0,0.246315002441,1
139,0,0.241155862808,1
139,0,0.305027008057,1
139,0,0.288156032562,1
139,0,0.23871588707,1
139,0,0.307584047318,1
139,0,0.257633924484,1
139,0,0.238264083862,1
139,0,0.317577123642,1
140,0,0.31373500824,1
140,0,0.24005818367,1
140,0,0.234430074692,1
140,0,0.324368953705,1
140,0,0.292848110199,1
140,0,0.300611019135,1
140,0,0.244390964508,1
140,0,0.299094200134,1
140,0,0.242563962936,1
140,0,0.243253946304,1
141,0,0.328817129135,1
141,0,0.24536895752,1
141,0,0.245893001556,1
141,0,0.310951948166,1
141,0,0.295882225037,1
141,0,0.314782857895,1
141,0,0.24929690361,1
141,0,0.312325000763,1
141,0,0.245960950851,1
141,0,0.250815868378,1
142,0,0.316618919373,1
142,0,0.250625133514,1
142,0,0.246644973755,1
142,0,0.339184045792,1
142,0,0.304651975632,1
142,0,0.296046972275,1
142,0,0.249237060547,1
142,0,0.307205200195,1
142,0,0.24834895134,1
142,0,0.249169111252,1
143,0,0.313187837601,1
143,0,0.238253116608,1
143,0,0.249891996384,1
143,0,0.322569131851,1
143,0,0.295229911804,1
143,0,0.313461065292,1
143,0,0.249549865723,1
143,0,0.314691066742,1
143,0,0.247107982635,1
143,0,0.248664140701,1
144,0,0.327450990677,1
144,0,0.245697975159,1
144,0,0.250117778778,1
144,0,0.317319154739,1
144,0,0.299386978149,1
144,0,0.319852113724,1
144,0,0.250547885895,1
144,0,0.30609703064,1
144,0,0.243119955063,1
144,0,0.242933034897,1
145,0,0.320875883102,1
145,0,0.311927080154,1
145,0,0.304787158966,1
145,0,0.249521970749,1
145,0,0.295521974564,1
145,0,0.253093957901,1
145,0,0.252510070801,1
145,0,0.325911998749,1
145,0,0.326668024063,1
145,0,0.31205701828,1
146,0,0.329185009003,1
146,0,0.306617021561,1
146,0,0.302745103836,1
146,0,0.248897075653,1
146,0,0.307199954987,1
146,0,0.250113010406,1
146,0,0.248694896698,1
146,0,0.325437068939,1
146,0,0.332162857056,1
146,0,0.318420886993,1
147,0,0.319770097733,1
147,0,0.302181959152,1
147,0,0.306879997253,1
147,0,0.245981931686,1
147,0,0.303153991699,1
147,0,0.252287864685,1
147,0,0.251330137253,1
147,0,0.327767848969,1
147,0,0.317899942398,1
147,0,0.321039199829,1
148,0,0.322350025177,1
148,0,0.310325145721,1
148,0,0.297857046127,1
148,0,0.251435995102,1
148,0,0.302616119385,1
148,0,0.252372980118,1
148,0,0.250941991806,1
148,0,0.3239839077,1
148,0,0.324438095093,1
148,0,0.313014984131,1
149,0,0.321783065796,1
149,0,0.306893110275,1
149,0,0.299265861511,1
149,0,0.250451087952,1
149,0,0.295147895813,1
149,0,0.249886989594,1
149,0,0.254338026047,1
149,0,0.325712919235,1
149,0,0.330156087875,1
149,0,0.315690994263,1
150,0,0.316195011139,1
150,0,0.320816993713,1
150,0,0.319678068161,1
150,0,0.331115007401,1
150,0,0.32287311554,1
150,0,0.322899103165,1
150,0,0.324187994003,1
150,0,0.264859199524,1
150,0,0.314682006836,1
150,0,0.26811504364,1
151,0,0.329474925995,1
151,0,0.328521966934,1
151,0,0.319481134415,1
151,0,0.329034090042,1
151,0,0.328177928925,1
151,0,0.326248884201,1
151,0,0.319260120392,1
151,0,0.262125015259,1
151,0,0.32257604599,1
151,0,0.261014938354,1
152,0,0.322078943253,1
152,0,0.327950000763,1
152,0,0.33065199852,1
152,0,0.331914186478,1
152,0,0.328094005585,1
152,0,0.323845863342,1
152,0,0.332741975784,1
152,0,0.264971971512,1
152,0,0.321836948395,1
152,0,0.265348911285,1
153,0,0.344456911087,1
153,0,0.326354980469,1
153,0,0.31211400032,1
153,0,0.328002929688,1
153,0,0.333697795868,1
153,0,0.329858064651,1
153,0,0.334859132767,1
153,0,0.263072967529,1
153,0,0.309782981873,1
153,0,0.262301921844,1
154,0,0.323173046112,1
154,0,0.321724891663,1
154,0,0.308278083801,1
154,0,0.324691057205,1
154,0,0.329694032669,1
154,0,0.31713104248,1
154,0,0.313224077225,1
154,0,0.257351875305,1
154,0,0.323785066605,1
154,0,0.258121013641,1
155,0,0.32013297081,1
155,0,0.258484125137,1
155,0,0.32328414917,1
155,0,0.316542863846,1
155,0,0.261511087418,1
155,0,0.313927173615,1
155,0,0.25906586647,1
155,0,0.256379127502,1
155,0,0.267671108246,1
155,0,0.262737989426,1
156,0,0.326042175293,1
156,0,0.258830070496,1
156,0,0.326883077621,1
156,0,0.311185836792,1
156,0,0.260617017746,1
156,0,0.323207855225,1
156,0,0.266444921494,1
156,0,0.258760929108,1
156,0,0.265625953674,1
156,0,0.262118816376,1
157,0,0.336315870285,1
157,0,0.257764101028,1
157,0,0.318845033646,1
157,0,0.328818798065,1
157,0,0.268020868301,1
157,0,0.326854944229,1
157,0,0.271031141281,1
157,0,0.266360044479,1
157,0,0.264943122864,1
157,0,0.2647960186,1
158,0,0.336525917053,1
158,0,0.259307146072,1
158,0,0.343721866608,1
158,0,0.329102993011,1
158,0,0.263575077057,1
158,0,0.321295976639,1
158,0,0.261606931686,1
158,0,0.267070055008,1
158,0,0.269593000412,1
158,0,0.263803005219,1
159,0,0.338449001312,1
159,0,0.261275053024,1
159,0,0.349305868149,1
159,0,0.325695037842,1
159,0,0.26355099678,1
159,0,0.32107591629,1
159,0,0.263208866119,1
159,0,0.26403093338,1
159,0,0.284924983978,1
159,0,0.27130818367,1
160,0,0.36029791832,1
160,0,0.280626058578,1
160,0,0.372913122177,1
160,0,0.348340034485,1
160,0,0.27613902092,1
160,0,0.273918151855,1
160,0,0.282540798187,1
160,0,0.360912084579,1
160,0,0.27086186409,1
160,0,0.27596783638,1
161,0,0.364748001099,1
161,0,0.267738819122,1
161,0,0.359639883041,1
161,0,0.35005903244,1
161,0,0.272939920425,1
161,0,0.268598079681,1
161,0,0.266020059586,1
161,0,0.360262155533,1
161,0,0.272134780884,1
161,0,0.267817020416,1
162,0,0.363554954529,1
162,0,0.275984048843,1
162,0,0.363082885742,1
162,0,0.342787981033,1
162,0,0.277283191681,1
162,0,0.267258882523,1
162,0,0.277270793915,1
162,0,0.354004859924,1
162,0,0.274511098862,1
162,0,0.267571926117,1
163,0,0.362903833389,1
163,0,0.271855115891,1
163,0,0.369771957397,1
163,0,0.336999893188,1
163,0,0.273201942444,1
163,0,0.268608808517,1
163,0,0.277234077454,1
163,0,0.351716041565,1
163,0,0.272840023041,1
163,0,0.265032052994,1
164,0,0.362405061722,1
164,0,0.274253129959,1
164,0,0.360705137253,1
164,0,0.34237909317,1
164,0,0.277647018433,1
164,0,0.278527021408,1
164,0,0.276087999344,1
164,0,0.370455026627,1
164,0,0.278330087662,1
164,0,0.277200937271,1
165,0,0.364740133286,1
165,0,0.361906051636,1
165,0,0.346248865128,1
165,0,0.289700984955,1
165,0,0.34386920929,1
165,0,0.351138114929,1
165,0,0.275470018387,1
165,0,0.361816167831,1
165,0,0.299551963806,1
165,0,0.351578950882,1
166,0,0.372977972031,1
166,0,0.365737915039,1
166,0,0.359845161438,1
166,0,0.285285949707,1
166,0,0.357156038284,1
166,0,0.365545988083,1
166,0,0.281365156174,1
166,0,0.355674982071,1
166,0,0.280818939209,1
166,0,0.364912986755,1
167,0,0.376962184906,1
167,0,0.371474981308,1
167,0,0.363769054413,1
167,0,0.278935909271,1
167,0,0.349777936935,1
167,0,0.359945058823,1
167,0,0.28529214859,1
167,0,0.353755950928,1
167,0,0.287248134613,1
167,0,0.357246875763,1
168,0,0.370624065399,1
168,0,0.356868028641,1
168,0,0.351766824722,1
168,0,0.283690929413,1
168,0,0.336159944534,1
168,0,0.366727828979,1
168,0,0.282787084579,1
168,0,0.362462997437,1
168,0,0.280678033829,1
168,0,0.36323595047,1
169,0,0.374598026276,1
169,0,0.364988088608,1
169,0,0.35654592514,1
169,0,0.277629852295,1
169,0,0.345269918442,1
169,0,0.350997924805,1
169,0,0.280406951904,1
169,0,0.35259103775,1
169,0,0.280887842178,1
169,0,0.346444129944,1
170,0,0.289616823196,1
170,0,0.352475166321,1
170,0,0.393928050995,1
170,0,0.34678196907,1
170,0,0.284942865372,1
170,0,0.3577439785,1
170,0,0.358769178391,1
170,0,0.356391906738,1
170,0,0.362565040588,1
170,0,0.351608037949,1
171,0,0.282913923264,1
171,0,0.347411870956,1
171,0,0.381405115128,1
171,0,0.345257997513,1
171,0,0.28165102005,1
171,0,0.367089033127,1
171,0,0.377824068069,1
171,0,0.342452049255,1
171,0,0.362581968307,1
171,0,0.351147890091,1
172,0,0.290561914444,1
172,0,0.355546951294,1
172,0,0.377574920654,1
172,0,0.347558021545,1
172,0,0.283349990845,1
172,0,0.362145185471,1
172,0,0.355697870255,1
172,0,0.342206954956,1
172,0,0.35444688797,1
172,0,0.34531879425,1
173,0,0.278952121735,1
173,0,0.344521045685,1
173,0,0.372944116592,1
173,0,0.341067075729,1
173,0,0.287388086319,1
173,0,0.357071876526,1
173,0,0.354355096817,1
173,0,0.336311817169,1
173,0,0.367228984833,1
173,0,0.331497192383,1
174,0,0.280117034912,1
174,0,0.35224199295,1
174,0,0.375488996506,1
174,0,0.35537314415,1
174,0,0.282588005066,1
174,0,0.368431806564,1
174,0,0.359230995178,1
174,0,0.361706018448,1
174,0,0.358546972275,1
174,0,0.346739053726,1
175,0,0.295450210571,1
175,0,0.362403869629,1
175,0,0.366781949997,1
175,0,0.357331991196,1
175,0,0.291495084763,1
175,0,0.292069911957,1
175,0,0.297006845474,1
175,0,0.295413970947,1
175,0,0.391499996185,1
175,0,0.39111995697,1
176,0,0.295437097549,1
176,0,0.369235038757,1
176,0,0.359284877777,1
176,0,0.374643087387,1
176,0,0.295151948929,1
176,0,0.285851955414,1
176,0,0.287308931351,1
176,0,0.289707899094,1
176,0,0.368381023407,1
176,0,0.374723911285,1
177,0,0.29159784317,1
177,0,0.364857912064,1
177,0,0.354811906815,1
177,0,0.378228187561,1
177,0,0.289701938629,1
177,0,0.291913986206,1
177,0,0.291696071625,1
177,0,0.288108110428,1
177,0,0.379066944122,1
177,0,0.380983114243,1
178,0,0.28401184082,1
178,0,0.359006881714,1
178,0,0.369009971619,1
178,0,0.370840787888,1
178,0,0.288189172745,1
178,0,0.283857822418,1
178,0,0.289675951004,1
178,0,0.287588119507,1
178,0,0.358292102814,1
178,0,0.378463983536,1
179,0,0.296686172485,1
179,0,0.358881950378,1
179,0,0.353520154953,1
179,0,0.36825299263,1
179,0,0.29218506813,1
179,0,0.288230895996,1
179,0,0.291100978851,1
179,0,0.287842988968,1
179,0,0.362195968628,1
179,0,0.383177042007,1
180,0,0.37837600708,1
180,0,0.304221153259,1
180,0,0.304038047791,1
180,0,0.295096874237,1
180,0,0.297308921814,1
180,0,0.380018949509,1
180,0,0.376625061035,1
180,0,0.394160032272,1
180,0,0.301425933838,1
180,0,0.299194097519,1
181,0,0.383515119553,1
181,0,0.2973279953,1
181,0,0.303392887115,1
181,0,0.304584980011,1
181,0,0.305758953094,1
181,0,0.361625909805,1
181,0,0.361007928848,1
181,0,0.395780086517,1
181,0,0.296940088272,1
181,0,0.298732042313,1
182,0,0.37519288063,1
182,0,0.297656059265,1
182,0,0.302078008652,1
182,0,0.303683996201,1
182,0,0.298774957657,1
182,0,0.382249116898,1
182,0,0.381755828857,1
182,0,0.401406049728,1
182,0,0.293824911118,1
182,0,0.295037984848,1
183,0,0.373074054718,1
183,0,0.292433023453,1
183,0,0.297988176346,1
183,0,0.294507026672,1
183,0,0.296024084091,1
183,0,0.369952917099,1
183,0,0.370566129684,1
183,0,0.395849943161,1
183,0,0.305209159851,1
183,0,0.294986009598,1
184,0,0.385369062424,1
184,0,0.30068397522,1
184,0,0.309957027435,1
184,0,0.303283929825,1
184,0,0.299690008163,1
184,0,0.380269050598,1
184,0,0.370978116989,1
184,0,0.400761127472,1
184,0,0.306002855301,1
184,0,0.301680088043,1
185,0,0.299940109253,1
185,0,0.387312173843,1
185,0,0.299553871155,1
185,0,0.387977838516,1
185,0,0.368973970413,1
185,0,0.362200975418,1
185,0,0.371457099915,1
185,0,0.297832965851,1
185,0,0.304275989532,1
185,0,0.414104938507,1
186,0,0.303677082062,1
186,0,0.390275001526,1
186,0,0.300701856613,1
186,0,0.403002023697,1
186,0,0.360212802887,1
186,0,0.35968208313,1
186,0,0.376490116119,1
186,0,0.302714109421,1
186,0,0.30326294899,1
186,0,0.402240991592,1
187,0,0.305509805679,1
187,0,0.388490200043,1
187,0,0.299830913544,1
187,0,0.398066043854,1
187,0,0.370489835739,1
187,0,0.377028942108,1
187,0,0.374521017075,1
187,0,0.310515880585,1
187,0,0.309796094894,1
187,0,0.405111074448,1
188,0,0.306020021439,1
188,0,0.386427879333,1
188,0,0.29857301712,1
188,0,0.409698009491,1
188,0,0.367878913879,1
188,0,0.363000869751,1
188,0,0.365810155869,1
188,0,0.304774999619,1
188,0,0.307373046875,1
188,0,0.402088165283,1
189,0,0.299685955048,1
189,0,0.401194095612,1
189,0,0.303811073303,1
189,0,0.412028074265,1
189,0,0.373072147369,1
189,0,0.352680921555,1
189,0,0.369874000549,1
189,0,0.314918041229,1
189,0,0.337031841278,1
189,0,0.451460838318,1
190,0,0.397813081741,1
190,0,0.311969041824,1
190,0,0.389693975449,1
190,0,0.314913988113,1
190,0,0.311059951782,1
190,0,0.395247936249,1
190,0,0.406680822372,1
190,0,0.385004043579,1
190,0,0.315834999084,1
190,0,0.39289188385,1
191,0,0.390179157257,1
191,0,0.314496994019,1
191,0,0.379629850388,1
191,0,0.309230804443,1
191,0,0.305170059204,1
191,0,0.378377199173,1
191,0,0.401318073273,1
191,0,0.38450217247,1
191,0,0.309497117996,1
191,0,0.413558006287,1
192,0,0.387775182724,1
192,0,0.304277896881,1
192,0,0.387266874313,1
192,0,0.304014921188,1
192,0,0.306636095047,1
192,0,0.381824970245,1
192,0,0.388432025909,1
192,0,0.410374879837,1
192,0,0.309867858887,1
192,0,0.388870954514,1
193,0,0.382369995117,1
193,0,0.308420181274,1
193,0,0.397889852524,1
193,0,0.309056043625,1
193,0,0.301598072052,1
193,0,0.377935171127,1
193,0,0.398011922836,1
193,0,0.380023956299,1
193,0,0.308236837387,1
193,0,0.390182971954,1
194,0,0.375761032104,1
194,0,0.30628991127,1
194,0,0.399420022964,1
194,0,0.305988073349,1
194,0,0.305734872818,1
194,0,0.3818359375,1
194,0,0.395231962204,1
194,0,0.412406921387,1
194,0,0.351848125458,1
194,0,0.391359090805,1
195,0,0.405971050262,1
195,0,0.403162002563,1
195,0,0.318474054337,1
195,0,0.32758808136,1
195,0,0.315376996994,1
195,0,0.434908151627,1
195,0,0.448045015335,1
195,0,0.412360191345,1
195,0,0.321546077728,1
195,0,0.32253909111,1
196,0,0.399558067322,1
196,0,0.406569004059,1
196,0,0.318977117538,1
196,0,0.317215919495,1
196,0,0.322870969772,1
196,0,0.445241928101,1
196,0,0.429957151413,1
196,0,0.406570911407,1
196,0,0.308923006058,1
196,0,0.312571048737,1
197,0,0.389003038406,1
197,0,0.404527187347,1
197,0,0.318438053131,1
197,0,0.323758125305,1
197,0,0.311034202576,1
197,0,0.413246870041,1
197,0,0.426007986069,1
197,0,0.409014940262,1
197,0,0.309497833252,1
197,0,0.312159061432,1
198,0,0.392659187317,1
198,0,0.374090909958,1
198,0,0.311140060425,1
198,0,0.315439939499,1
198,0,0.314666032791,1
198,0,0.417093992233,1
198,0,0.429301977158,1
198,0,0.400809049606,1
198,0,0.312160968781,1
198,0,0.30850315094,1
199,0,0.374938011169,1
199,0,0.389330863953,1
199,0,0.314650058746,1
199,0,0.313155889511,1
199,0,0.313416004181,1
199,0,0.430010080338,1
199,0,0.440043210983,1
199,0,0.460324048996,1
199,0,0.310641050339,1
199,0,0.318007946014,1
200,0,0.40930891037,1
200,0,0.417302846909,1
200,0,0.440613985062,1
200,0,0.331614017487,1
200,0,0.41984796524,1
200,0,0.417911052704,1
200,0,0.324007987976,1
200,0,0.32589507103,1
200,0,0.453757047653,1
200,0,0.408925056458,1
201,0,0.417408943176,1
201,0,0.432238817215,1
201,0,0.434034109116,1
201,0,0.322730064392,1
201,0,0.419209003448,1
201,0,0.411610126495,1
201,0,0.335288047791,1
201,0,0.32616686821,1
201,0,0.409690856934,1
201,0,0.414196014404,1
202,0,0.423121929169,1
202,0,0.426923036575,1
202,0,0.444750070572,1
202,0,0.336276054382,1
202,0,0.405129909515,1
202,0,0.404114961624,1
202,0,0.33200097084,1
202,0,0.327935934067,1
202,0,0.440829992294,1
202,0,0.412013053894,1
203,0,0.418076038361,1
203,0,0.435140132904,1
203,0,0.445209026337,1
203,0,0.324478149414,1
203,0,0.42356801033,1
203,0,0.413068056107,1
203,0,0.327188014984,1
203,0,0.332265138626,1
203,0,0.429518938065,1
203,0,0.418621063232,1
204,0,0.432704925537,1
204,0,0.421894073486,1
204,0,0.435091018677,1
204,0,0.320908069611,1
204,0,0.434648990631,1
204,0,0.428998947144,1
204,0,0.39610004425,1
204,0,0.325014829636,1
204,0,0.425974845886,1
204,0,0.418431043625,1
205,0,0.434674978256,1
205,0,0.447762966156,1
205,0,0.337826013565,1
205,0,0.337915182114,1
205,0,0.444187879562,1
205,0,0.433059215546,1
205,0,0.332427978516,1
205,0,0.331853866577,1
205,0,0.43998003006,1
205,0,0.440116882324,1
206,0,0.414547920227,1
206,0,0.415381193161,1
206,0,0.341635942459,1
206,0,0.333919048309,1
206,0,0.450147151947,1
206,0,0.432363986969,1
206,0,0.330478906631,1
206,0,0.341601133347,1
206,0,0.44011092186,1
206,0,0.421417236328,1
207,0,0.425205945969,1
207,0,0.414793014526,1
207,0,0.342457056046,1
207,0,0.326988935471,1
207,0,0.45009803772,1
207,0,0.39818406105,1
207,0,0.328933000565,1
207,0,0.318480968475,1
207,0,0.410138845444,1
207,0,0.417551040649,1
208,0,0.40589594841,1
208,0,0.413478851318,1
208,0,0.320810079575,1
208,0,0.324126005173,1
208,0,0.437890052795,1
208,0,0.412290096283,1
208,0,0.329367876053,1
208,0,0.323551893234,1
208,0,0.423657894135,1
208,0,0.416137933731,1
209,0,0.412414073944,1
209,0,0.400579929352,1
209,0,0.328030109406,1
209,0,0.31857085228,1
209,0,0.470429897308,1
209,0,0.442855119705,1
209,0,0.322622060776,1
209,0,0.323568820953,1
209,0,0.417409896851,1
209,0,0.409390211105,1
210,0,0.338780164719,1
210,0,0.334545135498,1
210,0,0.463562011719,1
210,0,0.340131044388,1
210,0,0.484485149384,1
210,0,0.347669124603,1
210,0,0.458605051041,1
210,0,0.459604978561,1
210,0,0.440912008286,1
210,0,0.334719181061,1
211,0,0.341058015823,1
211,0,0.341202974319,1
211,0,0.442673921585,1
211,0,0.338479995728,1
211,0,0.459217071533,1
211,0,0.329465150833,1
211,0,0.471713066101,1
211,0,0.457639932632,1
211,0,0.426867008209,1
211,0,0.348465919495,1
212,0,0.334264039993,1
212,0,0.334978103638,1
212,0,0.417593002319,1
212,0,0.335281133652,1
212,0,0.466616153717,1
212,0,0.326664924622,1
212,0,0.458689928055,1
212,0,0.459117889404,1
212,0,0.425876140594,1
212,0,0.330579042435,1
213,0,0.335999011993,1
213,0,0.330816030502,1
213,0,0.421792030334,1
213,0,0.338131904602,1
213,0,0.461253881454,1
213,0,0.340778827667,1
213,0,0.448003053665,1
213,0,0.457577943802,1
213,0,0.419844150543,1
213,0,0.335202932358,1
214,0,0.328328132629,1
214,0,0.329351902008,1
214,0,0.430599927902,1
214,0,0.366869926453,1
214,0,0.512585163116,1
214,0,0.340182065964,1
214,0,0.465595006943,1
214,0,0.465332984924,1
214,0,0.435244083405,1
214,0,0.334331035614,1
215,0,0.354467153549,1
215,0,0.437983989716,1
215,0,0.448371887207,1
215,0,0.340867042542,1
215,0,0.47335100174,1
215,0,0.349066972733,1
215,0,0.353116989136,1
215,0,0.465507030487,1
215,0,0.356292009354,1
215,0,0.343464136124,1
216,0,0.348825931549,1
216,0,0.420769929886,1
216,0,0.435369968414,1
216,0,0.350654840469,1
216,0,0.461006879807,1
216,0,0.338275909424,1
216,0,0.346369028091,1
216,0,0.486034154892,1
216,0,0.348558187485,1
216,0,0.339735984802,1
217,0,0.346679925919,1
217,0,0.438412189484,1
217,0,0.457988023758,1
217,0,0.33754491806,1
217,0,0.447500944138,1
217,0,0.332903146744,1
217,0,0.345611810684,1
217,0,0.470818042755,1
217,0,0.337761878967,1
217,0,0.346305847168,1
218,0,0.345049142838,1
218,0,0.438215970993,1
218,0,0.455883026123,1
218,0,0.345229148865,1
218,0,0.438683986664,1
218,0,0.343312978745,1
218,0,0.3601770401,1
218,0,0.479012012482,1
218,0,0.346137046814,1
218,0,0.342688083649,1
219,0,0.33372092247,1
219,0,0.437285900116,1
219,0,0.46986913681,1
219,0,0.389539003372,1
219,0,0.44796705246,1
219,0,0.34043097496,1
219,0,0.337958097458,1
219,0,0.475491046906,1
219,0,0.345443964005,1
219,0,0.335423946381,1
220,0,0.361795902252,1
220,0,0.358429193497,1
220,0,0.472482919693,1
220,0,0.359361886978,1
220,0,0.484156847,1
220,0,0.479243993759,1
220,0,0.442468881607,1
220,0,0.472162008286,1
220,0,0.505573034286,1
220,0,0.469924211502,1
221,0,0.369863986969,1
221,0,0.365788936615,1
221,0,0.466449022293,1
221,0,0.359341859818,1
221,0,0.447714805603,1
221,0,0.483003139496,1
221,0,0.44548201561,1
221,0,0.43953704834,1
221,0,0.477464199066,1
221,0,0.464010000229,1
222,0,0.34624004364,1
222,0,0.352712869644,1
222,0,0.468981027603,1
222,0,0.346682071686,1
222,0,0.501796960831,1
222,0,0.463253974915,1
222,0,0.45289683342,1
222,0,0.454760074615,1
222,0,0.468128919601,1
222,0,0.466043949127,1
223,0,0.352591991425,1
223,0,0.343930959702,1
223,0,0.469071865082,1
223,0,0.352947950363,1
223,0,0.457795143127,1
223,0,0.454917907715,1
223,0,0.438867807388,1
223,0,0.449226140976,1
223,0,0.468372106552,1
223,0,0.47683596611,1
224,0,0.342432022095,1
224,0,0.340697050095,1
224,0,0.543098926544,1
224,0,0.35418510437,1
224,0,0.459376096725,1
224,0,0.450140953064,1
224,0,0.444321870804,1
224,0,0.458334922791,1
224,0,0.475944042206,1
224,0,0.476786136627,1
225,0,0.470060110092,1
225,0,0.365885972977,1
225,0,0.357991933823,1
225,0,0.368561983109,1
225,0,0.348407030106,1
225,0,0.360107898712,1
225,0,0.46119093895,1
225,0,0.507245779037,1
225,0,0.355270147324,1
225,0,0.484127998352,1
226,0,0.48591709137,1
226,0,0.360872983932,1
226,0,0.358464956284,1
226,0,0.355195999146,1
226,0,0.359830141068,1
226,0,0.358312129974,1
226,0,0.470202207565,1
226,0,0.502526044846,1
226,0,0.353077173233,1
226,0,0.47970700264,1
227,0,0.482611179352,1
227,0,0.361387014389,1
227,0,0.351672887802,1
227,0,0.357856988907,1
227,0,0.348718166351,1
227,0,0.348161935806,1
227,0,0.462200164795,1
227,0,0.502868890762,1
227,0,0.346950054169,1
227,0,0.483189821243,1
228,0,0.477506875992,1
228,0,0.350686073303,1
228,0,0.356956958771,1
228,0,0.358656167984,1
228,0,0.35227894783,1
228,0,0.347317934036,1
228,0,0.484230995178,1
228,0,0.493378162384,1
228,0,0.352771043777,1
228,0,0.469681978226,1
229,0,0.462308883667,1
229,0,0.432108879089,1
229,0,0.349501848221,1
229,0,0.353827953339,1
229,0,0.34956407547,1
229,0,0.356080055237,1
229,0,0.463379144669,1
229,0,0.507389068604,1
229,0,0.361770868301,1
229,0,0.481096982956,1
230,0,0.370115995407,1
230,0,0.475876092911,1
230,0,0.365998983383,1
230,0,0.503130912781,1
230,0,0.478999853134,1
230,0,0.483274936676,1
230,0,0.375253200531,1
230,0,0.460736036301,1
230,0,0.461228847504,1
230,0,0.481062889099,1
231,0,0.360795974731,1
231,0,0.478809118271,1
231,0,0.356875896454,1
231,0,0.479537010193,1
231,0,0.464384078979,1
231,0,0.487364053726,1
231,0,0.3607878685,1
231,0,0.462713003159,1
231,0,0.466349840164,1
231,0,0.493499040604,1
232,0,0.367917060852,1
232,0,0.489650011063,1
232,0,0.349049806595,1
232,0,0.496994018555,1
232,0,0.452819108963,1
232,0,0.471588850021,1
232,0,0.352448940277,1
232,0,0.46014881134,1
232,0,0.452533960342,1
232,0,0.482346057892,1
233,0,0.349833965302,1
233,0,0.477703094482,1
233,0,0.357443094254,1
233,0,0.46075296402,1
233,0,0.494104146957,1
233,0,0.474720001221,1
233,0,0.359401941299,1
233,0,0.456366062164,1
233,0,0.451509952545,1
233,0,0.466818094254,1
234,0,0.436496973038,1
234,0,0.461805105209,1
234,0,0.355163097382,1
234,0,0.490993976593,1
234,0,0.465782880783,1
234,0,0.495626926422,1
234,0,0.351537942886,1
234,0,0.453456878662,1
234,0,0.481230020523,1
234,0,0.468866825104,1
