0,0,0.137839794159,18
0,0,0.130661010742,18
0,0,0.137695789337,18
0,0,0.13351893425,18
0,0,0.13315987587,18
0,0,0.139093875885,18
0,0,0.136848926544,18
0,0,0.134059906006,18
0,0,0.134199857712,18
0,0,0.137104034424,18
1,0,0.136482954025,18
1,0,0.140795946121,18
1,0,0.137781858444,18
1,0,0.151688814163,18
1,1,0.41846704483,79
1,1,0.427531003952,79
1,0,0.137212991714,18
1,0,0.142603874207,18
1,0,0.138249874115,18
1,0,0.138424158096,18
2,0,0.141453027725,18
2,0,0.139919042587,18
2,0,0.144638061523,18
2,1,0.443945169449,79
2,2,1.14776420593,190
2,2,1.22276496887,190
2,0,0.146991014481,18
2,0,0.137428045273,18
2,1,0.426367998123,79
2,0,0.140789985657,18
3,0,0.138273000717,18
3,2,1.10066986084,190
3,0,0.151043176651,18
3,1,0.416324853897,79
3,3,2.59519505501,351
3,3,2.43759202957,351
3,0,0.151534795761,18
3,0,0.137269973755,18
3,0,0.140428781509,18
3,0,0.140796899796,18
4,0,0.139765977859,18
4,2,0.730641126633,137
4,0,0.141328811646,18
4,0,0.143859863281,18
4,4,3.30986690521,469
4,4,3.42514395714,469
4,0,0.138268947601,18
4,0,0.139193058014,18
4,2,0.792764902115,137
4,0,0.139182090759,18
