0,0,0.0551629066467,1
0,0,0.0587091445923,1
0,0,0.0590991973877,1
0,0,0.0584762096405,1
0,0,0.0576100349426,1
0,0,0.0562570095062,1
0,0,0.053750038147,1
0,0,0.0568668842316,1
0,0,0.0543909072876,1
0,0,0.0539138317108,1
1,0,0.0579628944397,1
1,0,0.0602719783783,1
1,0,0.0599639415741,1
1,0,0.0554161071777,1
1,0,0.0562198162079,1
1,0,0.0582909584045,1
1,0,0.0585889816284,1
1,0,0.0597641468048,1
1,0,0.0564200878143,1
1,0,0.0602021217346,1
2,0,0.0622010231018,1
2,0,0.0596749782562,1
2,0,0.0567939281464,1
2,0,0.0570662021637,1
2,0,0.0613567829132,1
2,0,0.060497045517,1
2,0,0.0579559803009,1
2,0,0.0584919452667,1
2,0,0.0569190979004,1
2,0,0.0613460540771,1
3,0,0.0588660240173,1
3,0,0.0624370574951,1
3,0,0.0692121982574,1
3,0,0.0621700286865,1
3,0,0.0620009899139,1
3,0,0.0620269775391,1
3,0,0.0609438419342,1
3,0,0.060791015625,1
3,0,0.0565140247345,1
3,0,0.06547498703,1
4,0,0.0632131099701,1
4,0,0.0648138523102,1
4,0,0.0630068778992,1
4,0,0.0654201507568,1
4,0,0.0638840198517,1
4,0,0.0636940002441,1
4,0,0.0618469715118,1
4,0,0.0644469261169,1
4,0,0.0614290237427,1
4,0,0.0646288394928,1
5,0,0.0723149776459,1
5,0,0.069766998291,1
5,0,0.0783469676971,1
5,0,0.0747089385986,1
5,0,0.070249080658,1
5,0,0.0710339546204,1
5,0,0.0704720020294,1
5,0,0.071072101593,1
5,0,0.070830821991,1
5,0,0.0690190792084,1
6,0,0.0706880092621,1
6,0,0.0715570449829,1
6,0,0.0718100070953,1
6,0,0.0703618526459,1
6,0,0.06871509552,1
6,0,0.0717101097107,1
6,0,0.0742709636688,1
6,0,0.0729479789734,1
6,0,0.0776090621948,1
6,0,0.0691969394684,1
7,0,0.0697829723358,1
7,0,0.0743291378021,1
7,0,0.0715870857239,1
7,0,0.071722984314,1
7,0,0.0701138973236,1
7,0,0.0715329647064,1
7,0,0.0723028182983,1
7,0,0.0708839893341,1
7,0,0.0734541416168,1
7,0,0.0745451450348,1
8,0,0.0737509727478,1
8,0,0.0753149986267,1
8,0,0.0738248825073,1
8,0,0.0770308971405,1
8,0,0.0720100402832,1
8,0,0.0804879665375,1
8,0,0.0785889625549,1
8,0,0.0722608566284,1
8,0,0.0757579803467,1
8,0,0.0743999481201,1
9,0,0.0773000717163,1
9,0,0.0772650241852,1
9,0,0.0767419338226,1
9,0,0.0792810916901,1
9,0,0.074383020401,1
9,0,0.0833461284637,1
9,0,0.0770399570465,1
9,0,0.0762500762939,1
9,0,0.0784690380096,1
9,0,0.0760140419006,1
10,0,0.0779120922089,1
10,0,0.0794641971588,1
10,0,0.0781700611115,1
10,0,0.0741910934448,1
10,0,0.0780918598175,1
10,0,0.0768520832062,1
10,0,0.0788199901581,1
10,0,0.0789701938629,1
10,0,0.078400850296,1
10,0,0.0753831863403,1
11,0,0.0817348957062,1
11,0,0.0851919651031,1
11,0,0.0791280269623,1
11,0,0.0777111053467,1
11,0,0.0805830955505,1
11,0,0.080995798111,1
11,0,0.0817568302155,1
11,0,0.0770590305328,1
11,0,0.0773599147797,1
11,0,0.0777368545532,1
12,0,0.0805349349976,1
12,0,0.0824670791626,1
12,0,0.0802030563354,1
12,0,0.081668138504,1
12,0,0.0769281387329,1
12,0,0.0765590667725,1
12,0,0.0825710296631,1
12,0,0.0820169448853,1
12,0,0.0760490894318,1
12,0,0.0769081115723,1
13,0,0.0798499584198,1
13,0,0.0807089805603,1
13,0,0.0790200233459,1
13,0,0.0780200958252,1
13,0,0.0780370235443,1
13,0,0.0779690742493,1
13,0,0.0792620182037,1
13,0,0.0797400474548,1
13,0,0.0772008895874,1
13,0,0.077721118927,1
14,0,0.083685874939,1
14,0,0.08180809021,1
14,0,0.080796957016,1
14,0,0.0796887874603,1
14,0,0.080962896347,1
14,0,0.0796039104462,1
14,0,0.0809049606323,1
14,0,0.0812029838562,1
14,0,0.0773479938507,1
14,0,0.0785989761353,1
15,0,0.0894289016724,1
15,0,0.0885081291199,1
15,0,0.0899300575256,1
15,0,0.0820519924164,1
15,0,0.0828051567078,1
15,0,0.0880508422852,1
15,0,0.0882577896118,1
15,0,0.0901789665222,1
15,0,0.0881500244141,1
15,0,0.0884618759155,1
16,0,0.0935740470886,1
16,0,0.0882489681244,1
16,0,0.0892479419708,1
16,0,0.0865759849548,1
16,0,0.0915629863739,1
16,0,0.0874569416046,1
16,0,0.0901479721069,1
16,0,0.0862231254578,1
16,0,0.0879139900208,1
16,0,0.0849130153656,1
17,0,0.0880711078644,1
17,0,0.0868690013885,1
17,0,0.0900259017944,1
17,0,0.0823578834534,1
17,0,0.0872819423676,1
17,0,0.08864402771,1
17,0,0.0880031585693,1
17,0,0.0888221263885,1
17,0,0.0949900150299,1
17,0,0.0861430168152,1
18,0,0.0888171195984,1
18,0,0.0924739837646,1
18,0,0.0893950462341,1
18,0,0.0837509632111,1
18,0,0.0855720043182,1
18,0,0.0905458927155,1
18,0,0.0900161266327,1
18,0,0.090194940567,1
18,0,0.0907170772552,1
18,0,0.0864381790161,1
19,0,0.0891819000244,1
19,0,0.0970330238342,1
19,0,0.0949258804321,1
19,0,0.086110830307,1
19,0,0.0846428871155,1
19,0,0.0918190479279,1
19,0,0.0868210792542,1
19,0,0.0870840549469,1
19,0,0.0911951065063,1
19,0,0.088634967804,1
20,0,0.102849006653,1
20,0,0.0934920310974,1
20,0,0.0903148651123,1
20,0,0.0932860374451,1
20,0,0.0959579944611,1
20,0,0.0971398353577,1
20,0,0.095794916153,1
20,0,0.0985488891602,1
20,0,0.0928709506989,1
20,0,0.0998458862305,1
21,0,0.096125125885,1
21,0,0.0983748435974,1
21,0,0.089035987854,1
21,0,0.0944459438324,1
21,0,0.0966899394989,1
21,0,0.095724105835,1
21,0,0.0918290615082,1
21,0,0.0979690551758,1
21,0,0.0923478603363,1
21,0,0.0949518680573,1
22,0,0.0943560600281,1
22,0,0.101691961288,1
22,0,0.0901899337769,1
22,0,0.0893220901489,1
22,0,0.0955550670624,1
22,0,0.0979390144348,1
22,0,0.099790096283,1
22,0,0.0964939594269,1
22,0,0.0903649330139,1
22,0,0.0954539775848,1
23,0,0.0976989269257,1
23,0,0.0971570014954,1
23,0,0.0887439250946,1
23,0,0.0896909236908,1
23,0,0.100865840912,1
23,0,0.0970640182495,1
23,0,0.0887079238892,1
23,0,0.095468044281,1
23,0,0.0953829288483,1
23,0,0.0956671237946,1
24,0,0.0962979793549,1
24,0,0.0960359573364,1
24,0,0.0888268947601,1
24,0,0.0885980129242,1
24,0,0.0970709323883,1
24,0,0.0977759361267,1
24,0,0.0891060829163,1
24,0,0.0974788665771,1
24,0,0.0922691822052,1
24,0,0.0969858169556,1
25,0,0.0997140407562,1
25,0,0.102007865906,1
25,0,0.104506015778,1
25,0,0.0995478630066,1
25,0,0.0971579551697,1
25,0,0.102239131927,1
25,0,0.101764917374,1
25,0,0.101902961731,1
25,0,0.0968401432037,1
25,0,0.109733104706,1
26,0,0.100613117218,1
26,0,0.104145050049,1
26,0,0.106159925461,1
26,0,0.0988581180573,1
26,0,0.0946779251099,1
26,0,0.102895975113,1
26,0,0.106013059616,1
26,0,0.101514816284,1
26,0,0.0950951576233,1
26,0,0.10534119606,1
27,0,0.106137037277,1
27,0,0.106884002686,1
27,0,0.104345083237,1
27,0,0.0983419418335,1
27,0,0.097042798996,1
27,0,0.106509923935,1
27,0,0.105018138885,1
27,0,0.107495069504,1
27,0,0.102493047714,1
27,0,0.100286960602,1
28,0,0.0986649990082,1
28,0,0.104692935944,1
28,0,0.109217882156,1
28,0,0.0967490673065,1
28,0,0.0991768836975,1
28,0,0.108433008194,1
28,0,0.107696771622,1
28,0,0.104525089264,1
28,0,0.0983929634094,1
28,0,0.105973005295,1
29,0,0.101758956909,1
29,0,0.102774858475,1
29,0,0.106384992599,1
29,0,0.0982401371002,1
29,0,0.102598905563,1
29,0,0.111421108246,1
29,0,0.11095905304,1
29,0,0.109961032867,1
29,0,0.100607872009,1
29,0,0.109545946121,1
30,0,0.103348016739,1
30,0,0.106972932816,1
30,0,0.10017490387,1
30,0,0.102435827255,1
30,0,0.116729021072,1
30,0,0.115579128265,1
30,0,0.107200860977,1
30,0,0.111358880997,1
30,0,0.116083145142,1
30,0,0.115532875061,1
31,0,0.102773189545,1
31,0,0.10177898407,1
31,0,0.105288982391,1
31,0,0.100509881973,1
31,0,0.111129045486,1
31,0,0.109987020493,1
31,0,0.100067853928,1
31,0,0.107553958893,1
31,0,0.107743024826,1
31,0,0.116032838821,1
32,0,0.10514497757,1
32,0,0.101713180542,1
32,0,0.100709915161,1
32,0,0.107995033264,1
32,0,0.114306926727,1
32,0,0.111737966537,1
32,0,0.101566076279,1
32,0,0.111175060272,1
32,0,0.109736919403,1
32,0,0.112329006195,1
33,0,0.107258796692,1
33,0,0.111265897751,1
33,0,0.106360197067,1
33,0,0.101370096207,1
33,0,0.116574048996,1
33,0,0.113304138184,1
33,0,0.105689048767,1
33,0,0.116112947464,1
33,0,0.114348888397,1
33,0,0.115244150162,1
34,0,0.1051030159,1
34,0,0.110965967178,1
34,0,0.106019973755,1
34,0,0.10448718071,1
34,0,0.116860151291,1
34,0,0.120678901672,1
34,0,0.105895042419,1
34,0,0.119561910629,1
34,0,0.133416891098,1
34,0,0.119317054749,1
35,0,0.110408067703,1
35,0,0.107818126678,1
35,0,0.123403072357,1
35,0,0.111525058746,1
35,0,0.117672920227,1
35,0,0.112857103348,1
35,0,0.113059997559,1
35,0,0.122949838638,1
35,0,0.113682031631,1
35,0,0.11963391304,1
36,0,0.10852098465,1
36,0,0.109988927841,1
36,0,0.11943602562,1
36,0,0.111503124237,1
36,0,0.123366117477,1
36,0,0.128504991531,1
36,0,0.10785317421,1
36,0,0.115875959396,1
36,0,0.111253023148,1
36,0,0.114048957825,1
37,0,0.108556985855,1
37,0,0.11025595665,1
37,0,0.128114938736,1
37,0,0.112014055252,1
37,0,0.120810031891,1
37,0,0.114687919617,1
37,0,0.113210916519,1
37,0,0.120072126389,1
37,0,0.112590074539,1
37,0,0.118934869766,1
38,0,0.10634303093,1
38,0,0.117122888565,1
38,0,0.132603883743,1
38,0,0.118962049484,1
38,0,0.117406845093,1
38,0,0.114008903503,1
38,0,0.110556125641,1
38,0,0.115541934967,1
38,0,0.11225104332,1
38,0,0.108839988708,1
39,0,0.11022901535,1
39,0,0.11065196991,1
39,0,0.12167096138,1
39,0,0.116087913513,1
39,0,0.12245798111,1
39,0,0.112999916077,1
39,0,0.112567901611,1
39,0,0.120886087418,1
39,0,0.110900878906,1
39,0,0.112813949585,1
40,0,0.132674217224,1
40,0,0.116062879562,1
40,0,0.130732059479,1
40,0,0.128404140472,1
40,0,0.124683141708,1
40,0,0.124958992004,1
40,0,0.130681037903,1
40,0,0.128880023956,1
40,0,0.111103057861,1
40,0,0.120887994766,1
41,0,0.123131036758,1
41,0,0.115328073502,1
41,0,0.130076885223,1
41,0,0.120110034943,1
41,0,0.124344110489,1
41,0,0.132299184799,1
41,0,0.134382009506,1
41,0,0.130195140839,1
41,0,0.11558508873,1
41,0,0.120311021805,1
42,0,0.13050699234,1
42,0,0.116801023483,1
42,0,0.135311841965,1
42,0,0.127532958984,1
42,0,0.127581119537,1
42,0,0.133258104324,1
42,0,0.12588095665,1
42,0,0.128861188889,1
42,0,0.120285987854,1
42,0,0.119141817093,1
43,0,0.128013849258,1
43,0,0.114418029785,1
43,0,0.13374710083,1
43,0,0.131100893021,1
43,0,0.126883029938,1
43,0,0.129302024841,1
43,0,0.128729820251,1
43,0,0.130454063416,1
43,0,0.116027832031,1
43,0,0.112957954407,1
44,0,0.12846493721,1
44,0,0.116376161575,1
44,0,0.132339954376,1
44,0,0.124029874802,1
44,0,0.133394002914,1
44,0,0.127370119095,1
44,0,0.13089799881,1
44,0,0.128372907639,1
44,0,0.114494085312,1
44,0,0.110048055649,1
45,0,0.115367889404,1
45,0,0.13028216362,1
45,0,0.131174087524,1
45,0,0.118368864059,1
45,0,0.132610082626,1
45,0,0.1135430336,1
45,0,0.129104852676,1
45,0,0.129294157028,1
45,0,0.113990068436,1
45,0,0.128638982773,1
46,0,0.114232063293,1
46,0,0.12667798996,1
46,0,0.128555059433,1
46,0,0.115165948868,1
46,0,0.137615919113,1
46,0,0.117407083511,1
46,0,0.135671854019,1
46,0,0.130026102066,1
46,0,0.114391803741,1
46,0,0.131602048874,1
47,0,0.123641014099,1
47,0,0.132346153259,1
47,0,0.139688014984,1
47,0,0.131590843201,1
47,0,0.136094808578,1
47,0,0.120073080063,1
47,0,0.139081001282,1
47,0,0.134673833847,1
47,0,0.122030973434,1
47,0,0.147640943527,1
48,0,0.126415014267,1
48,0,0.13845705986,1
48,0,0.144137144089,1
48,0,0.126338005066,1
48,0,0.140933036804,1
48,0,0.12486410141,1
48,0,0.142013072968,1
48,0,0.136779069901,1
48,0,0.128362178802,1
48,0,0.140529870987,1
49,0,0.12630200386,1
49,0,0.135355949402,1
49,0,0.139555931091,1
49,0,0.124017000198,1
49,0,0.139978885651,1
49,0,0.118927001953,1
49,0,0.139208078384,1
49,0,0.139754772186,1
49,0,0.122139215469,1
49,0,0.141383171082,1
50,0,0.147224187851,1
50,0,0.127350091934,1
50,0,0.138083934784,1
50,0,0.143994092941,1
50,0,0.127643108368,1
50,0,0.127534866333,1
50,0,0.130306959152,1
50,0,0.141320943832,1
50,0,0.147791147232,1
50,0,0.129904985428,1
51,0,0.149178981781,1
51,0,0.131017923355,1
51,0,0.146138906479,1
51,0,0.14479804039,1
51,0,0.136469125748,1
51,0,0.129065990448,1
51,0,0.126888036728,1
51,0,0.144295930862,1
51,0,0.1488468647,1
51,0,0.128879070282,1
52,0,0.14909696579,1
52,0,0.125259876251,1
52,0,0.14423418045,1
52,0,0.151654005051,1
52,0,0.12940621376,1
52,0,0.129433870316,1
52,0,0.130432844162,1
52,0,0.14285993576,1
52,0,0.148015975952,1
52,0,0.131025791168,1
53,0,0.15039396286,1
53,0,0.129856824875,1
53,0,0.147413015366,1
53,0,0.143061161041,1
53,0,0.13245010376,1
53,0,0.128458023071,1
53,0,0.12878704071,1
53,0,0.148704767227,1
53,0,0.151091098785,1
53,0,0.133625030518,1
54,0,0.155000209808,1
54,0,0.130041122437,1
54,0,0.146034002304,1
54,0,0.141936063766,1
54,0,0.128034830093,1
54,0,0.128154993057,1
54,0,0.131578922272,1
54,0,0.142153978348,1
54,0,0.15058016777,1
54,0,0.135409116745,1
55,0,0.138497829437,1
55,0,0.139585971832,1
55,0,0.152688980103,1
55,0,0.137719154358,1
55,0,0.161448955536,1
55,0,0.152652025223,1
55,0,0.136812925339,1
55,0,0.150924921036,1
55,0,0.134702205658,1
55,0,0.132672071457,1
56,0,0.140370130539,1
56,0,0.132725000381,1
56,0,0.15447306633,1
56,0,0.135155916214,1
56,0,0.149029970169,1
56,0,0.151305198669,1
56,0,0.134532928467,1
56,0,0.148271083832,1
56,0,0.141430139542,1
56,0,0.137154102325,1
57,0,0.136523962021,1
57,0,0.142354011536,1
57,0,0.155405044556,1
57,0,0.135610103607,1
57,0,0.157162189484,1
57,0,0.15114402771,1
57,0,0.138603925705,1
57,0,0.157123088837,1
57,0,0.137027978897,1
57,0,0.139204025269,1
58,0,0.138556957245,1
58,0,0.139132022858,1
58,0,0.156327009201,1
58,0,0.137329101562,1
58,0,0.154779911041,1
58,0,0.154242038727,1
58,0,0.13299202919,1
58,0,0.146654844284,1
58,0,0.136044979095,1
58,0,0.130532026291,1
59,0,0.134202003479,1
59,0,0.128868818283,1
59,0,0.145068883896,1
59,0,0.130813837051,1
59,0,0.152408123016,1
59,0,0.147238016129,1
59,0,0.137668848038,1
59,0,0.148061037064,1
59,0,0.132057905197,1
59,0,0.131572961807,1
60,0,0.154632806778,1
60,0,0.156473875046,1
60,0,0.142603874207,1
60,0,0.141304969788,1
60,0,0.138782978058,1
60,0,0.143979072571,1
60,0,0.142996072769,1
60,0,0.164504051208,1
60,0,0.166758060455,1
60,0,0.162925958633,1
61,0,0.159497022629,1
61,0,0.166397809982,1
61,0,0.144821882248,1
61,0,0.146379947662,1
61,0,0.147841930389,1
61,0,0.15255689621,1
61,0,0.1467628479,1
61,0,0.173199176788,1
61,0,0.167517900467,1
61,0,0.165320158005,1
62,0,0.163325071335,1
62,0,0.167671918869,1
62,0,0.150705099106,1
62,0,0.14461016655,1
62,0,0.146445035934,1
62,0,0.151935100555,1
62,0,0.148123979568,1
62,0,0.159353971481,1
62,0,0.167428970337,1
62,0,0.166392087936,1
63,0,0.171822071075,1
63,0,0.158753871918,1
63,0,0.147965908051,1
63,0,0.146273851395,1
63,0,0.143158912659,1
63,0,0.139993190765,1
63,0,0.139021873474,1
63,0,0.161302089691,1
63,0,0.166661977768,1
63,0,0.160994052887,1
64,0,0.159678936005,1
64,0,0.162439823151,1
64,0,0.142990112305,1
64,0,0.143412828445,1
64,0,0.141271114349,1
64,0,0.140236854553,1
64,0,0.146270990372,1
64,0,0.158885002136,1
64,0,0.170284032822,1
64,0,0.160027980804,1
65,0,0.15153503418,1
65,0,0.147693157196,1
65,0,0.166275024414,1
65,0,0.150312900543,1
65,0,0.165936946869,1
65,0,0.148028850555,1
65,0,0.166913032532,1
65,0,0.171802997589,1
65,0,0.155363082886,1
65,0,0.147650957108,1
66,0,0.152083873749,1
66,0,0.149518013,1
66,0,0.171620845795,1
66,0,0.153723955154,1
66,0,0.173409938812,1
66,0,0.153458118439,1
66,0,0.170977830887,1
66,0,0.173501968384,1
66,0,0.156239032745,1
66,0,0.149132966995,1
67,0,0.149083137512,1
67,0,0.148623943329,1
67,0,0.167348146439,1
67,0,0.153822183609,1
67,0,0.171998023987,1
67,0,0.148684978485,1
67,0,0.172959089279,1
67,0,0.167171001434,1
67,0,0.150526046753,1
67,0,0.150243997574,1
68,0,0.148555040359,1
68,0,0.15448307991,1
68,0,0.169986009598,1
68,0,0.15544295311,1
68,0,0.169227838516,1
68,0,0.147499799728,1
68,0,0.169233083725,1
68,0,0.169255971909,1
68,0,0.151660919189,1
68,0,0.142953157425,1
69,0,0.146929979324,1
69,0,0.153866052628,1
69,0,0.165319919586,1
69,0,0.143764972687,1
69,0,0.164233922958,1
69,0,0.144558906555,1
69,0,0.164880990982,1
69,0,0.16744017601,1
69,0,0.14829993248,1
69,0,0.150681018829,1
70,0,0.15456700325,1
70,0,0.185182094574,1
70,0,0.179463148117,1
70,0,0.180224895477,1
70,0,0.176827907562,1
70,0,0.17401099205,1
70,0,0.215167045593,1
70,0,0.161874055862,1
70,0,0.153973817825,1
70,0,0.180301904678,1
71,0,0.160456895828,1
71,0,0.184658050537,1
71,0,0.187563896179,1
71,0,0.182552814484,1
71,0,0.183064937592,1
71,0,0.177268981934,1
71,0,0.177023172379,1
71,0,0.150179862976,1
71,0,0.150252103806,1
71,0,0.173918962479,1
72,0,0.155078887939,1
72,0,0.189642906189,1
72,0,0.187107801437,1
72,0,0.182775020599,1
72,0,0.177729845047,1
72,0,0.179256916046,1
72,0,0.176856994629,1
72,0,0.153874874115,1
72,0,0.158431053162,1
72,0,0.177957057953,1
73,0,0.158807992935,1
73,0,0.185441970825,1
73,0,0.187326192856,1
73,0,0.174818992615,1
73,0,0.179975986481,1
73,0,0.177510976791,1
73,0,0.174098968506,1
73,0,0.155242204666,1
73,0,0.150747060776,1
73,0,0.17254281044,1
74,0,0.151068210602,1
74,0,0.182523965836,1
74,0,0.183397054672,1
74,0,0.175371170044,1
74,0,0.180583000183,1
74,0,0.182527065277,1
74,0,0.175302028656,1
74,0,0.15464091301,1
74,0,0.156947851181,1
74,0,0.182647943497,1
75,0,0.158447027206,1
75,0,0.180032968521,1
75,0,0.183438062668,1
75,0,0.161098957062,1
75,0,0.189232826233,1
75,0,0.166223049164,1
75,1,0.18767786026,1
75,0,0.276483058929,1
75,0,0.164093971252,1
75,0,0.165760040283,1
76,0,0.158025979996,1
76,0,0.176388978958,1
76,0,0.188536167145,1
76,0,0.156770944595,1
76,0,0.178638935089,1
76,0,0.163062095642,1
76,0,0.186325073242,1
76,0,0.181722164154,1
76,0,0.170925855637,1
76,0,0.159862995148,1
77,0,0.156162023544,1
77,0,0.189257860184,1
77,0,0.183040857315,1
77,0,0.164819002151,1
77,0,0.182293891907,1
77,0,0.168103933334,1
77,0,0.181285858154,1
77,0,0.183113098145,1
77,0,0.156398773193,1
77,0,0.16265296936,1
78,0,0.162840127945,1
78,0,0.190123081207,1
78,0,0.191864967346,1
78,0,0.156471014023,1
78,0,0.184680938721,1
78,0,0.157212972641,1
78,0,0.177907943726,1
78,0,0.184688091278,1
78,0,0.157130002975,1
78,0,0.163508176804,1
79,0,0.164192199707,1
79,0,0.188390016556,1
79,0,0.18718791008,1
79,0,0.156293153763,1
79,0,0.18418598175,1
79,0,0.162735939026,1
79,0,0.18506193161,1
79,0,0.184201002121,1
79,0,0.158408880234,1
79,0,0.160903930664,1
