0,0,0.0626749992371,1
0,0,0.0602741241455,1
0,0,0.0601279735565,1
0,0,0.0593440532684,1
0,0,0.0595490932465,1
0,0,0.0605781078339,1
0,0,0.0580110549927,1
0,0,0.0541360378265,1
0,0,0.0594258308411,1
0,0,0.0625357627869,1
1,0,0.0653209686279,1
1,0,0.0667178630829,1
1,0,0.06507396698,1
1,0,0.0684399604797,1
1,0,0.0660610198975,1
1,0,0.0674469470978,1
1,0,0.0640208721161,1
1,0,0.0669310092926,1
1,0,0.0663390159607,1
1,0,0.0625638961792,1
2,0,0.0639159679413,1
2,0,0.0667960643768,1
2,0,0.0644299983978,1
2,0,0.0629770755768,1
2,0,0.0636849403381,1
2,0,0.0630469322205,1
2,0,0.0664050579071,1
2,0,0.0645740032196,1
2,0,0.0631589889526,1
2,0,0.0667371749878,1
3,0,0.0613398551941,1
3,0,0.0664610862732,1
3,0,0.0639901161194,1
3,0,0.0679488182068,1
3,0,0.0646979808807,1
3,0,0.0735311508179,1
3,0,0.0650589466095,1
3,0,0.061331987381,1
3,0,0.0611670017242,1
3,0,0.0622451305389,1
4,0,0.0639998912811,1
4,0,0.0677380561829,1
4,0,0.0653841495514,1
4,0,0.0676078796387,1
4,0,0.0684771537781,1
4,0,0.0623278617859,1
4,0,0.0673339366913,1
4,0,0.0640211105347,1
4,0,0.0731570720673,1
4,0,0.0680079460144,1
5,0,0.0705769062042,1
5,0,0.0713520050049,1
5,0,0.0710389614105,1
5,0,0.0705840587616,1
5,0,0.072144985199,1
5,0,0.0719439983368,1
5,0,0.0709710121155,1
5,0,0.0707080364227,1
5,0,0.0719668865204,1
5,0,0.0769228935242,1
6,0,0.0719399452209,1
6,0,0.069415807724,1
6,0,0.0722079277039,1
6,0,0.0696439743042,1
6,0,0.0737569332123,1
6,0,0.0746130943298,1
6,0,0.0747489929199,1
6,0,0.0750789642334,1
6,0,0.0731711387634,1
6,0,0.0736119747162,1
7,0,0.0727009773254,1
7,0,0.0699870586395,1
7,0,0.0727159976959,1
7,0,0.0722541809082,1
7,0,0.0800271034241,1
7,0,0.0764398574829,1
7,0,0.0813028812408,1
7,0,0.0755548477173,1
7,0,0.0764648914337,1
7,0,0.0759358406067,1
8,0,0.0750679969788,1
8,0,0.0715281963348,1
8,0,0.0752642154694,1
8,0,0.0698480606079,1
8,0,0.078204870224,1
8,0,0.0745980739594,1
8,0,0.071503162384,1
8,0,0.0736680030823,1
8,0,0.0730419158936,1
8,0,0.073746919632,1
9,0,0.0705997943878,1
9,0,0.075464963913,1
9,0,0.0769948959351,1
9,0,0.0766899585724,1
9,0,0.0784330368042,1
9,0,0.0769009590149,1
9,0,0.0752289295197,1
9,0,0.0748929977417,1
9,0,0.0784950256348,1
9,0,0.0749378204346,1
10,0,0.0816469192505,1
10,0,0.0798120498657,1
10,0,0.0903348922729,1
10,0,0.0824019908905,1
10,0,0.0842909812927,1
10,0,0.0828549861908,1
10,0,0.0854821205139,1
10,0,0.0874588489532,1
10,0,0.0852680206299,1
10,0,0.0876529216766,1
11,0,0.0804579257965,1
11,0,0.083475112915,1
11,0,0.0846979618073,1
11,0,0.0877771377563,1
11,0,0.0848181247711,1
11,0,0.080060005188,1
11,0,0.0884459018707,1
11,0,0.0778021812439,1
11,0,0.0797560214996,1
11,0,0.0817530155182,1
12,0,0.0803599357605,1
12,0,0.0840609073639,1
12,0,0.0809848308563,1
12,0,0.0819299221039,1
12,0,0.0834381580353,1
12,0,0.0782480239868,1
12,0,0.0813250541687,1
12,0,0.0764269828796,1
12,0,0.0800368785858,1
12,0,0.0805509090424,1
13,0,0.0769109725952,1
13,0,0.0799820423126,1
13,0,0.0818798542023,1
13,0,0.0791220664978,1
13,0,0.0803959369659,1
13,0,0.0772380828857,1
13,0,0.0894911289215,1
13,0,0.0794899463654,1
13,0,0.084557056427,1
13,0,0.0817079544067,1
14,0,0.0792851448059,1
14,0,0.077712059021,1
14,0,0.0839891433716,1
14,0,0.0834469795227,1
14,0,0.0843660831451,1
14,0,0.0811040401459,1
14,0,0.0900130271912,1
14,0,0.0807199478149,1
14,0,0.0848610401154,1
14,0,0.0874931812286,1
15,0,0.0829641819,1
15,0,0.0888540744781,1
15,0,0.0839009284973,1
15,0,0.0897409915924,1
15,0,0.082554101944,1
15,0,0.0875918865204,1
15,0,0.0840179920197,1
15,0,0.0874309539795,1
15,0,0.0849997997284,1
15,0,0.0882198810577,1
16,0,0.0892789363861,1
16,0,0.0922608375549,1
16,0,0.0836400985718,1
16,0,0.0913109779358,1
16,0,0.0862908363342,1
16,0,0.0858759880066,1
16,0,0.0866711139679,1
16,0,0.0907001495361,1
16,0,0.0894410610199,1
16,0,0.0959119796753,1
17,0,0.0850260257721,1
17,0,0.0909240245819,1
17,0,0.0864810943604,1
17,0,0.097403049469,1
17,0,0.082102060318,1
17,0,0.0837850570679,1
17,0,0.0872578620911,1
17,0,0.088917016983,1
17,0,0.0853450298309,1
17,0,0.0900430679321,1
18,0,0.0846121311188,1
18,0,0.0878260135651,1
18,0,0.0847771167755,1
18,0,0.0921869277954,1
18,0,0.0858671665192,1
18,0,0.0874688625336,1
18,0,0.0832738876343,1
18,0,0.0947890281677,1
18,0,0.0849421024323,1
18,0,0.0916090011597,1
19,0,0.0852401256561,1
19,0,0.0886747837067,1
19,0,0.0833539962769,1
19,0,0.08837890625,1
19,0,0.082368850708,1
19,0,0.0881741046906,1
19,0,0.089607000351,1
19,0,0.091304063797,1
19,0,0.0897119045258,1
19,0,0.0913960933685,1
20,0,0.0888719558716,1
20,0,0.0897691249847,1
20,0,0.0928101539612,1
20,0,0.0931720733643,1
20,0,0.0879480838776,1
20,0,0.0962550640106,1
20,0,0.0989158153534,1
20,0,0.0990719795227,1
20,0,0.0894558429718,1
20,1,0.0853490829468,1
21,0,0.0950419902802,1
21,0,0.0918960571289,1
21,0,0.0888731479645,1
21,0,0.0933780670166,1
21,0,0.0842118263245,1
21,0,0.0947511196136,1
21,0,0.0856399536133,1
21,0,0.090705871582,1
21,0,0.0890040397644,1
21,0,0.0929079055786,1
22,0,0.0902860164642,1
22,0,0.0870099067688,1
22,0,0.0858690738678,1
22,0,0.0912110805511,1
22,0,0.0841588973999,1
22,0,0.0923509597778,1
22,0,0.0849599838257,1
22,0,0.0908529758453,1
22,0,0.0880749225616,1
22,0,0.0927548408508,1
23,0,0.0916771888733,1
23,0,0.0882589817047,1
23,0,0.0873658657074,1
23,0,0.0895640850067,1
23,0,0.0872459411621,1
23,0,0.0914549827576,1
23,0,0.0965600013733,1
23,0,0.0896120071411,1
23,0,0.0851230621338,1
23,0,0.0967779159546,1
24,0,0.0917549133301,1
24,0,0.0877180099487,1
24,0,0.0866198539734,1
24,0,0.0902450084686,1
24,0,0.0828440189362,1
24,0,0.0918660163879,1
24,0,0.0912330150604,1
24,0,0.0903389453888,1
24,0,0.0907440185547,1
24,0,0.0978610515594,1
