0,0,0.0660591125488,1
0,0,0.0635600090027,1
0,0,0.0620410442352,1
0,0,0.05970287323,1
0,0,0.0595161914825,1
0,0,0.0625169277191,1
0,0,0.0579419136047,1
0,0,0.0558819770813,1
0,0,0.0642120838165,1
0,0,0.0595920085907,1
1,0,0.0634210109711,1
1,0,0.0627069473267,1
1,0,0.0624239444733,1
1,0,0.0614819526672,1
1,0,0.0612649917603,1
1,0,0.0630278587341,1
1,0,0.0613701343536,1
1,0,0.0604059696198,1
1,0,0.0667309761047,1
1,0,0.0612869262695,1
2,0,0.0630030632019,1
2,0,0.062609910965,1
2,0,0.0639798641205,1
2,0,0.0606210231781,1
2,0,0.0674550533295,1
2,0,0.0615801811218,1
2,0,0.0625278949738,1
2,0,0.0650060176849,1
2,0,0.0665218830109,1
2,0,0.0657119750977,1
3,0,0.0658819675446,1
3,0,0.0638270378113,1
3,0,0.0672769546509,1
3,0,0.0634150505066,1
3,0,0.0646369457245,1
3,0,0.0640799999237,1
3,0,0.0644018650055,1
3,0,0.0634460449219,1
3,0,0.0616579055786,1
3,0,0.0620169639587,1
4,0,0.0608081817627,1
4,0,0.0614399909973,1
4,0,0.0651569366455,1
4,0,0.0686638355255,1
4,0,0.0626630783081,1
4,0,0.0646331310272,1
4,0,0.0628099441528,1
4,0,0.0648210048676,1
4,0,0.0639989376068,1
4,0,0.0636990070343,1
5,0,0.0761189460754,1
5,0,0.074539899826,1
5,0,0.0719909667969,1
5,0,0.0736680030823,1
5,0,0.0725841522217,1
5,0,0.0813460350037,1
5,0,0.0765039920807,1
5,0,0.0754749774933,1
5,0,0.07084608078,1
5,0,0.0765278339386,1
6,0,0.0736730098724,1
6,0,0.0748088359833,1
6,0,0.073539018631,1
6,0,0.076112985611,1
6,0,0.0742900371552,1
6,0,0.0760269165039,1
6,0,0.0754220485687,1
6,0,0.0767719745636,1
6,0,0.0753309726715,1
6,0,0.07843708992,1
7,0,0.0731031894684,1
7,0,0.0757801532745,1
7,0,0.0735230445862,1
7,0,0.0761117935181,1
7,0,0.0708858966827,1
7,0,0.0745480060577,1
7,0,0.0766730308533,1
7,0,0.0761950016022,1
7,0,0.0747468471527,1
7,0,0.0778050422668,1
8,0,0.0724649429321,1
8,0,0.0757038593292,1
8,0,0.0720300674438,1
8,0,0.0743179321289,1
8,0,0.0726230144501,1
8,0,0.0724999904633,1
8,0,0.0729930400848,1
8,0,0.0782859325409,1
8,0,0.0734190940857,1
8,0,0.0759670734406,1
9,0,0.0710649490356,1
9,0,0.0744459629059,1
9,0,0.0698208808899,1
9,0,0.0737669467926,1
9,0,0.0704748630524,1
9,0,0.0739688873291,1
9,0,0.0727350711823,1
9,0,0.076003074646,1
9,0,0.0764200687408,1
9,0,0.0742537975311,1
10,0,0.0778110027313,1
10,0,0.0776250362396,1
10,0,0.083034992218,1
10,0,0.0813620090485,1
10,0,0.0787389278412,1
10,0,0.08127784729,1
10,0,0.0771398544312,1
10,0,0.0779111385345,1
10,0,0.0786819458008,1
10,0,0.0802838802338,1
11,0,0.0793871879578,1
11,0,0.0771818161011,1
11,0,0.0816488265991,1
11,0,0.081267118454,1
11,0,0.0854239463806,1
11,0,0.0795261859894,1
11,0,0.0796599388123,1
11,0,0.0804750919342,1
11,0,0.0776581764221,1
11,0,0.0794138908386,1
12,0,0.0861310958862,1
12,0,0.0817680358887,1
12,0,0.0853269100189,1
12,0,0.0865161418915,1
12,0,0.0799510478973,1
12,0,0.0813407897949,1
12,0,0.0794811248779,1
12,0,0.0797739028931,1
12,0,0.0834970474243,1
12,0,0.0791831016541,1
13,0,0.0810520648956,1
13,0,0.0771298408508,1
13,0,0.0837519168854,1
13,0,0.0832650661469,1
13,0,0.0783071517944,1
13,0,0.0822720527649,1
13,0,0.077131986618,1
13,0,0.0794138908386,1
13,0,0.08185505867,1
13,0,0.0778379440308,1
14,0,0.0815839767456,1
14,0,0.0788660049438,1
14,0,0.0835728645325,1
14,0,0.0859179496765,1
14,0,0.0792119503021,1
14,0,0.0801448822021,1
14,0,0.0768790245056,1
14,0,0.0788831710815,1
14,0,0.0775079727173,1
14,0,0.0791261196136,1
15,0,0.0871810913086,1
15,0,0.0876219272614,1
15,0,0.0883090496063,1
15,0,0.0869150161743,1
15,0,0.0877969264984,1
15,0,0.0878608226776,1
15,0,0.0873289108276,1
15,0,0.0902760028839,1
15,0,0.0833539962769,1
15,0,0.0847399234772,1
16,0,0.0836670398712,1
16,0,0.0874078273773,1
16,0,0.0912499427795,1
16,0,0.0820009708405,1
16,0,0.0823400020599,1
16,0,0.0825169086456,1
16,0,0.0850930213928,1
16,0,0.0846121311188,1
16,0,0.0778770446777,1
16,0,0.0796580314636,1
17,0,0.0821371078491,1
17,0,0.0831649303436,1
17,0,0.0841150283813,1
17,0,0.0815889835358,1
17,0,0.0836820602417,1
17,0,0.0891919136047,1
17,0,0.0885109901428,1
17,0,0.0930600166321,1
17,0,0.0839068889618,1
17,0,0.084615945816,1
18,0,0.0859241485596,1
18,0,0.0896601676941,1
18,0,0.0866169929504,1
18,0,0.0810499191284,1
18,0,0.0880069732666,1
18,0,0.0881659984589,1
18,0,0.0900859832764,1
18,0,0.0869438648224,1
18,0,0.0814611911774,1
18,0,0.0825209617615,1
19,0,0.0836491584778,1
19,0,0.0885848999023,1
19,0,0.0837907791138,1
19,0,0.0796439647675,1
19,0,0.090234041214,1
19,0,0.0917689800262,1
19,0,0.0907878875732,1
19,0,0.0853869915009,1
19,0,0.0818998813629,1
19,0,0.0805108547211,1
20,0,0.0970530509949,1
20,0,0.0941851139069,1
20,0,0.0957870483398,1
20,0,0.0933790206909,1
20,0,0.0970859527588,1
20,0,0.0898427963257,1
20,0,0.0946829319,1
20,0,0.0948660373688,1
20,0,0.0970680713654,1
20,0,0.0922708511353,1
21,0,0.0981531143188,1
21,0,0.094838142395,1
21,0,0.0954849720001,1
21,0,0.103223085403,1
21,0,0.0992388725281,1
21,0,0.0931689739227,1
21,0,0.0956130027771,1
21,0,0.105638027191,1
21,0,0.0993480682373,1
21,0,0.0911600589752,1
22,0,0.0956118106842,1
22,0,0.0978610515594,1
22,0,0.0983078479767,1
22,0,0.0953109264374,1
22,0,0.0962929725647,1
22,0,0.09197306633,1
22,0,0.101120948792,1
22,0,0.0977518558502,1
22,0,0.0958380699158,1
22,0,0.0979979038239,1
23,0,0.0963308811188,1
23,0,0.0960838794708,1
23,0,0.0962579250336,1
23,0,0.0949649810791,1
23,0,0.098032951355,1
23,0,0.0886149406433,1
23,0,0.0971739292145,1
23,0,0.0952939987183,1
23,0,0.10071182251,1
23,0,0.0932550430298,1
24,0,0.0963370800018,1
24,0,0.0973989963531,1
24,0,0.0998339653015,1
24,0,0.0934538841248,1
24,0,0.09921002388,1
24,0,0.090756893158,1
24,0,0.0972561836243,1
24,0,0.0973291397095,1
24,0,0.0978491306305,1
24,0,0.093817949295,1
25,0,0.113168954849,1
25,0,0.102647066116,1
25,0,0.09956407547,1
25,0,0.0993680953979,1
25,0,0.0993731021881,1
25,0,0.105986118317,1
25,0,0.106126070023,1
25,0,0.109482049942,1
25,0,0.107933044434,1
25,0,0.104849100113,1
26,0,0.102778911591,1
26,0,0.0977959632874,1
26,0,0.10217499733,1
26,0,0.0977518558502,1
26,0,0.0947041511536,1
26,0,0.10321187973,1
26,0,0.106352090836,1
26,0,0.105409860611,1
26,0,0.105143070221,1
26,0,0.112353801727,1
27,0,0.10312795639,1
27,0,0.0959839820862,1
27,0,0.0968441963196,1
27,0,0.102033853531,1
27,0,0.0955312252045,1
27,0,0.104561090469,1
27,0,0.103355884552,1
27,0,0.107156991959,1
27,0,0.106883049011,1
27,0,0.108308076859,1
28,0,0.105015039444,1
28,0,0.100780010223,1
28,0,0.0997490882874,1
28,0,0.098237991333,1
28,0,0.0975689888,1
28,0,0.112881183624,1
28,0,0.107048988342,1
28,0,0.107074022293,1
28,0,0.104385852814,1
28,0,0.106142997742,1
29,0,0.102519989014,1
29,0,0.098799943924,1
29,0,0.0972859859467,1
29,0,0.0990509986877,1
29,0,0.0979428291321,1
29,0,0.102956056595,1
29,0,0.106305122375,1
29,0,0.107023954391,1
29,0,0.103307008743,1
29,0,0.111616849899,1
30,0,0.104507923126,1
30,0,0.108232975006,1
30,0,0.103138923645,1
30,0,0.101464033127,1
30,0,0.108160018921,1
30,0,0.108072042465,1
30,0,0.109765052795,1
30,0,0.111732006073,1
30,0,0.103709936142,1
30,0,0.100631952286,1
31,0,0.101572036743,1
31,0,0.113504886627,1
31,0,0.110475063324,1
31,0,0.105453014374,1
31,0,0.105702161789,1
31,0,0.112360954285,1
31,0,0.11621594429,1
31,0,0.115350961685,1
31,0,0.113084077835,1
31,0,0.104212999344,1
32,0,0.107399940491,1
32,0,0.11483502388,1
32,0,0.115697860718,1
32,0,0.108808040619,1
32,0,0.108047008514,1
32,0,0.109680891037,1
32,0,0.124341011047,1
32,0,0.115338087082,1
32,0,0.106474161148,1
32,0,0.108092069626,1
33,0,0.105854034424,1
33,0,0.113019943237,1
33,0,0.107156991959,1
33,0,0.106166124344,1
33,0,0.104053974152,1
33,0,0.10610294342,1
33,0,0.111701965332,1
33,0,0.117006063461,1
33,0,0.104530096054,1
33,0,0.104294776917,1
34,0,0.105906963348,1
34,0,0.116484880447,1
34,0,0.104885101318,1
34,0,0.106225013733,1
34,0,0.107981920242,1
34,0,0.104291915894,1
34,0,0.111428976059,1
34,0,0.11286687851,1
34,0,0.109393119812,1
34,0,0.101625919342,1
35,0,0.108633995056,1
35,0,0.130210876465,1
35,0,0.106781005859,1
35,0,0.106604099274,1
35,0,0.106781959534,1
35,0,0.124406099319,1
35,0,0.107761859894,1
35,0,0.106338977814,1
35,0,0.117114067078,1
35,0,0.123659849167,1
36,0,0.107292890549,1
36,0,0.122070074081,1
36,0,0.112540960312,1
36,0,0.108345985413,1
36,0,0.108440160751,1
36,0,0.122420072556,1
36,0,0.117109060287,1
36,0,0.112093925476,1
36,0,0.11529302597,1
36,0,0.127201080322,1
37,0,0.112461090088,1
37,0,0.12581205368,1
37,0,0.121782064438,1
37,0,0.110762119293,1
37,0,0.108401060104,1
37,0,0.123630046844,1
37,0,0.11235499382,1
37,0,0.108674049377,1
37,0,0.110952138901,1
37,0,0.121947050095,1
38,0,0.108899116516,1
38,0,0.125864982605,1
38,0,0.107453107834,1
38,0,0.116025924683,1
38,0,0.109412908554,1
38,0,0.121151924133,1
38,0,0.111049175262,1
38,0,0.105458974838,1
38,0,0.109940052032,1
38,0,0.121052980423,1
39,0,0.108704090118,1
39,0,0.120566129684,1
39,0,0.107390165329,1
39,0,0.112925052643,1
39,0,0.108285188675,1
39,0,0.118448972702,1
39,0,0.110048055649,1
39,0,0.112356901169,1
39,0,0.109678030014,1
39,0,0.121249914169,1
40,0,0.119617938995,1
40,0,0.115124940872,1
40,0,0.127647161484,1
40,0,0.116407871246,1
40,0,0.127824068069,1
40,0,0.125077962875,1
40,0,0.116300821304,1
40,0,0.114856004715,1
40,0,0.120496034622,1
40,0,0.12350487709,1
41,0,0.119919061661,1
41,0,0.119235038757,1
41,0,0.122653961182,1
41,0,0.116245031357,1
41,0,0.129925012589,1
41,0,0.130050182343,1
41,0,0.115460157394,1
41,0,0.115550041199,1
41,0,0.117815971375,1
41,0,0.130254030228,1
42,0,0.12886595726,1
42,0,0.119576931,1
42,0,0.131100893021,1
42,0,0.12638092041,1
42,0,0.130481958389,1
42,0,0.130285978317,1
42,0,0.117766857147,1
42,0,0.114893913269,1
42,0,0.115983963013,1
42,0,0.127125024796,1
43,0,0.116321802139,1
43,0,0.113852024078,1
43,0,0.127100944519,1
43,0,0.118273973465,1
43,0,0.125754117966,1
43,0,0.127092123032,1
43,0,0.114557027817,1
43,0,0.113888025284,1
43,0,0.117666959763,1
43,0,0.123761892319,1
44,0,0.12091088295,1
44,0,0.119742870331,1
44,0,0.127999067307,1
44,0,0.124688863754,1
44,0,0.127176046371,1
44,0,0.131768941879,1
44,0,0.115545034409,1
44,0,0.118170022964,1
44,0,0.12104511261,1
44,0,0.138474941254,1
45,0,0.122926950455,1
45,0,0.120336055756,1
45,0,0.12193608284,1
45,0,0.136152029037,1
45,0,0.134311199188,1
45,0,0.124506950378,1
45,0,0.132849931717,1
45,0,0.122948169708,1
45,0,0.142404079437,1
45,0,0.133019924164,1
46,0,0.120052099228,1
46,0,0.122804164886,1
46,0,0.121079921722,1
46,0,0.132248878479,1
46,0,0.133121013641,1
46,0,0.125754117966,1
46,0,0.139304161072,1
46,0,0.124123096466,1
46,0,0.140449047089,1
46,0,0.134835004807,1
47,0,0.121787071228,1
47,0,0.124051094055,1
47,0,0.118396043777,1
47,0,0.132791996002,1
47,0,0.139629840851,1
47,0,0.11851811409,1
47,0,0.132004976273,1
47,0,0.133818149567,1
47,0,0.134593009949,1
47,0,0.130797863007,1
48,0,0.130052089691,1
48,0,0.124315977097,1
48,0,0.122972011566,1
48,0,0.142169952393,1
48,0,0.137451171875,1
48,0,0.123543024063,1
48,0,0.147692918777,1
48,0,0.128139972687,1
48,0,0.142397880554,1
48,0,0.141367912292,1
49,0,0.122401952744,1
49,0,0.124041080475,1
49,0,0.131234884262,1
49,0,0.13542509079,1
49,0,0.139081001282,1
49,0,0.125956058502,1
49,0,0.13852596283,1
49,0,0.130439996719,1
49,0,0.138970851898,1
49,0,0.132735967636,1
50,0,0.154704093933,1
50,0,0.126181840897,1
50,0,0.139914989471,1
50,0,0.144426107407,1
50,0,0.140940904617,1
50,0,0.129317045212,1
50,0,0.147811889648,1
50,0,0.144302129745,1
50,0,0.143732070923,1
50,0,0.145839929581,1
51,0,0.151631116867,1
51,0,0.131167888641,1
51,0,0.144097089767,1
51,0,0.145375967026,1
51,0,0.143478870392,1
51,0,0.134903907776,1
51,0,0.142502069473,1
51,0,0.141817808151,1
51,0,0.150141954422,1
51,0,0.137468099594,1
52,0,0.149319171906,1
52,0,0.1283390522,1
52,0,0.141042947769,1
52,0,0.146913051605,1
52,0,0.136574983597,1
52,0,0.128022193909,1
52,0,0.141200065613,1
52,0,0.145669221878,1
52,0,0.145816087723,1
52,0,0.141051054001,1
53,0,0.152172088623,1
53,0,0.128138065338,1
53,0,0.143721103668,1
53,0,0.140980958939,1
53,0,0.143630027771,1
53,0,0.127012968063,1
53,0,0.146667003632,1
53,0,0.138422012329,1
53,0,0.149465799332,1
53,0,0.14363694191,1
54,0,0.153007984161,1
54,0,0.129209041595,1
54,0,0.143139123917,1
54,0,0.14500784874,1
54,0,0.14116191864,1
54,0,0.128746032715,1
54,0,0.143019914627,1
54,0,0.138031959534,1
54,0,0.152590990067,1
54,0,0.142705917358,1
55,0,0.154814004898,1
55,0,0.141732931137,1
55,0,0.141505002975,1
55,0,0.136840105057,1
55,0,0.140351057053,1
55,0,0.148766040802,1
55,0,0.15952205658,1
55,0,0.138986825943,1
55,0,0.155475854874,1
55,0,0.138003826141,1
56,0,0.155607223511,1
56,0,0.13932299614,1
56,0,0.144264936447,1
56,0,0.137345075607,1
56,0,0.142502069473,1
56,0,0.163744926453,1
56,0,0.156456947327,1
56,0,0.139946937561,1
56,0,0.157980918884,1
56,0,0.135768890381,1
57,0,0.162214994431,1
57,0,0.143585920334,1
57,0,0.140156030655,1
57,0,0.136976003647,1
57,0,0.137797117233,1
57,0,0.153177976608,1
57,0,0.156468153,1
57,0,0.139517068863,1
57,0,0.161809921265,1
57,0,0.138901948929,1
58,0,0.155627012253,1
58,0,0.143199205399,1
58,0,0.138761997223,1
58,0,0.135059118271,1
58,0,0.138309001923,1
58,0,0.151463985443,1
58,0,0.162655115128,1
58,0,0.136198043823,1
58,0,0.165256023407,1
58,0,0.143182039261,1
59,0,0.157199859619,1
59,0,0.135658025742,1
59,0,0.13530421257,1
59,0,0.13731098175,1
59,0,0.139466047287,1
59,0,0.155462026596,1
59,0,0.154685020447,1
59,0,0.139589071274,1
59,0,0.157207965851,1
59,0,0.135121107101,1
60,0,0.163444042206,1
60,0,0.141977071762,1
60,0,0.146522045135,1
60,0,0.164266824722,1
60,0,0.141643047333,1
60,0,0.145404100418,1
60,0,0.163239002228,1
60,0,0.168683052063,1
60,0,0.161882162094,1
60,0,0.170974969864,1
61,0,0.174556016922,1
61,0,0.14567899704,1
61,0,0.144160032272,1
61,0,0.16615819931,1
61,0,0.141423940659,1
61,0,0.151886940002,1
61,0,0.167006015778,1
61,0,0.167037010193,1
61,0,0.163216114044,1
61,0,0.166412115097,1
62,0,0.161134004593,1
62,0,0.14368891716,1
62,0,0.140639066696,1
62,0,0.174314022064,1
62,0,0.144665956497,1
62,0,0.149899959564,1
62,0,0.166160106659,1
62,0,0.164211988449,1
62,0,0.157071828842,1
62,0,0.158957958221,1
63,0,0.166064023972,1
63,0,0.142877101898,1
63,0,0.142058849335,1
63,0,0.16256403923,1
63,0,0.141974925995,1
63,0,0.143834114075,1
63,0,0.161656856537,1
63,0,0.155959844589,1
63,0,0.160346984863,1
63,0,0.157047986984,1
64,0,0.158987998962,1
64,0,0.145315885544,1
64,0,0.141090869904,1
64,0,0.160295963287,1
64,0,0.139976978302,1
64,0,0.13921713829,1
64,0,0.167304039001,1
64,0,0.165587902069,1
64,0,0.166182041168,1
64,0,0.163335084915,1
65,0,0.146009922028,1
65,0,0.174413919449,1
65,0,0.153539180756,1
65,0,0.151165962219,1
65,0,0.176539897919,1
65,0,0.152094125748,1
65,0,0.148167848587,1
65,0,0.175917863846,1
65,0,0.154764890671,1
65,0,0.171591043472,1
66,0,0.15737080574,1
66,0,0.175492048264,1
66,0,0.151958942413,1
66,0,0.145313978195,1
66,0,0.177531003952,1
66,0,0.154375076294,1
66,0,0.148771047592,1
66,0,0.172912120819,1
66,0,0.148514986038,1
66,0,0.16831612587,1
67,0,0.148973941803,1
67,0,0.170424938202,1
67,0,0.150250196457,1
67,0,0.15628695488,1
67,0,0.179482936859,1
67,0,0.155683040619,1
67,0,0.150032997131,1
67,0,0.167052030563,1
67,0,0.148797035217,1
67,0,0.174190998077,1
68,0,0.153715848923,1
68,0,0.168289899826,1
68,0,0.14760017395,1
68,0,0.156708955765,1
68,0,0.177565097809,1
68,0,0.147493124008,1
68,0,0.142959117889,1
68,0,0.171287059784,1
68,0,0.151640892029,1
68,0,0.169532060623,1
69,0,0.145522117615,1
69,0,0.170188903809,1
69,0,0.148865222931,1
69,0,0.143713951111,1
69,0,0.168505907059,1
69,0,0.147216081619,1
69,0,0.147198915482,1
69,0,0.171161174774,1
69,0,0.153585910797,1
69,0,0.175067186356,1
70,0,0.161689996719,1
70,0,0.173377990723,1
70,0,0.174556970596,1
70,0,0.150414943695,1
70,0,0.17320895195,1
70,0,0.174596071243,1
70,0,0.176702022552,1
70,0,0.15919303894,1
70,0,0.174875974655,1
70,0,0.158139944077,1
71,0,0.155751943588,1
71,0,0.177412986755,1
71,0,0.172612905502,1
71,0,0.149027109146,1
71,0,0.174550056458,1
71,0,0.177630901337,1
71,0,0.182152986526,1
71,0,0.160099983215,1
71,0,0.176593065262,1
71,0,0.156147956848,1
72,0,0.15499997139,1
72,0,0.182595014572,1
72,0,0.183797121048,1
72,0,0.148998022079,1
72,0,0.177417039871,1
72,0,0.179292917252,1
72,0,0.179265975952,1
72,0,0.15326499939,1
72,0,0.178828001022,1
72,0,0.165119886398,1
73,0,0.155474901199,1
73,0,0.186909914017,1
73,0,0.179004907608,1
73,0,0.155472993851,1
73,0,0.179841995239,1
73,0,0.184925079346,1
73,0,0.182839870453,1
73,0,0.154944181442,1
73,0,0.179027080536,1
73,0,0.152238130569,1
74,0,0.156738042831,1
74,0,0.175149917603,1
74,0,0.175179004669,1
74,0,0.155547142029,1
74,0,0.175081014633,1
74,0,0.181798934937,1
74,0,0.180098056793,1
74,0,0.151789903641,1
74,0,0.170674800873,1
74,0,0.158211946487,1
75,0,0.162719964981,1
75,0,0.190312147141,1
75,0,0.166799783707,1
75,0,0.186444997787,1
75,0,0.184406995773,1
75,0,0.160410165787,1
75,0,0.187262058258,1
75,0,0.193938016891,1
75,0,0.163704872131,1
75,0,0.167016029358,1
76,0,0.16569185257,1
76,0,0.195776939392,1
76,0,0.159891843796,1
76,0,0.187815904617,1
76,0,0.190936088562,1
76,0,0.162009000778,1
76,0,0.188758134842,1
76,0,0.190200090408,1
76,0,0.16012096405,1
76,0,0.163326025009,1
77,0,0.168138027191,1
77,0,0.185626029968,1
77,0,0.162407875061,1
77,0,0.19008398056,1
77,0,0.195689916611,1
77,0,0.161607027054,1
77,0,0.1825299263,1
77,0,0.18770813942,1
77,0,0.158447027206,1
77,0,0.161949872971,1
78,0,0.157077074051,1
78,0,0.18759393692,1
78,0,0.155719995499,1
78,0,0.187609910965,1
78,0,0.190804958344,1
78,0,0.162494182587,1
78,0,0.189342975616,1
78,0,0.193554878235,1
78,0,0.166038990021,1
78,0,0.163084983826,1
79,0,0.164623022079,1
79,0,0.185987949371,1
79,0,0.159096002579,1
79,0,0.180972099304,1
79,0,0.191908121109,1
79,0,0.163281917572,1
79,0,0.184285879135,1
79,0,0.190299034119,1
79,0,0.158313989639,1
79,0,0.160784959793,1
80,0,0.200654029846,1
80,0,0.170521974564,1
80,0,0.191443920135,1
80,0,0.164546012878,1
80,0,0.16596198082,1
80,0,0.190045118332,1
80,0,0.197472810745,1
80,0,0.194954156876,1
80,0,0.204275131226,1
80,0,0.207651853561,1
81,0,0.204284906387,1
81,0,0.166437864304,1
81,0,0.196177005768,1
81,0,0.166061878204,1
81,0,0.17569899559,1
81,0,0.195289134979,1
81,0,0.201710224152,1
81,0,0.199635982513,1
81,0,0.208716154099,1
81,0,0.209291934967,1
82,0,0.208806037903,1
82,0,0.167283058167,1
82,0,0.188565969467,1
82,0,0.16862821579,1
82,0,0.174039125443,1
82,0,0.196772098541,1
82,0,0.203717947006,1
82,0,0.197406053543,1
82,0,0.197345972061,1
82,0,0.196076154709,1
83,0,0.208037853241,1
83,0,0.168277978897,1
83,0,0.197860002518,1
83,0,0.172009944916,1
83,0,0.166599988937,1
83,0,0.193664073944,1
83,0,0.194932937622,1
83,0,0.195546150208,1
83,0,0.202720165253,1
83,0,0.198704004288,1
84,0,0.200485944748,1
84,0,0.168507099152,1
84,0,0.194251060486,1
84,0,0.169275999069,1
84,0,0.168505907059,1
84,0,0.186800003052,1
84,0,0.208606958389,1
84,0,0.192117929459,1
84,0,0.199880123138,1
84,0,0.195490121841,1
85,0,0.176467180252,1
85,0,0.207422018051,1
85,0,0.174622058868,1
85,0,0.205864906311,1
85,0,0.176110029221,1
85,0,0.17574095726,1
85,0,0.205708026886,1
85,0,0.173815011978,1
85,0,0.209023952484,1
85,0,0.209329843521,1
86,0,0.173527002335,1
86,0,0.198984146118,1
86,0,0.176087141037,1
86,0,0.199694156647,1
86,0,0.170870065689,1
86,0,0.176162004471,1
86,0,0.214596986771,1
86,0,0.168651819229,1
86,0,0.204402923584,1
86,0,0.198590993881,1
87,0,0.173650979996,1
87,0,0.201488018036,1
87,0,0.178601026535,1
87,0,0.197272062302,1
87,0,0.177867889404,1
87,0,0.171279191971,1
87,0,0.208889961243,1
87,0,0.172795057297,1
87,0,0.200537204742,1
87,0,0.208568811417,1
88,0,0.172612905502,1
88,0,0.212490081787,1
88,0,0.169373989105,1
88,0,0.200721025467,1
88,0,0.168610811234,1
88,0,0.169233083725,1
88,0,0.215215921402,1
88,0,0.173757076263,1
88,0,0.202264070511,1
88,0,0.200949192047,1
89,0,0.176810026169,1
89,0,0.202634096146,1
89,0,0.172955989838,1
89,0,0.208195924759,1
89,0,0.172811985016,1
89,0,0.173176050186,1
89,0,0.212818145752,1
89,0,0.168112039566,1
89,0,0.202307939529,1
89,0,0.205151081085,1
90,0,0.180796146393,1
90,0,0.223283052444,1
90,0,0.225600004196,1
90,0,0.221840143204,1
90,0,0.20686507225,1
90,0,0.201830863953,1
90,0,0.186605930328,1
90,0,0.184305906296,1
90,0,0.221185922623,1
90,0,0.218081951141,1
91,0,0.181668996811,1
91,0,0.21681189537,1
91,0,0.219738006592,1
91,0,0.2212870121,1
91,0,0.210922002792,1
91,0,0.203721046448,1
91,0,0.185153961182,1
91,0,0.176388025284,1
91,0,0.220439195633,1
91,0,0.219315052032,1
92,0,0.178461074829,1
92,0,0.2228307724,1
92,0,0.221481084824,1
92,0,0.215152025223,1
92,0,0.212644100189,1
92,0,0.202350139618,1
92,0,0.175729036331,1
92,0,0.1758248806,1
92,0,0.204493999481,1
92,0,0.215423107147,1
93,0,0.185468912125,1
93,0,0.219022989273,1
93,0,0.234810113907,1
93,0,0.217132806778,1
93,0,0.202047109604,1
93,0,0.212142944336,1
93,0,0.179692983627,1
93,0,0.176934957504,1
93,0,0.222566843033,1
93,0,0.200034856796,1
94,0,0.181225776672,1
94,0,0.227496147156,1
94,0,0.221689224243,1
94,0,0.21168088913,1
94,0,0.214661121368,1
94,0,0.212794065475,1
94,0,0.177584171295,1
94,0,0.17998790741,1
94,0,0.211212873459,1
94,0,0.21033000946,1
95,0,0.226629018784,1
95,0,0.228721857071,1
95,0,0.218910932541,1
95,0,0.225589036942,1
95,0,0.184662103653,1
95,0,0.218914985657,1
95,0,0.227127075195,1
95,0,0.230518102646,1
95,0,0.187022924423,1
95,0,0.228236198425,1
96,0,0.232218027115,1
96,0,0.230954885483,1
96,0,0.227316141129,1
96,0,0.224364995956,1
96,0,0.192620992661,1
96,0,0.218374967575,1
96,0,0.222711801529,1
96,0,0.221477985382,1
96,0,0.18682384491,1
96,0,0.240641117096,1
97,0,0.231942892075,1
97,0,0.227926015854,1
97,0,0.23242020607,1
97,0,0.225038051605,1
97,0,0.188040018082,1
97,0,0.231539011002,1
97,0,0.225573778152,1
97,0,0.225166797638,1
97,0,0.180944919586,1
97,0,0.24316906929,1
98,0,0.231225013733,1
98,0,0.215113162994,1
98,0,0.22549700737,1
98,0,0.217154979706,1
98,0,0.18540596962,1
98,0,0.226652860641,1
98,0,0.230949878693,1
98,0,0.224092006683,1
98,0,0.182570934296,1
98,0,0.295016050339,1
99,0,0.255172967911,1
99,0,0.268874883652,1
99,0,0.238414049149,1
99,0,0.214818000793,1
99,0,0.189570903778,1
99,0,0.215991020203,1
99,0,0.228605985641,1
99,0,0.217447042465,1
99,0,0.185347080231,1
99,0,0.229201078415,1
100,0,0.245999097824,1
100,0,0.219727993011,1
100,0,0.243525028229,1
100,0,0.2290558815,1
100,0,0.232302904129,1
100,0,0.226236104965,1
100,0,0.191941976547,1
100,0,0.234117984772,1
100,0,0.226065158844,1
100,0,0.198343038559,1
101,0,0.252487182617,1
101,0,0.233382940292,1
101,0,0.244928836823,1
101,0,0.22949886322,1
101,0,0.230945110321,1
101,0,0.245999097824,1
101,0,0.193645954132,1
101,0,0.227775812149,1
101,0,0.231230020523,1
101,0,0.195230960846,1
102,0,0.256803035736,1
102,0,0.233299016953,1
102,0,0.237284898758,1
102,0,0.223443984985,1
102,0,0.232283115387,1
102,0,0.24224114418,1
102,0,0.193182945251,1
102,0,0.233680009842,1
102,0,0.229049921036,1
102,0,0.198386907578,1
103,0,0.243520975113,1
103,0,0.220532178879,1
103,0,0.237426042557,1
103,0,0.223675966263,1
103,0,0.24204492569,1
103,0,0.22501206398,1
103,0,0.198679924011,1
103,0,0.221044778824,1
103,0,0.226084947586,1
103,0,0.186663866043,1
104,0,0.249464035034,1
104,0,0.225914955139,1
104,0,0.243521928787,1
104,0,0.232620954514,1
104,0,0.229988098145,1
104,0,0.22875213623,1
104,0,0.188952207565,1
104,0,0.221374034882,1
104,0,0.233874082565,1
104,0,0.185708999634,1
105,0,0.239543914795,1
105,0,0.242155075073,1
105,0,0.195128917694,1
105,0,0.253916025162,1
105,0,0.198637962341,1
105,0,0.257417917252,1
105,0,0.198556900024,1
105,0,0.235569000244,1
105,0,0.232845067978,1
105,0,0.205901861191,1
106,0,0.242275953293,1
106,0,0.247340917587,1
106,0,0.198057174683,1
106,0,0.248066902161,1
106,0,0.204380989075,1
106,0,0.251277923584,1
106,0,0.1980509758,1
106,0,0.227364063263,1
106,0,0.246541023254,1
106,0,0.194479942322,1
107,0,0.241333961487,1
107,0,0.247565031052,1
107,0,0.192744970322,1
107,0,0.249151945114,1
107,0,0.195813894272,1
107,0,0.254429101944,1
107,0,0.196563005447,1
107,0,0.250436067581,1
107,0,0.227198123932,1
107,0,0.196977138519,1
108,0,0.235260009766,1
108,0,0.245783090591,1
108,0,0.198408126831,1
108,0,0.246781826019,1
108,0,0.195230960846,1
108,0,0.255733013153,1
108,0,0.202294111252,1
108,0,0.239021062851,1
108,0,0.22544503212,1
108,0,0.19167304039,1
109,0,0.233168840408,1
109,0,0.259286880493,1
109,0,0.195155143738,1
109,0,0.254030942917,1
109,0,0.192430019379,1
109,0,0.245028972626,1
109,0,0.192722082138,1
109,0,0.242522001266,1
109,0,0.239492893219,1
109,0,0.19765996933,1
110,0,0.243540763855,1
110,0,0.20703792572,1
110,0,0.236124992371,1
110,0,0.259609937668,1
110,0,0.217491865158,1
110,0,0.258445978165,1
110,0,0.215447902679,1
110,0,0.242110013962,1
110,0,0.24373292923,1
110,0,0.211925029755,1
111,0,0.265287876129,1
111,0,0.208094835281,1
111,0,0.244447946548,1
111,0,0.266941070557,1
111,0,0.212391138077,1
111,0,0.241674900055,1
111,0,0.209923028946,1
111,0,0.23641204834,1
111,0,0.257391929626,1
111,0,0.208009004593,1
112,0,0.254544973373,1
112,0,0.206130981445,1
112,0,0.237050056458,1
112,0,0.263003826141,1
112,0,0.209892988205,1
112,0,0.256493806839,1
112,0,0.206789016724,1
112,0,0.241697072983,1
112,0,0.246350049973,1
112,0,0.204330921173,1
113,0,0.237138032913,1
113,0,0.20205616951,1
113,0,0.244208097458,1
113,0,0.2639939785,1
113,0,0.207491874695,1
113,0,0.251862049103,1
113,0,0.20405292511,1
113,0,0.248694181442,1
113,0,0.247483968735,1
113,0,0.202898025513,1
114,0,0.241884946823,1
114,0,0.199735879898,1
114,0,0.255769014359,1
114,0,0.2587890625,1
114,0,0.204821825027,1
114,0,0.26082611084,1
114,0,0.204483985901,1
114,0,0.241199016571,1
114,0,0.243935108185,1
114,0,0.202407121658,1
115,0,0.220324993134,1
115,0,0.261307954788,1
115,0,0.212338209152,1
115,0,0.26868391037,1
115,0,0.280591964722,1
115,0,0.275259017944,1
115,0,0.212239027023,1
115,0,0.248370885849,1
115,0,0.21084189415,1
115,0,0.213768005371,1
116,0,0.212326049805,1
116,0,0.263116836548,1
116,0,0.213745832443,1
116,0,0.267335891724,1
116,0,0.281341075897,1
116,0,0.277173995972,1
116,0,0.220000982285,1
116,0,0.263299942017,1
116,0,0.23317193985,1
116,0,0.215015888214,1
117,0,0.218472003937,1
117,0,0.258773088455,1
117,0,0.211225032806,1
117,0,0.267509937286,1
117,0,0.275370836258,1
117,0,0.274847984314,1
117,0,0.212466955185,1
117,0,0.253293037415,1
117,0,0.211437940598,1
117,0,0.209687948227,1
118,0,0.217133045197,1
118,0,0.243097066879,1
118,0,0.211277008057,1
118,0,0.27074098587,1
118,0,0.273791074753,1
118,0,0.272800922394,1
118,0,0.211212873459,1
118,0,0.255666017532,1
118,0,0.211925983429,1
118,0,0.211229801178,1
119,0,0.211325883865,1
119,0,0.251626014709,1
119,0,0.208386898041,1
119,0,0.259192943573,1
119,0,0.26514005661,1
119,0,0.267714977264,1
119,0,0.211077928543,1
119,0,0.254962921143,1
119,0,0.211563110352,1
119,0,0.206917047501,1
120,0,0.274873018265,1
120,0,0.278977155685,1
120,1,0.2165350914,1
120,0,0.272663116455,1
120,0,0.215838193893,1
120,0,0.279105901718,1
120,0,0.282705068588,1
120,0,0.220015048981,1
120,0,0.26161813736,1
120,0,0.215279102325,1
121,0,0.261866092682,1
121,0,0.263951063156,1
121,0,0.266626834869,1
121,0,0.265100955963,1
121,0,0.220942020416,1
121,0,0.273486852646,1
121,0,0.280283927917,1
121,0,0.215488910675,1
121,0,0.26353096962,1
121,0,0.212882041931,1
122,0,0.258409976959,1
122,0,0.25957608223,1
122,0,0.257380962372,1
122,0,0.264100790024,1
122,0,0.213835954666,1
122,0,0.256713151932,1
122,0,0.278581857681,1
122,0,0.208518028259,1
122,0,0.256983041763,1
122,0,0.209342002869,1
123,0,0.27269411087,1
123,0,0.257235050201,1
123,0,0.248861074448,1
123,0,0.254678010941,1
123,0,0.213752985001,1
123,0,0.258572816849,1
123,0,0.280045032501,1
123,0,0.208780050278,1
123,0,0.26761007309,1
123,0,0.210566043854,1
124,0,0.274651050568,1
124,0,0.271050930023,1
124,0,0.256937980652,1
124,0,0.260735034943,1
124,0,0.223040103912,1
124,0,0.265311956406,1
124,0,0.288923025131,1
124,0,0.216609954834,1
124,0,0.265516042709,1
124,0,0.219954013824,1
