0,0,0.130741119385,15
0,0,0.131512880325,15
0,0,0.135796785355,15
0,0,0.132730007172,15
0,0,0.138060092926,15
0,0,0.13315987587,15
0,0,0.135547876358,15
0,0,0.133829116821,15
0,0,0.137867927551,15
0,0,0.131483078003,15
1,0,0.130634784698,15
1,0,0.139679908752,15
1,0,0.208076000214,39
1,0,0.134442090988,15
1,0,0.136203050613,15
1,0,0.208817958832,39
1,0,0.21738409996,39
1,0,0.138535022736,15
1,0,0.141583919525,15
1,0,0.209740877151,39
2,0,0.137320995331,15
2,0,0.131757974625,15
2,0,0.863339185715,147
2,0,0.133381843567,15
2,0,0.133725166321,15
2,0,0.8719830513,147
2,0,0.886059045792,147
2,0,0.134171962738,15
2,0,0.134965896606,15
2,0,0.131714105606,15
3,0,0.135595083237,15
3,0,0.139211893082,15
3,0,2.49733710289,327
3,0,0.137565135956,15
3,0,0.140339136124,15
3,0,2.47441506386,327
3,0,2.51101994514,327
3,0,0.134649991989,15
3,0,0.138654947281,15
3,0,2.38182401657,327
4,0,0.134856939316,15
4,0,0.129357814789,15
4,0,3.4632499218,441
4,0,0.132480144501,15
4,0,0.134778022766,15
4,0,3.34734201431,441
4,0,3.48676109314,441
4,0,0.132301807404,15
4,0,0.132889986038,15
4,0,1.45523285866,225
5,0,0.144740104675,15
5,0,0.147594928741,15
5,0,1.63321495056,231
5,0,0.146812915802,15
5,0,0.142039060593,15
5,0,0.89022898674,147
5,0,1.60606384277,231
5,0,0.910955905914,150
5,0,0.873379945755,147
5,0,0.143734931946,15
6,0,0.146862030029,15
6,0,0.142939090729,15
6,0,3.72016787529,447
6,0,0.158642053604,15
6,0,0.146770954132,15
6,0,0.865681886673,150
6,0,3.78412818909,447
6,0,1.57030200958,231
6,0,0.494251012802,87
6,0,0.142919063568,15
7,0,0.150665044785,15
7,0,0.142766952515,15
7,0,3.84970808029,453
7,0,0.137402057648,15
7,0,0.138468980789,15
7,0,0.865817070007,150
7,0,3.96065187454,453
7,0,3.64863991737,444
7,0,2.27632498741,330
7,0,0.164193868637,15
8,0,0.14067697525,15
8,0,0.142017841339,15
8,0,3.9880759716,453
8,0,0.142632961273,15
8,0,0.148010015488,15
8,0,2.66811800003,330
8,0,3.97449111938,453
8,0,0.921028852463,150
8,0,0.144107103348,15
8,0,0.139457941055,15
9,0,0.146831035614,15
9,0,0.142264127731,15
9,0,7.36058092117,741
9,0,0.147075891495,15
9,0,0.217689037323,15
9,0,5.23728108406,588
9,0,7.37014603615,741
9,0,0.842709064484,147
9,0,0.922012090683,150
9,0,0.144440889359,15
10,0,1.6143348217,231
10,0,0.14441204071,15
10,0,4.03501200676,447
10,0,35.4121539593,2031
10,0,1.59585785866,231
10,0,1.43511104584,225
10,0,0.152473926544,15
10,0,0.153669834137,15
10,0,0.158642053604,15
10,0,0.153481006622,15
11,0,1.62834787369,231
11,0,0.15015912056,15
11,0,2.34011793137,327
11,0,36.7130980492,2034
11,0,1.87389802933,237
11,0,32.0332911015,1773
11,0,0.148728847504,15
11,0,1.5990550518,231
11,0,0.156888008118,15
11,0,0.154324054718,15
12,0,12.5551829338,1095
12,0,0.157660961151,15
12,0,5.1619989872,579
12,0,50.226872921,2610
12,0,14.3477470875,1101
12,0,1.48405385017,231
12,0,0.146104097366,15
12,0,7.49124002457,735
12,0,0.149506092072,15
12,0,0.147399902344,15
13,0,6.81655097008,732
13,0,0.150684833527,15
13,0,14.289085865,1089
13,0,50.8047318459,2613
13,0,7.83931803703,732
13,0,22.9297828674,1530
13,0,0.146905899048,15
13,0,2.53310394287,327
13,0,0.146482944489,15
13,0,0.148868083954,15
14,0,14.1002671719,1095
14,0,0.152297973633,15
14,0,8.11202192307,741
14,0,46.2359731197,2613
14,0,1.50679087639,231
14,0,1.45614504814,231
14,0,0.152870893478,15
14,0,7.90855503082,735
14,0,0.152523040771,15
14,0,0.151353120804,15
15,0,3.94643521309,447
15,0,2.61855316162,333
15,0,3.86510515213,444
15,0,8.01800918579,747
15,0,0.501260995865,87
15,0,8.01472520828,735
15,0,0.159862995148,15
15,0,0.943875789642,147
15,0,3.67487716675,447
15,0,7.34022116661,741
16,0,3.34990501404,444
16,0,1.06220912933,156
16,0,3.87630486488,441
16,0,6.80528306961,732
16,0,0.952809095383,147
16,0,22.70667696,1527
16,0,0.159836053848,15
16,0,0.240051031113,39
16,0,3.7193300724,447
16,0,14.5546040535,1101
17,0,7.30662703514,779
