0,0,0.0568499565125,1
0,0,0.0538890361786,1
0,0,0.0572519302368,1
0,0,0.0560579299927,1
0,0,0.0526340007782,1
0,0,0.0570590496063,1
0,0,0.0531160831451,1
0,0,0.0566160678864,1
0,0,0.0523500442505,1
0,0,0.0555901527405,1
1,0,0.0553739070892,1
1,0,0.0598049163818,1
1,0,0.0582010746002,1
1,0,0.0582370758057,1
1,0,0.0554208755493,1
1,0,0.0583329200745,1
1,0,0.060201883316,1
1,0,0.0581591129303,1
1,0,0.0558800697327,1
1,0,0.0586941242218,1
2,0,0.0596370697021,1
2,0,0.0598149299622,1
2,0,0.0602049827576,1
2,0,0.061910867691,1
2,0,0.05983710289,1
2,0,0.0590901374817,1
2,0,0.0616829395294,1
2,0,0.0605900287628,1
2,0,0.0624308586121,1
2,0,0.0593199729919,1
3,0,0.0637698173523,1
3,0,0.0690681934357,1
3,0,0.0621938705444,1
3,0,0.0615630149841,1
3,0,0.0607168674469,1
3,0,0.0592310428619,1
3,0,0.0618751049042,1
3,0,0.0602450370789,1
3,0,0.0601871013641,1
3,0,0.0607521533966,1
4,0,0.063404083252,1
4,0,0.0596470832825,1
4,0,0.0609850883484,1
4,0,0.0621929168701,1
4,0,0.0599429607391,1
4,0,0.0615780353546,1
4,0,0.0626399517059,1
4,0,0.0600650310516,1
4,0,0.0620019435883,1
4,0,0.0600202083588,1
5,0,0.0738899707794,1
5,0,0.0715789794922,1
5,0,0.069412946701,1
5,0,0.0672700405121,1
5,0,0.0676438808441,1
5,0,0.0710439682007,1
5,0,0.0633950233459,1
5,0,0.0671901702881,1
5,0,0.0674870014191,1
5,0,0.0667550563812,1
6,0,0.0702788829803,1
6,0,0.0689578056335,1
6,0,0.068372964859,1
6,0,0.0655469894409,1
6,0,0.0679597854614,1
6,0,0.0765769481659,1
6,0,0.0682430267334,1
6,0,0.067046880722,1
6,0,0.0682051181793,1
6,0,0.0656909942627,1
7,0,0.0720980167389,1
7,0,0.0697069168091,1
7,0,0.0750710964203,1
7,0,0.0683059692383,1
7,0,0.067095041275,1
7,0,0.0694699287415,1
7,0,0.0713429450989,1
7,0,0.0712659358978,1
7,0,0.0677239894867,1
7,0,0.0682489871979,1
8,0,0.0685200691223,1
8,0,0.0732579231262,1
8,0,0.0668659210205,1
8,0,0.0672030448914,1
8,0,0.0681338310242,1
8,0,0.0665330886841,1
8,0,0.0705299377441,1
8,0,0.071949005127,1
8,0,0.0688860416412,1
8,0,0.0675280094147,1
9,0,0.0726399421692,1
9,0,0.0709869861603,1
9,0,0.0698318481445,1
9,0,0.068207025528,1
9,0,0.0822010040283,1
9,0,0.0677261352539,1
9,0,0.0700290203094,1
9,0,0.071280002594,1
9,0,0.0707869529724,1
9,0,0.0630300045013,1
10,0,0.0817530155182,1
10,0,0.0819420814514,1
10,0,0.0761370658875,1
10,0,0.0793740749359,1
10,0,0.0766541957855,1
10,0,0.0748288631439,1
10,0,0.0791149139404,1
10,0,0.0770130157471,1
10,0,0.079607963562,1
10,0,0.0825500488281,1
11,0,0.0751321315765,1
11,0,0.0773401260376,1
11,0,0.0796201229095,1
11,0,0.0771849155426,1
11,0,0.0759539604187,1
11,0,0.0761721134186,1
11,0,0.0798001289368,1
11,0,0.0765361785889,1
11,0,0.0787749290466,1
11,0,0.0799231529236,1
12,0,0.0810110569,1
12,0,0.0780298709869,1
12,0,0.0810430049896,1
12,0,0.0791690349579,1
12,0,0.0805101394653,1
12,0,0.0714869499207,1
12,0,0.0799939632416,1
12,0,0.0776209831238,1
12,0,0.079864025116,1
12,0,0.0813679695129,1
13,0,0.0811190605164,1
13,0,0.0781970024109,1
13,0,0.0807361602783,1
13,0,0.0786070823669,1
13,0,0.076817035675,1
13,0,0.0755708217621,1
13,0,0.080502986908,1
13,0,0.0781619548798,1
13,0,0.0792758464813,1
13,0,0.0846288204193,1
14,0,0.0811419487,1
14,0,0.0800321102142,1
14,0,0.0799050331116,1
14,0,0.0786969661713,1
14,0,0.0772850513458,1
14,0,0.0747580528259,1
14,0,0.0808629989624,1
14,0,0.0856339931488,1
14,0,0.0758469104767,1
14,0,0.0800030231476,1
15,0,0.0884020328522,1
15,0,0.0849978923798,1
15,0,0.086599111557,1
15,0,0.0823130607605,1
15,0,0.0853397846222,1
15,0,0.082503080368,1
15,0,0.0822160243988,1
15,0,0.0855889320374,1
15,0,0.0800609588623,1
15,0,0.0845558643341,1
16,0,0.0857820510864,1
16,0,0.0845019817352,1
16,0,0.0841588973999,1
16,0,0.0837259292603,1
16,0,0.0906040668488,1
16,0,0.0830700397491,1
16,0,0.0873279571533,1
16,0,0.0872738361359,1
16,0,0.0857260227203,1
16,0,0.0861480236053,1
17,0,0.086256980896,1
17,0,0.0888550281525,1
17,0,0.0799651145935,1
17,0,0.0842530727386,1
17,0,0.0849521160126,1
17,0,0.0861270427704,1
17,0,0.0848569869995,1
17,0,0.0860970020294,1
17,0,0.0892448425293,1
17,0,0.0854480266571,1
18,0,0.0865190029144,1
18,0,0.0861060619354,1
18,0,0.0847108364105,1
18,0,0.0862979888916,1
18,0,0.086944103241,1
18,0,0.0881769657135,1
18,0,0.0792648792267,1
18,0,0.0852608680725,1
18,0,0.0865969657898,1
18,0,0.0855190753937,1
19,0,0.0857670307159,1
19,0,0.0857970714569,1
19,0,0.0878829956055,1
19,0,0.0828239917755,1
19,0,0.0874190330505,1
19,0,0.0847311019897,1
19,0,0.0855329036713,1
19,0,0.0843029022217,1
19,0,0.0802989006042,1
19,0,0.085489988327,1
20,0,0.0881388187408,1
20,0,0.0859999656677,1
20,0,0.0891101360321,1
20,0,0.0867419242859,1
20,0,0.0914947986603,1
20,0,0.0805470943451,1
20,0,0.0831570625305,1
20,0,0.0887861251831,1
20,0,0.0833170413971,1
20,0,0.0881650447845,1
21,0,0.0862691402435,1
21,0,0.0837371349335,1
21,0,0.0890669822693,1
21,0,0.0880830287933,1
21,0,0.0867178440094,1
21,0,0.0830838680267,1
21,0,0.0859417915344,1
21,0,0.0875430107117,1
21,0,0.0846271514893,1
21,0,0.0877258777618,1
22,0,0.0860772132874,1
22,0,0.082631111145,1
22,0,0.0894238948822,1
22,0,0.0894918441772,1
22,0,0.0861029624939,1
22,0,0.0826439857483,1
22,0,0.0874891281128,1
22,0,0.0900919437408,1
22,0,0.0844519138336,1
22,0,0.0875308513641,1
23,0,0.0906000137329,1
23,0,0.0819091796875,1
23,0,0.0894200801849,1
23,0,0.0863380432129,1
23,0,0.0885698795319,1
23,0,0.0819652080536,1
23,0,0.0848410129547,1
23,0,0.0937469005585,1
23,0,0.0812180042267,1
23,0,0.0866529941559,1
24,0,0.0887539386749,1
24,0,0.0838809013367,1
24,0,0.0910220146179,1
24,0,0.102483987808,1
24,0,0.100837945938,1
24,0,0.085648059845,1
24,0,0.0874760150909,1
24,0,0.0934081077576,1
24,0,0.0885169506073,1
24,0,0.0904738903046,1
25,0,0.0927000045776,1
25,0,0.100000858307,1
25,0,0.102970123291,1
25,0,0.0925140380859,1
25,0,0.102646112442,1
25,0,0.0986979007721,1
25,0,0.0977330207825,1
25,0,0.0981931686401,1
25,0,0.0994579792023,1
25,0,0.0988810062408,1
26,0,0.0913310050964,1
26,0,0.0989389419556,1
26,0,0.101492881775,1
26,0,0.0926349163055,1
26,0,0.10013794899,1
26,0,0.102473974228,1
26,0,0.0985460281372,1
26,0,0.0986449718475,1
26,0,0.0994889736176,1
26,0,0.101634025574,1
27,0,0.0919330120087,1
27,0,0.103870153427,1
27,0,0.101159095764,1
27,0,0.0998270511627,1
27,0,0.099513053894,1
27,0,0.101795911789,1
27,0,0.101360082626,1
27,0,0.106183052063,1
27,0,0.102962017059,1
27,0,0.103327989578,1
28,0,0.0926787853241,1
28,0,0.10231590271,1
28,0,0.100746154785,1
28,0,0.0935869216919,1
28,0,0.0997920036316,1
28,0,0.100373029709,1
28,0,0.0982329845428,1
28,0,0.0991230010986,1
28,0,0.0994110107422,1
28,0,0.103853940964,1
29,0,0.0922451019287,1
29,0,0.107401847839,1
29,0,0.101467847824,1
29,0,0.0941209793091,1
29,0,0.100281000137,1
29,0,0.106168985367,1
29,0,0.10039806366,1
29,0,0.0988700389862,1
29,0,0.0999088287354,1
29,0,0.100399017334,1
30,0,0.100088834763,1
30,0,0.0986680984497,1
30,0,0.108632087708,1
30,0,0.0982019901276,1
30,0,0.105611801147,1
30,0,0.110108137131,1
30,0,0.106056928635,1
30,0,0.104605913162,1
30,0,0.103933811188,1
30,0,0.107432842255,1
31,0,0.097461938858,1
31,0,0.0968949794769,1
31,0,0.110837936401,1
31,0,0.101688146591,1
31,0,0.114587783813,1
31,0,0.105351924896,1
31,0,0.106012105942,1
31,0,0.105636835098,1
31,0,0.100216150284,1
31,0,0.112254142761,1
32,0,0.0994110107422,1
32,0,0.0964159965515,1
32,0,0.112150907516,1
32,0,0.0982959270477,1
32,0,0.106480121613,1
32,0,0.108493089676,1
32,0,0.108511924744,1
32,0,0.107653856277,1
32,0,0.0990500450134,1
32,0,0.11074590683,1
33,0,0.0980820655823,1
33,0,0.100860118866,1
33,0,0.111021995544,1
33,0,0.0970368385315,1
33,0,0.108165979385,1
33,0,0.105558156967,1
33,0,0.10951089859,1
33,0,0.115628004074,1
33,0,0.100123167038,1
33,0,0.110205173492,1
34,0,0.0984780788422,1
34,0,0.100794792175,1
34,0,0.11417889595,1
34,0,0.105189085007,1
34,0,0.111882925034,1
34,0,0.112833023071,1
34,0,0.109446048737,1
34,0,0.109899997711,1
34,0,0.107415914536,1
34,0,0.11427116394,1
35,0,0.104120016098,1
35,0,0.113650083542,1
35,0,0.117456912994,1
35,0,0.113733053207,1
35,0,0.105616092682,1
35,0,0.103877067566,1
35,0,0.116075992584,1
35,0,0.104454994202,1
35,0,0.105418920517,1
35,0,0.10374212265,1
36,0,0.105051040649,1
36,0,0.116463899612,1
36,0,0.112967967987,1
36,0,0.115183830261,1
36,0,0.105350971222,1
36,0,0.10413813591,1
36,0,0.112285852432,1
36,0,0.105399131775,1
36,0,0.106465816498,1
36,0,0.106232881546,1
37,0,0.105377912521,1
37,0,0.118364095688,1
37,0,0.121304988861,1
37,0,0.112148046494,1
37,0,0.108495950699,1
37,0,0.109390974045,1
37,0,0.122883081436,1
37,0,0.107517957687,1
37,0,0.111186981201,1
37,0,0.109738111496,1
38,0,0.109136104584,1
38,0,0.119345903397,1
38,0,0.118660926819,1
38,0,0.121650934219,1
38,0,0.106997013092,1
38,0,0.10487818718,1
38,0,0.115243911743,1
38,0,0.105964899063,1
38,0,0.11509513855,1
38,0,0.107797145844,1
39,0,0.103771209717,1
39,0,0.115769147873,1
39,0,0.117738008499,1
39,0,0.120823860168,1
39,0,0.106981039047,1
39,0,0.109367847443,1
39,0,0.12330198288,1
39,0,0.108930826187,1
39,0,0.10919713974,1
39,0,0.111372947693,1
40,0,0.130570173264,1
40,0,0.124794006348,1
40,0,0.123225927353,1
40,0,0.126791000366,1
40,0,0.115949869156,1
40,0,0.127651929855,1
40,0,0.12207198143,1
40,0,0.111289978027,1
40,0,0.122398853302,1
40,0,0.152994155884,1
41,0,0.151253938675,1
41,0,0.147850036621,1
41,0,0.152240991592,1
41,0,0.149532079697,1
41,0,0.134280920029,1
41,0,0.145274162292,1
41,0,0.152456998825,1
41,0,0.137383937836,1
41,0,0.148640871048,1
41,0,0.133646965027,1
42,0,0.153662919998,1
42,0,0.145246982574,1
42,0,0.148813962936,1
42,0,0.15139913559,1
42,0,0.134363889694,1
42,0,0.147192955017,1
42,0,0.157499074936,1
42,0,0.137623071671,1
42,0,0.151777982712,1
42,0,0.131999015808,1
43,0,0.153716087341,1
43,0,0.157544136047,1
43,0,0.15794301033,1
43,0,0.155987024307,1
43,0,0.136461019516,1
43,0,0.15390086174,1
43,0,0.145953178406,1
43,0,0.134902954102,1
43,0,0.1645860672,1
43,0,0.130826950073,1
44,0,0.149631977081,1
44,0,0.146965026855,1
44,0,0.15629196167,1
44,0,0.167376041412,1
44,0,0.140232801437,1
44,0,0.15857219696,1
44,0,0.158199071884,1
44,0,0.135848045349,1
44,0,0.150761127472,1
44,0,0.12838602066,1
45,0,0.148467063904,1
45,0,0.160382986069,1
45,0,0.159577131271,1
45,0,0.157143115997,1
45,0,0.145606994629,1
45,0,0.161623954773,1
45,0,0.14316701889,1
45,0,0.165245056152,1
45,0,0.143347024918,1
45,0,0.158057928085,1
46,0,0.153882980347,1
46,0,0.167083978653,1
46,0,0.162798166275,1
46,0,0.161988019943,1
46,0,0.141712903976,1
46,0,0.168249130249,1
46,0,0.159996986389,1
46,0,0.164710044861,1
46,0,0.14953994751,1
46,0,0.167742013931,1
47,0,0.154831886292,1
47,0,0.165107011795,1
47,0,0.164618015289,1
47,0,0.202551841736,1
47,0,0.123619794846,1
47,0,0.138560056686,1
47,0,0.121877908707,1
47,0,0.139447927475,1
47,0,0.325711965561,1
47,0,0.315330982208,1
48,0,0.390995025635,1
48,0,0.16467499733,1
48,0,0.155250072479,1
48,0,0.140047073364,1
48,0,0.124449014664,1
48,0,0.155505895615,1
48,0,0.124943971634,1
48,0,0.142446041107,1
48,0,0.124307155609,1
48,0,0.142253875732,1
49,0,0.124973773956,1
49,0,0.147857189178,1
49,0,0.141047954559,1
49,0,0.140799999237,1
49,0,0.118742227554,1
49,0,0.150737047195,1
49,0,0.123043060303,1
49,0,0.138740777969,1
49,0,0.116176843643,1
49,0,0.139470100403,1
50,0,0.142791032791,1
50,0,0.153867959976,1
50,0,0.126752853394,1
50,0,0.148728132248,1
50,0,0.128252983093,1
50,0,0.151314020157,1
50,0,0.141074180603,1
50,0,0.13076210022,1
50,0,0.144201993942,1
50,0,0.140766859055,1
51,0,0.140429019928,1
51,0,0.152293920517,1
51,0,0.129180192947,1
51,0,0.152385950089,1
51,0,0.128483057022,1
51,0,0.148586988449,1
51,0,0.149729967117,1
51,0,0.128254175186,1
51,0,0.142804145813,1
51,0,0.14439201355,1
52,0,0.148530960083,1
52,0,0.150946140289,1
52,0,0.127547025681,1
52,0,0.146888017654,1
52,0,0.12742805481,1
52,0,0.149603843689,1
52,0,0.142601966858,1
52,0,0.126051902771,1
52,0,0.141949892044,1
52,0,0.141777992249,1
53,0,0.147524833679,1
53,0,0.145516872406,1
53,0,0.126632213593,1
53,0,0.155714035034,1
53,0,0.129323959351,1
53,0,0.148413181305,1
53,0,0.140576124191,1
53,0,0.123543024063,1
53,0,0.141140222549,1
53,0,0.141597032547,1
54,0,0.149071931839,1
54,0,0.147780895233,1
54,0,0.128082036972,1
54,0,0.148571968079,1
54,0,0.126815080643,1
54,0,0.146790981293,1
54,0,0.141330957413,1
54,0,0.142225980759,1
54,0,0.14480304718,1
54,0,0.143533945084,1
55,0,0.156966924667,1
55,0,0.153097867966,1
55,0,0.134360790253,1
55,0,0.155005931854,1
55,0,0.153488874435,1
55,0,0.159165143967,1
55,0,0.136492967606,1
55,0,0.137596130371,1
55,0,0.149693012238,1
55,0,0.152878046036,1
56,0,0.156498908997,1
56,0,0.160111904144,1
56,0,0.137088060379,1
56,0,0.159471988678,1
56,0,0.155333042145,1
56,0,0.151282787323,1
56,0,0.14488697052,1
56,0,0.138888120651,1
56,0,0.153230905533,1
56,0,0.159223079681,1
57,0,0.162178039551,1
57,0,0.172847032547,1
57,0,0.142165899277,1
57,0,0.156280040741,1
57,0,0.156267881393,1
57,0,0.154877901077,1
57,0,0.145424842834,1
57,0,0.136572122574,1
57,0,0.15958404541,1
57,0,0.163516998291,1
58,0,0.156799077988,1
58,0,0.154188871384,1
58,0,0.137520074844,1
58,0,0.154800891876,1
58,0,0.162704944611,1
58,0,0.153743982315,1
58,0,0.140964984894,1
58,0,0.144373893738,1
58,0,0.154739141464,1
58,0,0.155259132385,1
59,0,0.15679693222,1
59,0,0.16007900238,1
59,0,0.142040967941,1
59,0,0.152896881104,1
59,0,0.160130977631,1
59,0,0.16651892662,1
59,0,0.140290021896,1
59,0,0.134536027908,1
59,0,0.153504133224,1
59,0,0.153338909149,1
60,0,0.165101051331,1
60,0,0.144182920456,1
60,0,0.157942056656,1
60,0,0.165283918381,1
60,0,0.16172504425,1
60,0,0.154613018036,1
60,0,0.164454936981,1
60,0,0.146353006363,1
60,0,0.156038045883,1
60,0,0.157072067261,1
61,0,0.163074970245,1
61,0,0.143827915192,1
61,0,0.161777973175,1
61,0,0.164113044739,1
61,0,0.154536008835,1
61,0,0.159763097763,1
61,0,0.159422159195,1
61,0,0.140853881836,1
61,0,0.157492876053,1
61,0,0.156789064407,1
62,0,0.168703794479,1
62,0,0.141196966171,1
62,0,0.166571855545,1
62,0,0.164288043976,1
62,0,0.156829118729,1
62,0,0.158067941666,1
62,0,0.157939195633,1
62,0,0.160541057587,1
62,0,0.165464878082,1
62,0,0.161027193069,1
63,0,0.174267053604,1
63,0,0.144299983978,1
63,0,0.169595956802,1
63,0,0.175312995911,1
63,0,0.165308952332,1
63,0,0.157368183136,1
63,0,0.161349058151,1
63,0,0.143612861633,1
63,0,0.162514925003,1
63,0,0.165083169937,1
64,0,0.164998054504,1
64,0,0.138820171356,1
64,0,0.158900976181,1
64,0,0.265014886856,1
64,0,0.15852689743,1
64,0,0.15637588501,1
64,0,0.161024093628,1
64,0,0.141299962997,1
64,0,0.163781881332,1
64,0,0.16166305542,1
65,0,0.151113033295,1
65,0,0.168051958084,1
65,0,0.166568040848,1
65,0,0.162313938141,1
65,0,0.151099920273,1
65,0,0.163926124573,1
65,0,0.15177989006,1
65,0,0.146021127701,1
65,0,0.167797088623,1
65,0,0.145539045334,1
66,0,0.146509885788,1
66,0,0.164978981018,1
66,0,0.174450874329,1
66,0,0.168297052383,1
66,0,0.150089025497,1
66,0,0.166996002197,1
66,0,0.147796154022,1
66,0,0.14532494545,1
66,0,0.167231082916,1
66,0,0.148656129837,1
67,0,0.147804021835,1
67,0,0.163941144943,1
67,0,0.164149045944,1
67,0,0.166038036346,1
67,0,0.145763158798,1
67,0,0.162098884583,1
67,0,0.146750926971,1
67,0,0.15012717247,1
67,0,0.168725013733,1
67,0,0.150703907013,1
68,0,0.149488925934,1
68,0,0.1741502285,1
68,0,0.184682846069,1
68,0,0.173633098602,1
68,0,0.14892911911,1
68,0,0.157227993011,1
68,0,0.144961833954,1
68,0,0.15024805069,1
68,0,0.162577152252,1
68,0,0.145592927933,1
69,0,0.150857925415,1
69,0,0.172728061676,1
69,0,0.166547775269,1
69,0,0.169819116592,1
69,0,0.145792961121,1
69,0,0.161772012711,1
69,0,0.14280796051,1
69,0,0.146450996399,1
69,0,0.165571928024,1
69,0,0.144241094589,1
70,0,0.15708398819,1
70,0,0.181954145432,1
70,0,0.152928113937,1
70,0,0.154935836792,1
70,0,0.157723903656,1
70,0,0.152761936188,1
70,0,0.153455018997,1
70,0,0.186933994293,1
70,0,0.18027806282,1
70,0,0.158601999283,1
71,0,0.157492876053,1
71,0,0.187141895294,1
71,0,0.154662847519,1
71,0,0.156879901886,1
71,0,0.161154985428,1
71,0,0.160426139832,1
71,0,0.155589103699,1
71,0,0.188316106796,1
71,0,0.190768003464,1
71,0,0.160120010376,1
72,0,0.158421993256,1
72,0,0.188787937164,1
72,0,0.156067848206,1
72,0,0.155260801315,1
72,0,0.158205986023,1
72,0,0.157371997833,1
72,0,0.158878087997,1
72,0,0.186769008636,1
72,0,0.19155216217,1
72,0,0.155956983566,1
73,0,0.153909921646,1
73,0,0.181691884995,1
73,0,0.153706073761,1
73,0,0.158356904984,1
73,0,0.157013893127,1
73,0,0.180480003357,1
73,0,0.163816928864,1
73,0,0.187139987946,1
73,0,0.181771993637,1
73,0,0.156005859375,1
74,0,0.15593791008,1
74,0,0.180981874466,1
74,0,0.155039072037,1
74,0,0.151072978973,1
74,0,0.152848958969,1
74,0,0.149865150452,1
74,0,0.15048789978,1
74,0,0.189502954483,1
74,0,0.180065870285,1
74,0,0.1605219841,1
75,0,0.184653997421,1
75,0,0.170921087265,1
75,0,0.158463001251,1
75,0,0.159200191498,1
75,0,0.168188095093,1
75,0,0.192712068558,1
75,0,0.186344146729,1
75,0,0.164905786514,1
75,0,0.191098928452,1
75,0,0.162799119949,1
76,0,0.185235023499,1
76,0,0.16552400589,1
76,0,0.157568216324,1
76,0,0.157986164093,1
76,0,0.156669139862,1
76,0,0.200305938721,1
76,0,0.188663959503,1
76,0,0.158643960953,1
76,0,0.189795017242,1
76,0,0.158910989761,1
77,0,0.183485984802,1
77,0,0.160145998001,1
77,0,0.163424968719,1
77,0,0.167124986649,1
77,0,0.16463303566,1
77,0,0.19824385643,1
77,0,0.189112901688,1
77,0,0.166872024536,1
77,0,0.185847997665,1
77,0,0.1638879776,1
78,0,0.186856985092,1
78,0,0.155923128128,1
78,0,0.163883924484,1
78,0,0.159348011017,1
78,0,0.159998893738,1
78,0,0.195585012436,1
78,0,0.185781955719,1
78,0,0.211477994919,1
78,0,0.186964988708,1
78,0,0.153718948364,1
79,0,0.186648130417,1
79,0,0.157555818558,1
79,0,0.158895015717,1
79,0,0.158553123474,1
79,0,0.158188819885,1
79,0,0.193793058395,1
79,0,0.184121847153,1
79,0,0.16002202034,1
79,0,0.187361955643,1
79,0,0.158074140549,1
80,0,0.193803071976,1
80,0,0.184385061264,1
80,0,0.1583340168,1
80,0,0.160216093063,1
80,0,0.163426160812,1
80,0,0.193167924881,1
80,0,0.197631835938,1
80,0,0.186521053314,1
80,0,0.194272041321,1
80,0,0.185903787613,1
81,0,0.197571992874,1
81,0,0.186762094498,1
81,0,0.160661935806,1
81,0,0.157984018326,1
81,0,0.16045999527,1
81,0,0.189472913742,1
81,0,0.183910131454,1
81,0,0.187247037888,1
81,0,0.201975107193,1
81,0,0.201321125031,1
82,0,0.192214012146,1
82,0,0.194741010666,1
82,0,0.167687177658,1
82,0,0.16769695282,1
82,0,0.167901992798,1
82,0,0.201380968094,1
82,0,0.204716920853,1
82,0,0.18893289566,1
82,0,0.200888156891,1
82,0,0.195266962051,1
83,0,0.200214862823,1
83,0,0.192703008652,1
83,0,0.170351028442,1
83,0,0.162137031555,1
83,0,0.161932945251,1
83,0,0.196202993393,1
83,0,0.198381185532,1
83,0,0.193733930588,1
83,0,0.19385099411,1
83,0,0.188070058823,1
84,0,0.190778970718,1
84,0,0.192363023758,1
84,0,0.162895202637,1
84,0,0.164425849915,1
84,0,0.159736871719,1
84,0,0.211591005325,1
84,0,0.191046953201,1
84,0,0.187710046768,1
84,0,0.193723917007,1
84,0,0.188189029694,1
85,0,0.206792116165,1
85,0,0.201683998108,1
85,0,0.180423974991,1
85,0,0.204077005386,1
85,0,0.190732002258,1
85,0,0.199373960495,1
85,0,0.205919027328,1
85,0,0.198734998703,1
85,0,0.167788982391,1
85,0,0.173473119736,1
86,0,0.20786190033,1
86,0,0.201385974884,1
86,0,0.169396877289,1
86,0,0.198877811432,1
86,0,0.178109884262,1
86,0,0.197737932205,1
86,0,0.216322898865,1
86,0,0.206158161163,1
86,0,0.172523021698,1
86,0,0.180979967117,1
87,0,0.210532903671,1
87,0,0.20024394989,1
87,0,0.176541090012,1
87,0,0.194369077682,1
87,0,0.175958156586,1
87,0,0.20067691803,1
87,0,0.212431907654,1
87,0,0.198833942413,1
87,0,0.175585985184,1
87,0,0.170811891556,1
88,0,0.212391138077,1
88,0,0.209208965302,1
88,0,0.168612957001,1
88,0,0.19701218605,1
88,0,0.174777030945,1
88,0,0.201445102692,1
88,0,0.209976911545,1
88,0,0.202817201614,1
88,0,0.170849084854,1
88,0,0.172183036804,1
89,0,0.215751886368,1
89,0,0.193943023682,1
89,0,0.167259931564,1
89,0,0.189538002014,1
89,0,0.166957139969,1
89,0,0.190171003342,1
89,0,0.21134519577,1
89,0,0.204122066498,1
89,0,0.168308973312,1
89,0,0.170908927917,1
90,0,0.226073026657,1
90,0,0.179020881653,1
90,0,0.176117897034,1
90,0,0.215816020966,1
90,0,0.219174861908,1
90,0,0.210433006287,1
90,0,0.206196069717,1
90,0,0.181066989899,1
90,0,0.221248149872,1
90,0,0.214364051819,1
91,0,0.221799135208,1
91,0,0.17746591568,1
91,0,0.177934169769,1
91,0,0.210161924362,1
91,0,0.218286991119,1
91,0,0.212647914886,1
91,0,0.200443029404,1
91,0,0.17271900177,1
91,0,0.221960067749,1
91,0,0.197731018066,1
92,0,0.213990926743,1
92,0,0.170637130737,1
92,0,0.171823978424,1
92,0,0.199885129929,1
92,0,0.226529121399,1
92,0,0.201277971268,1
92,0,0.203727006912,1
92,0,0.170264959335,1
92,0,0.218085050583,1
92,0,0.209352016449,1
93,0,0.225295066833,1
93,0,0.178331136703,1
93,0,0.178750038147,1
93,0,0.203281879425,1
93,0,0.213011026382,1
93,0,0.199337005615,1
93,0,0.202821016312,1
93,0,0.170330047607,1
93,0,0.222321033478,1
93,0,0.193838119507,1
94,0,0.215800046921,1
94,0,0.16924405098,1
94,0,0.170282125473,1
94,0,0.207133054733,1
94,0,0.218054771423,1
94,0,0.208729982376,1
94,0,0.204689979553,1
94,0,0.175549983978,1
94,0,0.213224887848,1
94,0,0.200978040695,1
95,0,0.182065963745,1
95,0,0.227035999298,1
95,0,0.213529109955,1
95,0,0.215597867966,1
95,0,0.218290090561,1
95,0,0.179116010666,1
95,0,0.218034029007,1
95,0,0.186012983322,1
95,0,0.227042913437,1
95,0,0.18324804306,1
96,0,0.18829703331,1
96,0,0.215480804443,1
96,0,0.214822053909,1
96,0,0.210777044296,1
96,0,0.213273048401,1
96,0,0.187813997269,1
96,0,0.214464902878,1
96,0,0.183532953262,1
96,0,0.228676795959,1
96,0,0.188535928726,1
97,0,0.189617156982,1
97,0,0.224945068359,1
97,0,0.215147972107,1
97,0,0.214651107788,1
97,0,0.219774961472,1
97,0,0.184352874756,1
97,0,0.219852924347,1
97,0,0.19043803215,1
97,0,0.227223157883,1
97,0,0.183427095413,1
98,0,0.186595916748,1
98,0,0.212548971176,1
98,0,0.202612161636,1
98,0,0.209510087967,1
98,0,0.216099977493,1
98,0,0.183856964111,1
98,0,0.218224048615,1
98,0,0.188040018082,1
98,0,0.240648031235,1
98,0,0.193493127823,1
99,0,0.183945894241,1
99,0,0.213960886002,1
99,0,0.208920955658,1
99,0,0.206278085709,1
99,0,0.212289094925,1
99,0,0.181984901428,1
99,0,0.214825153351,1
99,0,0.180286884308,1
99,0,0.23111987114,1
99,0,0.182460069656,1
100,0,0.192835092545,1
100,0,0.194828987122,1
100,0,0.200127840042,1
100,0,0.22766494751,1
100,0,0.22894692421,1
100,0,0.191852807999,1
100,0,0.207844018936,1
100,0,0.193818092346,1
100,0,0.19758605957,1
100,0,0.226409912109,1
101,0,0.193099021912,1
101,0,0.195319890976,1
101,0,0.19337105751,1
101,0,0.232729911804,1
101,0,0.215384960175,1
101,0,0.189284086227,1
101,0,0.193181037903,1
101,0,0.187465906143,1
101,0,0.189532995224,1
101,0,0.22688293457,1
102,0,0.186923027039,1
102,0,0.182068824768,1
102,0,0.186214923859,1
102,0,0.2210688591,1
102,0,0.216244935989,1
102,0,0.17759513855,1
102,0,0.183388948441,1
102,0,0.177929878235,1
102,0,0.183308124542,1
102,0,0.213890075684,1
103,0,0.177599906921,1
103,0,0.185177087784,1
103,0,0.180818080902,1
103,0,0.224570989609,1
103,0,0.224428892136,1
103,0,0.182004928589,1
103,0,0.183161973953,1
103,0,0.188754081726,1
103,0,0.18745303154,1
103,0,0.228571176529,1
104,0,0.183822870255,1
104,0,0.194203853607,1
104,0,0.191771030426,1
104,0,0.225234985352,1
104,0,0.218909978867,1
104,0,0.187504053116,1
104,0,0.187111139297,1
104,0,0.194005012512,1
104,0,0.191931009293,1
104,0,0.225368022919,1
105,0,0.2027759552,1
105,0,0.193400144577,1
105,0,0.251537799835,1
105,0,0.238224029541,1
105,0,0.237344026566,1
105,0,0.202300071716,1
105,0,0.240879058838,1
105,0,0.199936151505,1
105,0,0.199343204498,1
105,0,0.205151081085,1
106,0,0.197079896927,1
106,0,0.198045969009,1
106,0,0.251791954041,1
106,0,0.240704059601,1
106,0,0.228050947189,1
106,0,0.198940992355,1
106,0,0.240257024765,1
106,0,0.202095985413,1
106,0,0.201174020767,1
106,0,0.201624155045,1
107,0,0.206155061722,1
107,0,0.199620962143,1
107,0,0.254452943802,1
107,0,0.235836029053,1
107,0,0.234460115433,1
107,0,0.208484172821,1
107,0,0.240230083466,1
107,0,0.205744028091,1
107,0,0.198458909988,1
107,0,0.19943189621,1
108,0,0.196977853775,1
108,0,0.197094917297,1
108,0,0.258308172226,1
108,0,0.242299079895,1
108,0,0.232892036438,1
108,0,0.195275068283,1
108,0,0.237970113754,1
108,0,0.198308944702,1
108,0,0.194052934647,1
108,0,0.192426919937,1
109,0,0.193228960037,1
109,0,0.194636106491,1
109,0,0.249182939529,1
109,0,0.242412090302,1
109,0,0.232911109924,1
109,0,0.204809188843,1
109,0,0.25066113472,1
109,0,0.195531129837,1
109,0,0.195315122604,1
109,0,0.192827939987,1
110,0,0.206307172775,1
110,0,0.269418001175,1
110,0,0.247700929642,1
110,0,0.237552165985,1
110,0,0.235943078995,1
110,0,0.23691701889,1
110,0,0.208310127258,1
110,0,0.202974081039,1
110,0,0.209604024887,1
110,0,0.238674879074,1
111,0,0.204415798187,1
111,0,0.255321979523,1
111,0,0.242275953293,1
111,0,0.257840871811,1
111,0,0.240593910217,1
111,0,0.239196062088,1
111,0,0.205397844315,1
111,0,0.204739093781,1
111,0,0.201095104218,1
111,0,0.236126899719,1
112,0,0.198883056641,1
112,0,0.256420135498,1
112,0,0.257544994354,1
112,0,0.240992069244,1
112,0,0.230130195618,1
112,0,0.222957849503,1
112,0,0.1921210289,1
112,0,0.197212934494,1
112,0,0.191833972931,1
112,0,0.237437009811,1
113,0,0.194454908371,1
113,0,0.244743824005,1
113,0,0.233321905136,1
113,0,0.233705043793,1
113,0,0.228452920914,1
113,0,0.232042074203,1
113,0,0.19309592247,1
113,0,0.191659927368,1
113,0,0.19686794281,1
113,0,0.23217010498,1
114,0,0.197051048279,1
114,0,0.249850034714,1
114,0,0.231007099152,1
114,0,0.242223978043,1
114,0,0.23316192627,1
114,0,0.238346815109,1
114,0,0.200665950775,1
114,0,0.196607112885,1
114,0,0.194169998169,1
114,0,0.24453997612,1
115,0,0.198222875595,1
115,0,0.201742887497,1
115,0,0.207989931107,1
115,0,0.208868980408,1
115,0,0.202306032181,1
115,0,0.242063045502,1
115,0,0.207044839859,1
115,0,0.261735916138,1
115,0,0.21027302742,1
115,0,0.265805006027,1
116,0,0.210315942764,1
116,0,0.212828874588,1
116,0,0.205466985703,1
116,0,0.217565059662,1
116,0,0.206341981888,1
116,0,0.259039163589,1
116,0,0.209389925003,1
116,0,0.264325141907,1
116,0,0.205854892731,1
116,0,0.274101018906,1
117,0,0.226803779602,1
117,0,0.210913896561,1
117,0,0.205629825592,1
117,0,0.209838151932,1
117,0,0.206341028214,1
117,0,0.235585927963,1
117,0,0.212111949921,1
117,0,0.258535146713,1
117,0,0.200678110123,1
117,0,0.260596990585,1
118,0,0.202319145203,1
118,0,0.208453893661,1
118,0,0.20489192009,1
118,0,0.205961942673,1
118,0,0.203392982483,1
118,0,0.246773958206,1
118,0,0.205528020859,1
118,0,0.265291929245,1
118,0,0.20464015007,1
118,0,0.268667221069,1
119,0,0.21230006218,1
119,0,0.206933021545,1
119,0,0.204730033875,1
119,0,0.207728147507,1
119,0,0.208474874496,1
119,0,0.242099046707,1
119,0,0.208337068558,1
119,0,0.27286195755,1
119,0,0.204581975937,1
119,0,0.266704082489,1
120,0,0.263480186462,1
120,0,0.255192995071,1
120,0,0.222560167313,1
120,0,0.231014966965,1
120,0,0.291332006454,1
120,0,0.273017883301,1
120,0,0.254258871078,1
120,0,0.219100952148,1
120,0,0.280982971191,1
120,0,0.2166929245,1
121,0,0.255944013596,1
121,0,0.25404882431,1
121,0,0.215823173523,1
121,0,0.216023921967,1
121,0,0.262454986572,1
121,0,0.270806074142,1
121,0,0.25234413147,1
121,0,0.216444015503,1
121,0,0.287447929382,1
121,0,0.217773914337,1
122,0,0.262854099274,1
122,0,0.272848129272,1
122,0,0.218559026718,1
122,0,0.213069915771,1
122,0,0.261710882187,1
122,0,0.269064188004,1
122,0,0.24826002121,1
122,0,0.218657016754,1
122,0,0.288722991943,1
122,0,0.219523906708,1
123,0,0.255424022675,1
123,0,0.25406908989,1
123,0,0.219658136368,1
123,0,0.214401960373,1
123,0,0.254107952118,1
123,0,0.261198997498,1
123,0,0.245619058609,1
123,0,0.22293806076,1
123,0,0.269665956497,1
123,0,0.20803809166,1
124,0,0.245245933533,1
124,0,0.246113777161,1
124,0,0.20650100708,1
124,0,0.20812702179,1
124,0,0.25847196579,1
124,0,0.263638973236,1
124,0,0.239415884018,1
124,0,0.209301948547,1
124,0,0.279490947723,1
124,0,0.21382689476,1
125,0,0.260895967484,1
125,0,0.213985919952,1
125,0,0.218075990677,1
125,0,0.216909885406,1
125,0,0.214579105377,1
125,0,0.270127058029,1
125,0,0.285619974136,1
125,0,0.222122907639,1
125,0,0.216043949127,1
125,0,0.21946811676,1
126,0,0.27489900589,1
126,0,0.220788955688,1
126,0,0.219343900681,1
126,0,0.219493865967,1
126,0,0.221232891083,1
126,0,0.26383805275,1
126,0,0.28478884697,1
126,0,0.21767282486,1
126,0,0.220530033112,1
126,0,0.216685771942,1
127,0,0.256071090698,1
127,0,0.221971035004,1
127,0,0.218084096909,1
127,0,0.226470947266,1
127,0,0.215214967728,1
127,0,0.273364067078,1
127,0,0.283854961395,1
127,0,0.21502494812,1
127,0,0.229267120361,1
127,0,0.223208904266,1
128,0,0.261956930161,1
128,0,0.219048976898,1
128,0,0.211738109589,1
128,0,0.23236489296,1
128,0,0.216951847076,1
128,0,0.265564203262,1
128,0,0.288941144943,1
128,0,0.22305893898,1
128,0,0.229357004166,1
128,0,0.230187892914,1
129,0,0.266851902008,1
129,0,0.224357128143,1
129,0,0.215884923935,1
129,0,0.223922967911,1
129,0,0.218413829803,1
129,0,0.27103304863,1
129,0,0.289572954178,1
129,0,0.2171459198,1
129,0,0.22300195694,1
129,0,0.217871904373,1
130,0,0.226037025452,1
130,0,0.227388143539,1
130,0,0.276014089584,1
130,0,0.29673910141,1
130,0,0.274898052216,1
130,0,0.27752995491,1
130,0,0.292742967606,1
130,0,0.232506990433,1
130,0,0.281512975693,1
130,0,0.291960954666,1
131,0,0.226897001266,1
131,0,0.231716156006,1
131,0,0.284521102905,1
131,0,0.298057079315,1
131,0,0.28066110611,1
131,0,0.279310941696,1
131,0,0.300616025925,1
131,0,0.232792854309,1
131,0,0.296959161758,1
131,0,0.289410114288,1
132,0,0.223351955414,1
132,0,0.242835998535,1
132,0,0.284739971161,1
132,0,0.304438829422,1
132,0,0.26802778244,1
132,0,0.294363975525,1
132,0,0.296928167343,1
132,0,0.240561008453,1
132,0,0.277318954468,1
132,0,0.281908988953,1
133,0,0.231225013733,1
133,0,0.226579904556,1
133,0,0.270403146744,1
133,0,0.280261993408,1
133,0,0.256317853928,1
133,0,0.275063991547,1
133,0,0.28920006752,1
133,0,0.218672037125,1
133,0,0.273416996002,1
133,0,0.27056479454,1
134,0,0.228075027466,1
134,0,0.227099895477,1
134,0,0.273118972778,1
134,0,0.298845052719,1
134,0,0.283489942551,1
134,0,0.281878948212,1
134,0,0.284986972809,1
134,0,0.220123052597,1
134,0,0.28111410141,1
134,0,0.28512096405,1
135,0,0.291116952896,1
135,0,0.2385430336,1
135,0,0.300215005875,1
135,0,0.285301923752,1
135,0,0.272633075714,1
135,0,0.24066901207,1
135,0,0.232502937317,1
135,0,0.316066026688,1
135,0,0.291307926178,1
135,0,0.278954982758,1
136,0,0.290954828262,1
136,0,0.235990047455,1
136,0,0.30753993988,1
136,0,0.291543960571,1
136,0,0.299622058868,1
136,0,0.243974924088,1
136,0,0.237801074982,1
136,0,0.30487704277,1
136,0,0.286226034164,1
136,0,0.291310071945,1
137,0,0.290148019791,1
137,0,0.235095024109,1
137,0,0.323898077011,1
137,0,0.281330108643,1
137,0,0.28991484642,1
137,0,0.231289148331,1
137,0,0.236018896103,1
137,0,0.308860063553,1
137,0,0.288196086884,1
137,0,0.288681030273,1
138,0,0.303183078766,1
138,0,0.240947961807,1
138,0,0.313120126724,1
138,0,0.286092996597,1
138,0,0.282452106476,1
138,0,0.238853931427,1
138,0,0.238946914673,1
138,0,0.305555820465,1
138,0,0.286364793777,1
138,0,0.28887796402,1
139,0,0.304947137833,1
139,0,0.235110044479,1
139,0,0.30898308754,1
139,0,0.276546001434,1
139,0,0.281481027603,1
139,0,0.232323884964,1
139,0,0.239979982376,1
139,0,0.31328701973,1
139,0,0.283919095993,1
139,0,0.302212953568,1
140,0,0.240566015244,1
140,0,0.320678949356,1
140,0,0.245672941208,1
140,0,0.310523986816,1
140,0,0.247031927109,1
140,0,0.283339977264,1
140,0,0.248872041702,1
140,0,0.316982984543,1
140,0,0.310388088226,1
140,0,0.243753194809,1
141,0,0.242222070694,1
141,0,0.323989152908,1
141,0,0.240646123886,1
141,0,0.301479816437,1
141,0,0.255596876144,1
141,0,0.302841901779,1
141,0,0.247478961945,1
141,0,0.313799142838,1
141,0,0.310297012329,1
141,0,0.244656085968,1
142,0,0.240259885788,1
142,0,0.310481071472,1
142,0,0.245158910751,1
142,0,0.288824796677,1
142,0,0.247266054153,1
142,0,0.292293071747,1
142,0,0.24290895462,1
142,0,0.323687076569,1
142,0,0.303886890411,1
142,0,0.242767095566,1
143,0,0.238867998123,1
143,0,0.329605102539,1
143,0,0.249127149582,1
143,0,0.309860944748,1
143,0,0.250329017639,1
143,0,0.295953035355,1
143,0,0.238379955292,1
143,0,0.327938079834,1
143,0,0.305443048477,1
143,0,0.238496780396,1
144,0,0.237265110016,1
144,0,0.323289871216,1
144,0,0.2369389534,1
144,0,0.285805940628,1
144,0,0.247512817383,1
144,0,0.299870014191,1
144,0,0.235595941544,1
144,0,0.333805799484,1
144,0,0.311614990234,1
144,0,0.240607023239,1
145,0,0.260042190552,1
145,0,0.24579000473,1
145,0,0.252463102341,1
145,0,0.250263929367,1
145,0,0.247659921646,1
145,0,0.252538919449,1
145,0,0.296074867249,1
145,0,0.296620130539,1
145,0,0.236586093903,1
145,0,0.316824913025,1
146,0,0.240401029587,1
146,0,0.248128890991,1
146,0,0.247692108154,1
146,0,0.248093128204,1
146,0,0.250580072403,1
146,0,0.24462890625,1
146,0,0.301393985748,1
146,0,0.289130926132,1
146,0,0.242658138275,1
146,0,0.325040102005,1
147,0,0.246480941772,1
147,0,0.243391036987,1
147,0,0.241976976395,1
147,0,0.249888181686,1
147,0,0.242233991623,1
147,0,0.245393037796,1
147,0,0.307235956192,1
147,0,0.301429033279,1
147,0,0.247468948364,1
147,0,0.323984861374,1
148,0,0.240000963211,1
148,0,0.237259864807,1
148,0,0.239552974701,1
148,0,0.242954969406,1
148,0,0.245766162872,1
148,0,0.239931106567,1
148,0,0.315630197525,1
148,0,0.294821977615,1
148,0,0.240816831589,1
148,0,0.320978879929,1
149,0,0.312327861786,1
149,0,0.245901107788,1
149,0,0.239356040955,1
149,0,0.245078802109,1
149,0,0.243348121643,1
149,0,0.247783899307,1
149,0,0.323297023773,1
149,0,0.310611009598,1
149,0,0.243810176849,1
149,0,0.321777105331,1
150,0,0.256132125854,1
150,0,0.260890007019,1
150,0,0.333643198013,1
150,0,0.256921052933,1
150,0,0.340778827667,1
150,0,0.254233121872,1
150,0,0.313600063324,1
150,0,0.25955581665,1
150,0,0.319859981537,1
150,0,0.254797935486,1
151,0,0.256460905075,1
151,0,0.258576869965,1
151,0,0.343529939651,1
151,0,0.256459951401,1
151,0,0.331936120987,1
151,0,0.257829189301,1
151,0,0.315273046494,1
151,0,0.252970933914,1
151,0,0.316103935242,1
151,0,0.260671138763,1
152,0,0.256708145142,1
152,0,0.259068965912,1
152,0,0.331176996231,1
152,0,0.256755113602,1
152,0,0.330368995667,1
152,0,0.253309965134,1
152,0,0.322613954544,1
152,0,0.260138988495,1
152,0,0.3133289814,1
152,0,0.252481937408,1
153,0,0.259386062622,1
153,0,0.256359100342,1
153,0,0.339998006821,1
153,0,0.264355897903,1
153,0,0.333894968033,1
153,0,0.256146907806,1
153,0,0.313810825348,1
153,0,0.255275011063,1
153,0,0.316810846329,1
153,0,0.251107215881,1
154,0,0.25493812561,1
154,0,0.258902072906,1
154,0,0.346436023712,1
154,0,0.25795507431,1
154,0,0.340837955475,1
154,0,0.323446035385,1
154,0,0.320646047592,1
154,0,0.260521173477,1
154,0,0.315836191177,1
154,0,0.256067991257,1
155,0,0.270297050476,1
155,0,0.265395879745,1
155,0,0.321419000626,1
155,0,0.332212924957,1
155,0,0.344271183014,1
155,0,0.269348859787,1
155,0,0.318437099457,1
155,0,0.31821680069,1
155,0,0.268131017685,1
155,0,0.262006044388,1
156,0,0.270878791809,1
156,0,0.266710042953,1
156,0,0.317681074142,1
156,0,0.313396930695,1
156,0,0.344836950302,1
156,0,0.260168075562,1
156,0,0.339859962463,1
156,0,0.334040164948,1
156,0,0.266264915466,1
156,0,0.264246940613,1
157,0,0.268039226532,1
157,0,0.266160964966,1
157,0,0.32449889183,1
157,0,0.326901912689,1
157,0,0.363083124161,1
157,0,0.265129089355,1
157,0,0.323060035706,1
157,0,0.329428911209,1
157,0,0.26588010788,1
157,0,0.262820005417,1
158,0,0.272514104843,1
158,0,0.261126041412,1
158,0,0.328242778778,1
158,0,0.330291032791,1
158,0,0.345566987991,1
158,0,0.256550073624,1
158,0,0.305172920227,1
158,0,0.338598012924,1
158,0,0.269940137863,1
158,0,0.321379899979,1
159,0,0.269389867783,1
159,0,0.262698888779,1
159,0,0.304944038391,1
159,0,0.352053880692,1
159,0,0.348946094513,1
159,0,0.262717008591,1
159,0,0.33097410202,1
159,0,0.351078987122,1
159,0,0.267377853394,1
159,0,0.266194105148,1
160,0,0.278185129166,1
160,0,0.268121957779,1
160,0,0.336483955383,1
160,0,0.273494958878,1
160,0,0.281335115433,1
160,0,0.278383016586,1
160,0,0.272603988647,1
160,0,0.272845029831,1
160,0,0.340456008911,1
160,0,0.341584920883,1
161,0,0.281261920929,1
161,0,0.281487941742,1
161,0,0.350062131882,1
161,0,0.284332036972,1
161,0,0.283575057983,1
161,0,0.276884078979,1
161,0,0.279013872147,1
161,0,0.272477149963,1
161,0,0.338510036469,1
161,0,0.335952997208,1
162,0,0.279914855957,1
162,0,0.269550085068,1
162,0,0.354958057404,1
162,0,0.274281024933,1
162,0,0.275946140289,1
162,0,0.282104969025,1
162,0,0.283223152161,1
162,0,0.276021957397,1
162,0,0.344825983047,1
162,0,0.357755899429,1
163,0,0.277803182602,1
163,0,0.271255016327,1
163,0,0.35245513916,1
163,0,0.273746013641,1
163,0,0.281445026398,1
163,0,0.27050614357,1
163,0,0.26922917366,1
163,0,0.28043794632,1
163,0,0.34089922905,1
163,0,0.347276926041,1
164,0,0.275123119354,1
164,0,0.277700901031,1
164,0,0.351592063904,1
164,0,0.274294137955,1
164,0,0.279616117477,1
164,0,0.281023979187,1
164,0,0.274246931076,1
164,0,0.281025886536,1
164,0,0.337588787079,1
164,0,0.354276895523,1
165,0,0.346715927124,1
165,0,0.276187896729,1
165,0,0.286335945129,1
165,0,0.340844869614,1
165,0,0.364558935165,1
165,0,0.376555919647,1
165,0,0.338960886002,1
165,0,0.357182979584,1
165,0,0.368666887283,1
165,0,0.358664035797,1
166,0,0.351184844971,1
166,0,0.283939123154,1
166,0,0.285773992538,1
166,0,0.350954055786,1
166,0,0.375831127167,1
166,0,0.367457866669,1
166,0,0.338251829147,1
166,0,0.335432052612,1
166,0,0.359818935394,1
166,0,0.36133313179,1
167,0,0.361753940582,1
167,0,0.278594017029,1
167,0,0.27178812027,1
167,0,0.336750030518,1
167,0,0.361000776291,1
167,0,0.365622997284,1
167,0,0.348125934601,1
167,0,0.340456008911,1
167,0,0.361788988113,1
167,0,0.368990898132,1
168,0,0.353146076202,1
168,0,0.34589099884,1
168,0,0.272859096527,1
168,0,0.345333099365,1
168,0,0.364714860916,1
168,0,0.381143093109,1
168,0,0.327588796616,1
168,0,0.357319831848,1
168,0,0.367840051651,1
168,0,0.364914178848,1
169,0,0.364889144897,1
169,0,0.273200035095,1
169,0,0.270130872726,1
169,0,0.347741127014,1
169,0,0.370414972305,1
169,0,0.362471103668,1
169,0,0.353415966034,1
169,0,0.344927072525,1
169,0,0.360359191895,1
169,0,0.371279001236,1
170,0,0.282332897186,1
170,0,0.291841983795,1
170,0,0.383386850357,1
170,0,0.356819868088,1
170,0,0.354532003403,1
170,0,0.385619878769,1
170,0,0.343285083771,1
170,0,0.280064105988,1
170,0,0.284701824188,1
170,0,0.283755064011,1
171,0,0.291748046875,1
171,0,0.280805110931,1
171,0,0.373867034912,1
171,0,0.350929021835,1
171,0,0.370601892471,1
171,0,0.378437042236,1
171,0,0.350255012512,1
171,0,0.287769079208,1
171,0,0.284874916077,1
171,0,0.284795999527,1
172,0,0.286516904831,1
172,0,0.284476041794,1
172,0,0.365225076675,1
172,0,0.356012821198,1
172,0,0.366067886353,1
172,0,0.373690843582,1
172,0,0.355885028839,1
172,0,0.290864944458,1
172,0,0.283564805984,1
172,0,0.290453910828,1
173,0,0.282722949982,1
173,0,0.285242080688,1
173,0,0.389266014099,1
173,0,0.350028991699,1
173,0,0.364744901657,1
173,0,0.372939109802,1
173,0,0.340326070786,1
173,0,0.277961969376,1
173,0,0.280604839325,1
173,0,0.278448104858,1
174,0,0.279200792313,1
174,0,0.283863067627,1
174,0,0.373558998108,1
174,0,0.347848892212,1
174,0,0.35760307312,1
174,0,0.379184961319,1
174,0,0.346736192703,1
174,0,0.276929140091,1
174,0,0.278869152069,1
174,0,0.283405065536,1
175,0,0.287971019745,1
175,0,0.375047922134,1
175,0,0.366143941879,1
175,0,0.297603130341,1
175,0,0.382301092148,1
175,0,0.387913942337,1
175,0,0.389223814011,1
175,0,0.293491840363,1
175,0,0.384434938431,1
175,0,0.291058063507,1
176,0,0.285048961639,1
176,0,0.376580953598,1
176,0,0.356145143509,1
176,0,0.285766839981,1
176,0,0.378720998764,1
176,0,0.382988214493,1
176,0,0.365111112595,1
176,0,0.288074970245,1
176,0,0.379536867142,1
176,0,0.286350011826,1
177,0,0.299149990082,1
177,0,0.353123903275,1
177,0,0.354871034622,1
177,0,0.288432836533,1
177,0,0.376180171967,1
177,0,0.38133597374,1
177,0,0.375705957413,1
177,0,0.288599014282,1
177,0,0.3996758461,1
177,0,0.293159008026,1
178,0,0.288682937622,1
178,0,0.376159906387,1
178,0,0.374107122421,1
178,0,0.288266897202,1
178,0,0.386164903641,1
178,0,0.377930164337,1
178,0,0.369537115097,1
178,0,0.292564153671,1
178,0,0.382312059402,1
178,0,0.293342828751,1
179,0,0.28568983078,1
179,0,0.365813016891,1
179,0,0.365365028381,1
179,0,0.287692070007,1
179,0,0.388943195343,1
179,0,0.379539966583,1
179,0,0.379551887512,1
179,0,0.29133105278,1
179,0,0.382107019424,1
179,0,0.289293050766,1
180,0,0.388216972351,1
180,0,0.378424882889,1
180,0,0.369583129883,1
180,0,0.383646965027,1
180,0,0.390737056732,1
180,0,0.292134046555,1
180,0,0.380285978317,1
180,0,0.375518798828,1
180,0,0.3934071064,1
180,0,0.299746990204,1
181,0,0.396794080734,1
181,0,0.373577833176,1
181,0,0.385198116302,1
181,0,0.369392871857,1
181,0,0.393512964249,1
181,0,0.296900033951,1
181,0,0.382262945175,1
181,0,0.366650104523,1
181,0,0.389096975327,1
181,0,0.296411037445,1
182,0,0.396087884903,1
182,0,0.381829977036,1
182,0,0.452128171921,1
182,0,0.38325881958,1
182,0,0.399760007858,1
182,0,0.300431966782,1
182,0,0.377469062805,1
182,0,0.385869026184,1
182,0,0.392765045166,1
182,0,0.294173002243,1
183,0,0.396816015244,1
183,0,0.378642082214,1
183,0,0.380002975464,1
183,0,0.373754024506,1
183,0,0.395214080811,1
183,0,0.297271966934,1
183,0,0.382018089294,1
183,0,0.377574920654,1
183,0,0.396013975143,1
183,0,0.299101829529,1
184,0,0.392068862915,1
184,0,0.369867086411,1
184,0,0.371379137039,1
184,0,0.374123811722,1
184,0,0.40808391571,1
184,0,0.299335002899,1
184,0,0.366128921509,1
184,0,0.378174066544,1
184,0,0.393379926682,1
184,0,0.298170804977,1
185,0,0.310495138168,1
185,0,0.402222156525,1
185,0,0.307357788086,1
185,0,0.408523082733,1
185,0,0.306448221207,1
185,0,0.39549779892,1
185,0,0.377069950104,1
185,0,0.387057065964,1
185,0,0.388556003571,1
185,0,0.389960050583,1
186,0,0.312026977539,1
186,0,0.412504911423,1
186,0,0.310717821121,1
186,0,0.417870044708,1
186,0,0.312562942505,1
186,0,0.398057937622,1
186,0,0.410538911819,1
186,0,0.383477210999,1
186,0,0.397506952286,1
186,0,0.398952960968,1
187,0,0.30363202095,1
187,0,0.404587030411,1
187,0,0.306305170059,1
187,0,0.410526990891,1
187,0,0.300707101822,1
187,0,0.383656024933,1
187,0,0.391433000565,1
187,0,0.391734838486,1
187,0,0.382061958313,1
187,0,0.385837078094,1
188,0,0.308237075806,1
188,0,0.409221887589,1
188,0,0.310651779175,1
188,0,0.416944026947,1
188,0,0.314446926117,1
188,0,0.390172958374,1
188,0,0.407705068588,1
188,0,0.403738021851,1
188,0,0.385434865952,1
188,0,0.387081861496,1
189,0,0.314961194992,1
189,0,0.396260976791,1
189,0,0.294392824173,1
189,0,0.395057201385,1
189,0,0.314366817474,1
189,0,0.392418861389,1
189,0,0.38247179985,1
189,0,0.394496917725,1
189,0,0.416631937027,1
189,0,0.43398809433,1
190,0,0.384978055954,1
190,0,0.405039072037,1
190,0,0.419471025467,1
190,0,0.391339063644,1
190,0,0.38257598877,1
190,0,0.311004161835,1
190,0,0.403667926788,1
190,0,0.307990074158,1
190,0,0.398619890213,1
190,0,0.318709135056,1
191,0,0.393452882767,1
191,0,0.423881053925,1
191,0,0.426434993744,1
191,0,0.384052991867,1
191,0,0.391700029373,1
191,0,0.31637597084,1
191,0,0.394306898117,1
191,0,0.30549788475,1
191,0,0.398433923721,1
191,0,0.309002876282,1
192,0,0.389985084534,1
192,0,0.411250114441,1
192,0,0.414613962173,1
192,0,0.380915164948,1
192,0,0.385926008224,1
192,0,0.318735837936,1
192,0,0.395320892334,1
192,0,0.313539028168,1
192,0,0.404604911804,1
192,0,0.304651021957,1
193,0,0.394375085831,1
193,0,0.420083045959,1
193,0,0.416256904602,1
193,0,0.382304906845,1
193,0,0.397055149078,1
193,0,0.33088684082,1
193,0,0.40379691124,1
193,0,0.314668178558,1
193,0,0.412739038467,1
193,0,0.30535697937,1
194,0,0.388368844986,1
194,0,0.413217782974,1
194,0,0.416277170181,1
194,0,0.383676052094,1
194,0,0.393536090851,1
194,0,0.312644958496,1
194,0,0.402140140533,1
194,0,0.32851600647,1
194,0,0.448076963425,1
194,0,0.309370994568,1
195,0,0.320274114609,1
195,0,0.422007083893,1
195,0,0.327293872833,1
195,0,0.422763109207,1
195,0,0.315655946732,1
195,0,0.403132915497,1
195,0,0.406363964081,1
195,0,0.410042047501,1
195,0,0.316401004791,1
195,0,0.316740036011,1
196,0,0.317066192627,1
196,0,0.423207998276,1
196,0,0.323513031006,1
196,0,0.419409990311,1
196,0,0.319823980331,1
196,0,0.406924962997,1
196,0,0.400475025177,1
196,0,0.407166957855,1
196,0,0.322886943817,1
196,0,0.309023857117,1
197,0,0.318405866623,1
197,0,0.425854921341,1
197,0,0.325795173645,1
197,0,0.414970159531,1
197,0,0.316025018692,1
197,0,0.397158145905,1
197,0,0.399386167526,1
197,0,0.416889190674,1
197,0,0.315994024277,1
197,0,0.310150146484,1
198,0,0.310055017471,1
198,0,0.410999059677,1
198,0,0.308769226074,1
198,0,0.418787956238,1
198,0,0.317445993423,1
198,0,0.409965991974,1
198,0,0.384448051453,1
198,0,0.404100179672,1
198,0,0.316408157349,1
198,0,0.307911872864,1
199,0,0.311097860336,1
199,0,0.42264509201,1
199,0,0.314113855362,1
199,0,0.419388055801,1
199,0,0.310166120529,1
199,0,0.408008098602,1
199,0,0.416689872742,1
199,0,0.453889846802,1
199,0,0.319936990738,1
199,0,0.31042098999,1
200,0,0.330137968063,1
200,0,0.430456161499,1
200,0,0.425533056259,1
200,0,0.324054956436,1
200,0,0.325798988342,1
200,0,0.386737108231,1
200,0,0.440407037735,1
200,0,0.425522089005,1
200,0,0.43700003624,1
200,0,0.322438955307,1
201,0,0.321936845779,1
201,0,0.434221982956,1
201,0,0.411752939224,1
201,0,0.319797992706,1
201,0,0.325731039047,1
201,0,0.404756069183,1
201,0,0.427134990692,1
201,0,0.432333946228,1
201,0,0.449396133423,1
201,0,0.314742088318,1
202,0,0.318375110626,1
202,0,0.415131092072,1
202,0,0.414560079575,1
202,0,0.320055007935,1
202,0,0.322446107864,1
202,0,0.399155139923,1
202,0,0.436656951904,1
202,0,0.422014951706,1
202,0,0.433079004288,1
202,0,0.313738107681,1
203,0,0.319118022919,1
203,0,0.432585000992,1
203,0,0.413684844971,1
203,0,0.321010112762,1
203,0,0.321102142334,1
203,0,0.403541088104,1
203,0,0.432510852814,1
203,0,0.424528837204,1
203,0,0.429708003998,1
203,0,0.319243907928,1
204,0,0.322106122971,1
204,0,0.449391126633,1
204,0,0.421711921692,1
204,0,0.320648908615,1
204,0,0.328381061554,1
204,0,0.434531927109,1
204,0,0.469782829285,1
204,0,0.418320178986,1
204,0,0.442688941956,1
204,0,0.319067001343,1
205,0,0.427983999252,1
205,0,0.414473056793,1
205,0,0.325525045395,1
205,0,0.444006204605,1
205,0,0.323217153549,1
205,0,0.410484075546,1
205,0,0.330743074417,1
205,0,0.430421113968,1
205,0,0.44925904274,1
205,0,0.437693119049,1
206,0,0.424217939377,1
206,0,0.405873060226,1
206,0,0.329056024551,1
206,0,0.450208187103,1
206,0,0.326127052307,1
206,0,0.414124011993,1
206,0,0.33148598671,1
206,0,0.419933080673,1
206,0,0.450013160706,1
206,0,0.409617900848,1
207,0,0.41748714447,1
207,0,0.38694691658,1
207,0,0.333167076111,1
207,0,0.466559886932,1
207,0,0.327844142914,1
207,0,0.427987098694,1
207,0,0.326061010361,1
207,0,0.439341068268,1
207,0,0.444837093353,1
207,0,0.413307905197,1
208,0,0.43529009819,1
208,0,0.404373884201,1
208,0,0.324380159378,1
208,0,0.455216169357,1
208,0,0.338682889938,1
208,0,0.407963991165,1
208,0,0.331703901291,1
208,0,0.443537950516,1
208,0,0.445127010345,1
208,0,0.425687074661,1
209,0,0.438929080963,1
209,0,0.39745092392,1
209,0,0.325706958771,1
209,0,0.455203056335,1
209,0,0.358962059021,1
209,0,0.467866182327,1
209,0,0.331130981445,1
209,0,0.429441928864,1
209,0,0.454476833344,1
209,0,0.407938957214,1
210,0,0.344136953354,1
210,0,0.340314865112,1
210,0,0.453157186508,1
210,0,0.443470954895,1
210,0,0.334861040115,1
210,0,0.447286128998,1
210,0,0.341673851013,1
210,0,0.430406093597,1
210,0,0.345051050186,1
210,0,0.441826820374,1
211,0,0.348510980606,1
211,0,0.33838891983,1
211,0,0.453567028046,1
211,0,0.459790945053,1
211,0,0.337709903717,1
211,0,0.456628084183,1
211,0,0.336310863495,1
211,0,0.43544793129,1
211,0,0.342301130295,1
211,0,0.430811882019,1
212,0,0.349295139313,1
212,0,0.340722084045,1
212,0,0.450857877731,1
212,0,0.451723098755,1
212,0,0.333026170731,1
212,0,0.436462879181,1
212,0,0.327277898788,1
212,0,0.424724817276,1
212,0,0.330507993698,1
212,0,0.410548210144,1
213,0,0.327559947968,1
213,0,0.328505039215,1
213,0,0.437435150146,1
213,0,0.443859100342,1
213,0,0.338548898697,1
213,0,0.419229030609,1
213,0,0.327608108521,1
213,0,0.443381071091,1
213,0,0.333776950836,1
213,0,0.443472862244,1
214,0,0.334048032761,1
214,0,0.325665950775,1
214,0,0.429921865463,1
214,0,0.481103181839,1
214,0,0.379972934723,1
214,0,0.421897172928,1
214,0,0.33439707756,1
214,0,0.441170930862,1
214,0,0.33317399025,1
214,0,0.449661016464,1
215,0,0.356071949005,1
215,0,0.451880931854,1
215,0,0.346830129623,1
215,0,0.47052693367,1
215,0,0.455366849899,1
215,0,0.446712970734,1
215,0,0.349184989929,1
215,0,0.469223022461,1
215,0,0.448285102844,1
215,0,0.346246004105,1
216,0,0.339890956879,1
216,0,0.450194835663,1
216,0,0.348144054413,1
216,0,0.458686113358,1
216,0,0.441749095917,1
216,0,0.422297954559,1
216,0,0.34237408638,1
216,0,0.48015499115,1
216,0,0.425914049149,1
216,0,0.349359989166,1
217,0,0.34607219696,1
217,0,0.463119983673,1
217,0,0.344533920288,1
217,0,0.476714849472,1
217,0,0.451701879501,1
217,0,0.428032875061,1
217,0,0.350970983505,1
217,0,0.472333908081,1
217,0,0.419416904449,1
217,0,0.348556995392,1
218,0,0.345134019852,1
218,0,0.442097902298,1
218,0,0.341562986374,1
218,0,0.491618871689,1
218,0,0.458980083466,1
218,0,0.436762809753,1
218,0,0.350551128387,1
218,0,0.484804868698,1
218,0,0.439181089401,1
218,0,0.346978902817,1
219,0,0.339637994766,1
219,0,0.452024936676,1
219,0,0.366221904755,1
219,0,0.532208919525,1
219,0,0.450289964676,1
219,0,0.430438995361,1
219,0,0.340059041977,1
219,0,0.472145080566,1
219,0,0.457132101059,1
219,0,0.363072872162,1
220,0,0.354923009872,1
220,0,0.441499948502,1
220,0,0.469003915787,1
220,0,0.356215000153,1
220,0,0.450566053391,1
220,0,0.446032047272,1
220,0,0.49684715271,1
220,0,0.353635072708,1
220,0,0.481940031052,1
220,0,0.467132091522,1
221,0,0.352656841278,1
221,0,0.457201957703,1
221,0,0.483597993851,1
221,0,0.347352981567,1
221,0,0.434250116348,1
221,0,0.446907997131,1
221,0,0.490016937256,1
221,0,0.347822904587,1
221,0,0.495762109756,1
221,0,0.451507091522,1
222,0,0.34544801712,1
222,0,0.460638046265,1
222,0,0.490149021149,1
222,0,0.338588953018,1
222,0,0.427498817444,1
222,0,0.442150115967,1
222,0,0.483112096786,1
222,0,0.34296298027,1
222,0,0.48891711235,1
222,0,0.44630408287,1
223,0,0.341275930405,1
223,0,0.453253984451,1
223,0,0.452734947205,1
223,0,0.352597951889,1
223,0,0.442131996155,1
223,0,0.441839933395,1
223,0,0.472429990768,1
223,0,0.346049070358,1
223,0,0.496556043625,1
223,0,0.474059104919,1
224,0,0.346673965454,1
224,0,0.452006101608,1
224,0,0.539062976837,1
224,0,0.347770929337,1
224,0,0.432172060013,1
224,0,0.439553022385,1
224,0,0.474677085876,1
224,0,0.38916683197,1
224,0,0.501680135727,1
224,0,0.472187042236,1
225,0,0.509981155396,1
225,0,0.461340904236,1
225,0,0.360733985901,1
225,0,0.35453414917,1
225,0,0.490605115891,1
225,0,0.361944913864,1
225,0,0.472502231598,1
225,0,0.484190940857,1
225,0,0.359116077423,1
225,0,0.500497102737,1
226,0,0.507077932358,1
226,0,0.430995941162,1
226,0,0.36234498024,1
226,0,0.346403837204,1
226,0,0.477011203766,1
226,0,0.364277839661,1
226,0,0.471787214279,1
226,0,0.496534824371,1
226,0,0.358284950256,1
226,0,0.498475790024,1
227,0,0.498856782913,1
227,0,0.455007791519,1
227,0,0.360724210739,1
227,0,0.358572006226,1
227,0,0.468625068665,1
227,0,0.350496053696,1
227,0,0.477006912231,1
227,0,0.493440151215,1
227,0,0.343938112259,1
227,0,0.548095941544,1
228,0,0.573509931564,1
228,0,0.448807954788,1
228,0,0.353466033936,1
228,0,0.34800696373,1
228,0,0.468535900116,1
228,0,0.354589939117,1
228,0,0.460001945496,1
228,0,0.506660938263,1
228,0,0.350611925125,1
228,0,0.496022939682,1
229,0,0.488196134567,1
229,0,0.53505396843,1
229,0,0.346832990646,1
229,0,0.35048699379,1
229,0,0.480533838272,1
229,0,0.354006052017,1
229,0,0.47672700882,1
229,0,0.493874073029,1
229,0,0.355043172836,1
229,0,0.486328125,1
230,0,0.363478899002,1
230,0,0.507999897003,1
230,0,0.496156930923,1
230,0,0.350559949875,1
230,0,0.344696044922,1
230,0,0.348213911057,1
230,0,0.477391958237,1
230,0,0.350291967392,1
230,0,0.465744972229,1
230,0,0.45851111412,1
231,0,0.347980976105,1
231,0,0.489669799805,1
231,0,0.481202840805,1
231,0,0.365292072296,1
231,0,0.366379022598,1
231,0,0.363509893417,1
231,0,0.506758928299,1
231,0,0.363165140152,1
231,0,0.49475812912,1
231,0,0.48167681694,1
232,0,0.361109018326,1
232,0,0.491309165955,1
232,0,0.496500968933,1
232,0,0.369441986084,1
232,0,0.354962110519,1
232,0,0.357691049576,1
232,0,0.504060983658,1
232,0,0.355961084366,1
232,0,0.464221954346,1
232,0,0.469506025314,1
233,0,0.354658126831,1
233,0,0.503080129623,1
233,0,0.487267017365,1
233,0,0.365694999695,1
233,0,0.353638887405,1
233,0,0.357918977737,1
233,0,0.504657030106,1
233,0,0.364891052246,1
233,0,0.471306800842,1
233,0,0.482973814011,1
234,0,0.461833953857,1
234,0,0.548682928085,1
234,0,0.596492052078,1
234,0,0.369689941406,1
234,0,0.415709018707,1
234,0,0.414931058884,1
234,0,0.573072195053,1
234,0,0.404452085495,1
234,0,0.547474145889,1
234,0,0.506526947021,1
235,0,0.389335870743,1
