0,0,0.0624380111694,1
0,0,0.0661101341248,1
0,0,0.0676410198212,1
0,0,0.0668630599976,1
0,0,0.0625519752502,1
0,0,0.0618300437927,1
0,0,0.0623078346252,1
0,0,0.0664839744568,1
0,0,0.059800863266,1
0,0,0.0653350353241,1
1,0,0.0653338432312,1
1,0,0.0655839443207,1
1,0,0.0618398189545,1
1,0,0.0628778934479,1
1,0,0.061646938324,1
1,0,0.0635061264038,1
1,0,0.0603921413422,1
1,0,0.0676040649414,1
1,0,0.06098985672,1
1,0,0.062597990036,1
2,0,0.0613379478455,1
2,0,0.067332983017,1
2,0,0.0616600513458,1
2,0,0.0621848106384,1
2,0,0.0628678798676,1
2,0,0.0656280517578,1
2,0,0.0657601356506,1
2,0,0.0710988044739,1
2,0,0.0676641464233,1
2,0,0.0631818771362,1
3,0,0.0649619102478,1
3,0,0.0629749298096,1
3,0,0.0644559860229,1
3,0,0.0664100646973,1
3,0,0.0658919811249,1
3,0,0.0649161338806,1
3,0,0.06556391716,1
3,0,0.0692319869995,1
3,0,0.0686249732971,1
3,0,0.0653710365295,1
4,0,0.0694999694824,1
4,0,0.0660290718079,1
4,0,0.0639719963074,1
4,0,0.0663180351257,1
4,0,0.0657770633698,1
4,0,0.0686411857605,1
4,0,0.069922208786,1
4,0,0.0656960010529,1
4,0,0.070188999176,1
4,0,0.0650088787079,1
5,0,0.0721750259399,1
5,0,0.0705490112305,1
5,0,0.0736548900604,1
5,0,0.0723788738251,1
5,0,0.0709121227264,1
5,0,0.0732898712158,1
5,0,0.0684809684753,1
5,0,0.0701308250427,1
5,0,0.0735740661621,1
5,0,0.0730421543121,1
6,0,0.069244146347,1
6,0,0.0694279670715,1
6,0,0.0739090442657,1
6,0,0.071545124054,1
6,0,0.072566986084,1
6,0,0.072459936142,1
6,0,0.0687191486359,1
6,0,0.0708968639374,1
6,0,0.0711259841919,1
6,0,0.0742747783661,1
7,0,0.0706579685211,1
7,0,0.0758919715881,1
7,0,0.0718998908997,1
7,0,0.0723261833191,1
7,0,0.0745921134949,1
7,0,0.0737249851227,1
7,0,0.0697951316833,1
7,0,0.0700151920319,1
7,0,0.0708010196686,1
7,0,0.0719411373138,1
8,0,0.0704991817474,1
8,0,0.0730428695679,1
8,0,0.0723040103912,1
8,0,0.0723640918732,1
8,0,0.0701401233673,1
8,0,0.080286026001,1
8,0,0.0702459812164,1
8,0,0.0698788166046,1
8,0,0.0713150501251,1
8,0,0.0738198757172,1
9,0,0.0704219341278,1
9,0,0.0759620666504,1
9,0,0.0746641159058,1
9,0,0.0767900943756,1
9,0,0.0728371143341,1
9,0,0.0776669979095,1
9,0,0.0714271068573,1
9,0,0.0722200870514,1
9,0,0.0721261501312,1
9,0,0.075275182724,1
10,0,0.0813179016113,1
10,0,0.0770530700684,1
10,0,0.0839829444885,1
10,0,0.0819787979126,1
10,0,0.0787110328674,1
10,0,0.0757579803467,1
10,0,0.0760099887848,1
10,0,0.0790529251099,1
10,0,0.0765480995178,1
10,0,0.0841979980469,1
11,0,0.0816299915314,1
11,0,0.0777938365936,1
11,0,0.0877749919891,1
11,0,0.0845310688019,1
11,0,0.0816040039062,1
11,0,0.0783190727234,1
11,0,0.079381942749,1
11,0,0.088014125824,1
11,0,0.0776801109314,1
11,1,0.0816011428833,1
12,0,0.0830450057983,1
12,0,0.0824859142303,1
12,0,0.0869510173798,1
12,0,0.0869059562683,1
12,0,0.0897660255432,1
12,0,0.0823199748993,1
12,0,0.0795669555664,1
12,0,0.079167842865,1
12,0,0.0811820030212,1
12,0,0.0878021717072,1
13,0,0.087051153183,1
13,0,0.0870130062103,1
13,0,0.0833430290222,1
13,0,0.082691192627,1
13,0,0.0829799175262,1
13,0,0.0825529098511,1
13,0,0.0832250118256,1
13,0,0.0829138755798,1
13,0,0.081433057785,1
13,0,0.0870039463043,1
14,0,0.0891680717468,1
14,0,0.0810599327087,1
14,0,0.0888841152191,1
14,0,0.0849070549011,1
14,0,0.0856921672821,1
14,0,0.083918094635,1
14,0,0.0805439949036,1
14,0,0.0802159309387,1
14,0,0.0826799869537,1
14,0,0.0821180343628,1
