0,0,0.055083990097,1
0,0,0.0557930469513,1
0,0,0.0513801574707,1
0,0,0.0494458675385,1
0,0,0.0494859218597,1
0,0,0.0488350391388,1
0,0,0.0524408817291,1
0,0,0.0501129627228,1
0,0,0.0498299598694,1
0,0,0.0503299236298,1
1,0,0.054004907608,1
1,0,0.0583069324493,1
1,0,0.0545580387115,1
1,0,0.0536971092224,1
1,0,0.0582091808319,1
1,0,0.0597598552704,1
1,0,0.0564479827881,1
1,0,0.0533599853516,1
1,0,0.0525708198547,1
1,0,0.0533220767975,1
2,0,0.0581109523773,1
2,0,0.0553660392761,1
2,0,0.0538580417633,1
2,0,0.0598888397217,1
2,0,0.0574378967285,1
2,0,0.0562679767609,1
2,0,0.0569291114807,1
2,0,0.0536351203918,1
2,0,0.0527920722961,1
2,0,0.0567901134491,1
3,0,0.0532128810883,1
3,0,0.0525441169739,1
3,0,0.0576469898224,1
3,0,0.0575091838837,1
3,0,0.0557279586792,1
3,0,0.0574288368225,1
3,0,0.0550858974457,1
3,0,0.0592091083527,1
3,0,0.0549330711365,1
3,0,0.0536088943481,1
4,0,0.0561859607697,1
4,0,0.053297996521,1
4,0,0.053729057312,1
4,0,0.054811000824,1
4,0,0.0603280067444,1
4,0,0.0586779117584,1
4,0,0.0576119422913,1
4,0,0.0566282272339,1
4,0,0.0584208965302,1
4,0,0.0529119968414,1
5,0,0.0618488788605,1
5,0,0.0689768791199,1
5,0,0.0654859542847,1
5,0,0.061371088028,1
5,0,0.0626258850098,1
5,0,0.0622448921204,1
5,0,0.065248966217,1
5,0,0.0714740753174,1
5,0,0.058629989624,1
5,0,0.0688400268555,1
6,0,0.0608429908752,1
6,0,0.0671038627625,1
6,0,0.0661690235138,1
6,0,0.0613780021667,1
6,0,0.0635690689087,1
6,0,0.0619828701019,1
6,0,0.0635578632355,1
6,0,0.0615429878235,1
6,0,0.0617871284485,1
6,0,0.0661730766296,1
7,0,0.0644419193268,1
7,0,0.0626940727234,1
7,0,0.062753200531,1
7,0,0.0649588108063,1
7,0,0.0595560073853,1
7,0,0.0680060386658,1
7,0,0.0719568729401,1
7,0,0.0684671401978,1
7,0,0.0625381469727,1
7,1,0.0660190582275,1
8,0,0.0649950504303,1
8,0,0.0622420310974,1
8,0,0.0659339427948,1
8,0,0.0634231567383,1
8,0,0.0617258548737,1
8,0,0.0639028549194,1
8,0,0.0667581558228,1
8,0,0.065337896347,1
8,0,0.062294960022,1
8,0,0.065505027771,1
9,0,0.0607168674469,1
9,0,0.0637769699097,1
9,0,0.0702970027924,1
9,0,0.0696260929108,1
9,0,0.0652911663055,1
9,0,0.0636930465698,1
9,0,0.0642471313477,1
9,0,0.064502954483,1
9,0,0.0651800632477,1
9,0,0.0663440227509,1
