0,0,0.0502820014954,1
0,0,0.0507090091705,1
0,0,0.0503058433533,1
0,0,0.0499591827393,1
0,0,0.0565531253815,1
0,0,0.0505700111389,1
0,0,0.0511741638184,1
0,0,0.0502150058746,1
0,0,0.0487880706787,1
0,0,0.0495321750641,1
1,0,0.0519969463348,1
1,0,0.0544760227203,1
1,0,0.0525028705597,1
1,0,0.0530319213867,1
1,0,0.052659034729,1
1,0,0.0523040294647,1
1,0,0.0534310340881,1
1,0,0.0589621067047,1
1,0,0.0537519454956,1
1,0,0.0589990615845,1
2,0,0.058454990387,1
2,0,0.0540571212769,1
2,0,0.0580770969391,1
2,0,0.0525140762329,1
2,0,0.0526728630066,1
2,0,0.0549130439758,1
2,0,0.0568919181824,1
2,0,0.0561029911041,1
2,0,0.0540170669556,1
2,0,0.0542759895325,1
3,0,0.0564870834351,1
3,0,0.0558750629425,1
3,0,0.0553061962128,1
3,0,0.0583951473236,1
3,0,0.0538759231567,1
3,0,0.0571739673615,1
3,0,0.0536510944366,1
3,0,0.0557940006256,1
3,0,0.0571579933167,1
3,0,0.0547029972076,1
4,0,0.0617158412933,1
4,0,0.0562970638275,1
4,0,0.0553648471832,1
4,0,0.0610749721527,1
4,0,0.0527181625366,1
4,0,0.056694984436,1
4,0,0.0534780025482,1
4,0,0.0609221458435,1
4,0,0.0547058582306,1
4,0,0.0556690692902,1
5,0,0.0631399154663,1
5,0,0.0600068569183,1
5,0,0.0598862171173,1
5,0,0.0639560222626,1
5,0,0.0686731338501,1
5,0,0.0611419677734,1
5,0,0.0648770332336,1
5,0,0.0616068840027,1
5,0,0.0615658760071,1
5,0,0.0592339038849,1
6,0,0.0665080547333,1
6,0,0.0653557777405,1
6,0,0.0598759651184,1
6,0,0.0639789104462,1
6,0,0.0643408298492,1
6,0,0.0637269020081,1
6,0,0.0673720836639,1
6,0,0.0722510814667,1
6,0,0.0618660449982,1
6,0,0.0610239505768,1
7,0,0.0608348846436,1
7,0,0.0637049674988,1
7,0,0.0622489452362,1
7,0,0.0701570510864,1
7,0,0.0652329921722,1
7,0,0.0643820762634,1
7,0,0.0671620368958,1
7,0,0.069412946701,1
7,0,0.0663890838623,1
7,0,0.0679638385773,1
8,0,0.0609090328217,1
8,0,0.0673310756683,1
8,0,0.0624511241913,1
8,0,0.065171957016,1
8,0,0.0636668205261,1
8,0,0.0626888275146,1
8,0,0.0657560825348,1
8,0,0.0758891105652,1
8,0,0.0737061500549,1
8,0,0.0687861442566,1
9,0,0.0657157897949,1
9,0,0.0684351921082,1
9,0,0.0649650096893,1
9,0,0.065710067749,1
9,0,0.0656402111053,1
9,0,0.0644397735596,1
9,0,0.0734529495239,1
9,0,0.0641400814056,1
9,0,0.0646529197693,1
9,0,0.0607650279999,1
10,0,0.0745038986206,1
10,0,0.0824739933014,1
10,0,0.0728490352631,1
10,0,0.0770039558411,1
10,0,0.0717580318451,1
10,0,0.0735929012299,1
10,0,0.0710499286652,1
10,0,0.0721068382263,1
10,0,0.0769929885864,1
10,0,0.0729098320007,1
11,0,0.0755980014801,1
11,0,0.0751371383667,1
11,0,0.069561958313,1
11,0,0.0739371776581,1
11,0,0.0735468864441,1
11,0,0.0755200386047,1
11,0,0.0749208927155,1
11,0,0.0762050151825,1
11,0,0.0702109336853,1
11,0,0.0768640041351,1
12,0,0.075315952301,1
12,0,0.0753030776978,1
12,0,0.0739409923553,1
12,0,0.0721809864044,1
12,0,0.0756931304932,1
12,0,0.0727188587189,1
12,0,0.0731608867645,1
12,0,0.0751430988312,1
12,0,0.0805208683014,1
12,0,0.0738248825073,1
13,0,0.0766470432281,1
13,0,0.07648396492,1
13,0,0.0708191394806,1
13,0,0.0749790668488,1
13,0,0.0723388195038,1
13,0,0.0792570114136,1
13,0,0.0725150108337,1
13,0,0.0731220245361,1
13,0,0.0705850124359,1
13,0,0.0755989551544,1
14,0,0.0800108909607,1
14,0,0.0805609226227,1
14,0,0.0776000022888,1
14,0,0.0770280361176,1
14,0,0.0763490200043,1
14,0,0.0754039287567,1
14,0,0.0732061862946,1
14,0,0.0747888088226,1
14,0,0.0736739635468,1
14,0,0.0767929553986,1
15,0,0.0829000473022,1
15,0,0.0779929161072,1
15,0,0.0785689353943,1
15,0,0.0783791542053,1
15,0,0.0748209953308,1
15,0,0.0770399570465,1
15,0,0.0756859779358,1
15,0,0.0772290229797,1
15,0,0.0772030353546,1
15,0,0.0777039527893,1
16,0,0.075896024704,1
16,0,0.0861120223999,1
16,0,0.0791091918945,1
16,0,0.078183889389,1
16,0,0.0744180679321,1
16,0,0.0759329795837,1
16,0,0.0798110961914,1
16,0,0.0769338607788,1
16,0,0.0792729854584,1
16,0,0.0800850391388,1
17,0,0.0759289264679,1
17,0,0.0812709331512,1
17,0,0.0809369087219,1
17,0,0.0769748687744,1
17,0,0.0787878036499,1
17,0,0.0782790184021,1
17,0,0.0773701667786,1
17,0,0.0761871337891,1
17,0,0.0810868740082,1
17,0,0.0802400112152,1
18,0,0.0756080150604,1
18,0,0.0867321491241,1
18,0,0.0836219787598,1
18,0,0.0778660774231,1
18,0,0.0779769420624,1
18,0,0.0793571472168,1
18,0,0.0739419460297,1
18,0,0.0856568813324,1
18,0,0.0823090076447,1
18,0,0.0822379589081,1
19,0,0.0769350528717,1
19,0,0.0854339599609,1
19,0,0.0825459957123,1
19,0,0.0772750377655,1
19,0,0.0736331939697,1
19,0,0.0773310661316,1
19,0,0.0790100097656,1
19,0,0.0768139362335,1
19,0,0.0843260288239,1
19,0,0.100855827332,1
20,0,0.0828511714935,1
20,0,0.0921120643616,1
20,0,0.0915970802307,1
20,0,0.0826439857483,1
20,0,0.0867910385132,1
20,0,0.0913460254669,1
20,0,0.0838358402252,1
20,0,0.086315870285,1
20,0,0.0907950401306,1
20,0,0.0862259864807,1
21,0,0.0799450874329,1
21,0,0.0872008800507,1
21,0,0.0879719257355,1
21,0,0.0826947689056,1
21,0,0.0919599533081,1
21,0,0.0861020088196,1
21,0,0.0833928585052,1
21,0,0.0971200466156,1
21,0,0.0898947715759,1
21,0,0.0975561141968,1
22,0,0.0821359157562,1
22,0,0.0962529182434,1
22,0,0.0968399047852,1
22,0,0.113770961761,1
22,0,0.0914831161499,1
22,0,0.0842499732971,1
22,0,0.0817921161652,1
22,0,0.0954859256744,1
22,0,0.0878829956055,1
22,0,0.0856950283051,1
23,0,0.0830760002136,1
23,0,0.0901598930359,1
23,0,0.0931799411774,1
23,0,0.0834259986877,1
23,0,0.0946640968323,1
23,0,0.0856020450592,1
23,0,0.0826761722565,1
23,0,0.0886700153351,1
23,0,0.0864799022675,1
23,0,0.094230890274,1
24,0,0.0814259052277,1
24,0,0.0954070091248,1
24,0,0.0924241542816,1
24,0,0.0826318264008,1
24,0,0.0879700183868,1
24,0,0.0862538814545,1
24,0,0.0856671333313,1
24,0,0.0959239006042,1
24,0,0.0954530239105,1
24,0,0.0896480083466,1
25,0,0.100424051285,1
25,0,0.094899892807,1
25,0,0.0975000858307,1
25,0,0.090469121933,1
25,0,0.100120067596,1
25,0,0.0991880893707,1
25,0,0.107906103134,1
25,0,0.101001024246,1
25,0,0.0891120433807,1
25,0,0.0937979221344,1
26,0,0.0985560417175,1
26,0,0.0931811332703,1
26,0,0.103005170822,1
26,0,0.0870850086212,1
26,0,0.0956308841705,1
26,0,0.0943551063538,1
26,0,0.10097694397,1
26,0,0.100118875504,1
26,0,0.0895211696625,1
26,0,0.0926599502563,1
27,0,0.0958218574524,1
27,0,0.0952019691467,1
27,0,0.0969798564911,1
27,0,0.0873379707336,1
27,0,0.100014925003,1
27,0,0.105697870255,1
27,0,0.0997660160065,1
27,0,0.107498884201,1
27,0,0.0908031463623,1
27,0,0.0994369983673,1
28,0,0.0961880683899,1
28,0,0.0956749916077,1
28,0,0.0954949855804,1
28,0,0.0869481563568,1
28,0,0.097275018692,1
28,0,0.0967271327972,1
28,0,0.0976369380951,1
28,0,0.105924844742,1
28,0,0.0903730392456,1
28,0,0.0962469577789,1
29,0,0.106360912323,1
29,0,0.133188962936,1
29,0,0.0996110439301,1
29,0,0.0862400531769,1
29,0,0.0985789299011,1
29,0,0.0980989933014,1
29,0,0.112823963165,1
29,0,0.137318134308,1
29,0,0.104444980621,1
29,0,0.0999660491943,1
30,0,0.0933599472046,1
30,0,0.0947852134705,1
30,0,0.0923690795898,1
30,0,0.106907129288,1
30,0,0.0973181724548,1
30,0,0.0940279960632,1
30,0,0.102017879486,1
30,0,0.0931260585785,1
30,0,0.103662967682,1
30,0,0.0997908115387,1
31,0,0.101383209229,1
31,0,0.0976758003235,1
31,0,0.0906050205231,1
31,0,0.115428924561,1
31,0,0.101510047913,1
31,0,0.0967209339142,1
31,0,0.0933270454407,1
31,0,0.0918998718262,1
31,0,0.106914997101,1
31,0,0.106436014175,1
32,0,0.0969920158386,1
32,0,0.096892118454,1
32,0,0.0985670089722,1
32,0,0.104104042053,1
32,0,0.0975959300995,1
32,0,0.0961980819702,1
32,0,0.0989129543304,1
32,0,0.092621088028,1
32,0,0.104452848434,1
32,0,0.102113008499,1
33,0,0.0987300872803,1
33,0,0.101933002472,1
33,0,0.0954949855804,1
33,0,0.114239931107,1
33,0,0.104122877121,1
33,0,0.0937697887421,1
33,0,0.0961320400238,1
33,0,0.0939500331879,1
33,0,0.104994058609,1
33,0,0.104734182358,1
34,0,0.0970840454102,1
34,0,0.0952649116516,1
34,0,0.0912551879883,1
34,0,0.10742020607,1
34,0,0.0955190658569,1
34,0,0.0934898853302,1
34,0,0.0934519767761,1
34,0,0.0969758033752,1
34,0,0.103573083878,1
34,0,0.103329896927,1
35,0,0.120197057724,1
35,0,0.105581998825,1
35,0,0.107624053955,1
35,0,0.0974609851837,1
35,0,0.102036952972,1
35,0,0.10172700882,1
35,0,0.110472917557,1
35,0,0.100003957748,1
35,0,0.112102985382,1
35,0,0.107604980469,1
36,0,0.110863924026,1
36,0,0.100691080093,1
36,0,0.115695953369,1
36,0,0.09743309021,1
36,0,0.0982999801636,1
36,0,0.105725049973,1
36,0,0.111517906189,1
36,0,0.1031498909,1
36,0,0.111748933792,1
36,0,0.107562065125,1
37,0,0.113405942917,1
37,0,0.10164809227,1
37,0,0.109568834305,1
37,0,0.102410078049,1
37,0,0.0991249084473,1
37,0,0.0993409156799,1
37,0,0.111851930618,1
37,0,0.112617015839,1
37,0,0.117297887802,1
37,0,0.104370117188,1
38,0,0.113322019577,1
38,0,0.103059053421,1
38,0,0.111624002457,1
38,0,0.100958108902,1
38,0,0.102324008942,1
38,0,0.100931167603,1
38,0,0.12091422081,1
38,0,0.100183010101,1
38,0,0.119882106781,1
38,0,0.101566076279,1
39,0,0.112982034683,1
39,0,0.102962970734,1
39,0,0.110618829727,1
39,0,0.0978181362152,1
39,0,0.0976748466492,1
39,0,0.107470989227,1
39,0,0.118232011795,1
39,0,0.10152888298,1
39,0,0.116217851639,1
39,0,0.102981090546,1
40,0,0.12909913063,1
40,0,0.1207280159,1
40,0,0.117092847824,1
40,0,0.117589950562,1
40,0,0.106856107712,1
40,0,0.124855995178,1
40,0,0.104846000671,1
40,0,0.117068052292,1
40,0,0.107455015182,1
40,0,0.119518995285,1
41,0,0.120713949203,1
41,0,0.122500896454,1
41,0,0.112592935562,1
41,0,0.118088006973,1
41,0,0.105386972427,1
41,0,0.121435880661,1
41,0,0.109489917755,1
41,0,0.116948843002,1
41,0,0.113955020905,1
41,0,0.113538980484,1
42,0,0.122601985931,1
42,0,0.117817878723,1
42,0,0.109395980835,1
42,0,0.12751698494,1
42,0,0.109581947327,1
42,0,0.120953083038,1
42,0,0.118628978729,1
42,0,0.119462966919,1
42,0,0.113575935364,1
42,0,0.110103130341,1
43,0,0.119654893875,1
43,0,0.121860027313,1
43,0,0.107615947723,1
43,0,0.120825052261,1
43,0,0.103912115097,1
43,0,0.130412101746,1
43,0,0.11093711853,1
43,0,0.122792959213,1
43,0,0.103716850281,1
43,0,0.105479955673,1
44,0,0.125688076019,1
44,0,0.120070934296,1
44,0,0.108978033066,1
44,0,0.12731218338,1
44,0,0.106199026108,1
44,0,0.120566129684,1
44,0,0.106078863144,1
44,0,0.119240999222,1
44,0,0.105674028397,1
44,0,0.106462955475,1
45,0,0.1317050457,1
45,0,0.131124019623,1
45,0,0.124090909958,1
45,0,0.131088972092,1
45,0,0.12136888504,1
45,0,0.112640857697,1
45,0,0.127539157867,1
45,0,0.115433931351,1
45,0,0.11448597908,1
45,0,0.129008054733,1
46,0,0.130156040192,1
46,0,0.130554199219,1
46,0,0.123703956604,1
46,0,0.128587961197,1
46,0,0.137562990189,1
46,0,0.118120908737,1
46,0,0.131081104279,1
46,0,0.11572599411,1
46,0,0.10989689827,1
46,0,0.130897045135,1
47,0,0.127953052521,1
47,0,0.133324146271,1
47,0,0.129510164261,1
47,0,0.132087945938,1
47,0,0.128005981445,1
47,0,0.116348981857,1
47,0,0.129245042801,1
47,0,0.115354061127,1
47,0,0.109493017197,1
47,0,0.12944817543,1
48,0,0.133428096771,1
48,0,0.137982845306,1
48,0,0.132634878159,1
48,0,0.127136945724,1
48,0,0.122812986374,1
48,0,0.11106300354,1
48,0,0.122877836227,1
48,0,0.115067005157,1
48,0,0.114778995514,1
48,0,0.129681110382,1
49,0,0.131090164185,1
49,0,0.132197856903,1
49,0,0.130729913712,1
49,0,0.127810001373,1
49,0,0.124129056931,1
49,0,0.111185789108,1
49,0,0.129239082336,1
49,0,0.119556903839,1
49,0,0.121954917908,1
49,0,0.130198955536,1
50,0,0.140156030655,1
50,0,0.139806032181,1
50,0,0.138141155243,1
50,0,0.119919061661,1
50,0,0.139667987823,1
50,0,0.130966186523,1
50,0,0.121840953827,1
50,0,0.123517036438,1
50,0,0.139873981476,1
50,0,0.143128871918,1
51,0,0.146244049072,1
51,0,0.133675098419,1
51,0,0.133787870407,1
51,0,0.130858898163,1
51,0,0.139930009842,1
51,0,0.135793924332,1
51,0,0.132678031921,1
51,0,0.12508893013,1
51,0,0.134635925293,1
51,0,0.138818025589,1
52,0,0.13945889473,1
52,0,0.133126020432,1
52,0,0.142265796661,1
52,0,0.126466989517,1
52,0,0.144705057144,1
52,0,0.142482995987,1
52,0,0.118479967117,1
52,0,0.117202043533,1
52,0,0.138861894608,1
52,0,0.136547803879,1
53,0,0.172363042831,1
53,0,0.137395858765,1
53,0,0.139658927917,1
53,0,0.123606920242,1
53,0,0.133167028427,1
53,0,0.134695053101,1
53,0,0.120762825012,1
53,0,0.119416952133,1
53,0,0.141809940338,1
53,0,0.148246049881,1
54,0,0.13880109787,1
54,0,0.138262987137,1
54,0,0.154633045197,1
54,0,0.138641119003,1
54,0,0.141962051392,1
54,0,0.149584054947,1
54,0,0.129878997803,1
54,0,0.127097129822,1
54,0,0.142892122269,1
54,0,0.140837907791,1
55,0,0.145962953568,1
55,0,0.145730018616,1
55,0,0.150333881378,1
55,0,0.131850004196,1
55,0,0.130483865738,1
55,0,0.15060210228,1
55,0,0.154927968979,1
55,0,0.142874002457,1
55,0,0.128958940506,1
55,0,0.132534980774,1
56,0,0.150843143463,1
56,0,0.156996011734,1
56,0,0.149654150009,1
56,0,0.128811120987,1
56,0,0.133985996246,1
56,0,0.154597997665,1
56,0,0.15310382843,1
56,0,0.143868923187,1
56,0,0.126192808151,1
56,0,0.127954959869,1
57,0,0.154814958572,1
57,0,0.146820068359,1
57,0,0.144712924957,1
57,0,0.133920907974,1
57,0,0.129664897919,1
57,0,0.144618988037,1
57,0,0.152374982834,1
57,0,0.15293097496,1
57,0,0.132802009583,1
57,0,0.128430128098,1
58,0,0.14339017868,1
58,0,0.151003837585,1
58,0,0.139427900314,1
58,0,0.12796998024,1
58,0,0.125752925873,1
58,0,0.144351005554,1
58,0,0.148074865341,1
58,0,0.14116191864,1
58,0,0.123178005219,1
58,0,0.120849132538,1
59,0,0.153424024582,1
59,0,0.15494799614,1
59,0,0.152997016907,1
59,0,0.122591018677,1
59,0,0.12913608551,1
59,0,0.141927957535,1
59,0,0.15133190155,1
59,0,0.138682842255,1
59,0,0.128221035004,1
59,0,0.133007049561,1
60,0,0.130285024643,1
60,0,0.151161909103,1
60,0,0.137534141541,1
60,0,0.151731967926,1
60,0,0.142560958862,1
60,0,0.135365009308,1
60,0,0.133376836777,1
60,0,0.137301921844,1
60,0,0.150818109512,1
60,0,0.160377025604,1
61,0,0.144908189774,1
61,0,0.161505937576,1
61,0,0.138065099716,1
61,0,0.153419971466,1
61,0,0.136106967926,1
61,0,0.137029886246,1
61,0,0.140053033829,1
61,0,0.139258146286,1
61,0,0.158179044724,1
61,0,0.1507999897,1
62,0,0.13383102417,1
62,0,0.151384115219,1
62,0,0.134385108948,1
62,0,0.157843112946,1
62,0,0.138520002365,1
62,0,0.137046813965,1
62,0,0.139194965363,1
62,0,0.135189056396,1
62,0,0.152346134186,1
62,0,0.158847093582,1
63,0,0.139508962631,1
63,0,0.157747983932,1
63,0,0.133770942688,1
63,0,0.149910926819,1
63,0,0.136940002441,1
63,0,0.135119915009,1
63,0,0.13516497612,1
63,0,0.144660949707,1
63,0,0.155539035797,1
63,0,0.152444124222,1
64,0,0.135040044785,1
64,0,0.152354001999,1
64,0,0.132198810577,1
64,0,0.168848991394,1
64,0,0.142729997635,1
64,0,0.142129898071,1
64,0,0.134413957596,1
64,0,0.134714841843,1
64,0,0.15340089798,1
64,0,0.152843952179,1
65,0,0.168095111847,1
65,0,0.139092206955,1
65,0,0.164371013641,1
65,0,0.165366888046,1
65,0,0.144320011139,1
65,0,0.162660121918,1
65,0,0.156980991364,1
65,0,0.164131879807,1
65,0,0.161774873734,1
65,0,0.141795158386,1
66,0,0.17414188385,1
66,0,0.156234025955,1
66,0,0.191114902496,1
66,0,0.169711828232,1
66,0,0.141180992126,1
66,0,0.190716028214,1
66,0,0.168085098267,1
66,0,0.164618968964,1
66,0,0.162306070328,1
66,0,0.140986919403,1
67,0,0.177854061127,1
67,0,0.141559123993,1
67,0,0.179348945618,1
67,0,0.167209863663,1
67,0,0.143094062805,1
67,0,0.157366991043,1
67,0,0.16215801239,1
67,0,0.164842844009,1
67,0,0.163140058517,1
67,0,0.14164018631,1
68,0,0.171643972397,1
68,0,0.140079975128,1
68,0,0.17189002037,1
68,0,0.164386987686,1
68,0,0.142653942108,1
68,0,0.168399095535,1
68,0,0.161185979843,1
68,0,0.165740013123,1
68,0,0.157032012939,1
68,0,0.143014907837,1
69,0,0.180629014969,1
69,0,0.141591072083,1
69,0,0.169147968292,1
69,0,0.16880106926,1
69,0,0.141524076462,1
69,0,0.169836044312,1
69,0,0.168963909149,1
69,0,0.165098905563,1
69,0,0.160970926285,1
69,0,0.140455007553,1
70,0,0.172437906265,1
70,0,0.18305516243,1
70,0,0.17773604393,1
70,0,0.1620221138,1
70,0,0.18748998642,1
70,0,0.14888715744,1
70,0,0.145791053772,1
70,0,0.156443119049,1
70,0,0.169286966324,1
70,0,0.178783893585,1
71,0,0.170500040054,1
71,0,0.194935083389,1
71,0,0.17715215683,1
71,0,0.176697969437,1
71,0,0.179785013199,1
71,0,0.152580976486,1
71,0,0.148594141006,1
71,0,0.159298181534,1
71,0,0.173979997635,1
71,0,0.180650949478,1
72,0,0.164742946625,1
72,0,0.187206029892,1
72,0,0.180783987045,1
72,0,0.177013874054,1
72,0,0.179858922958,1
72,0,0.154948949814,1
72,0,0.143591165543,1
72,0,0.147962808609,1
72,0,0.175493955612,1
72,0,0.1795129776,1
73,0,0.167098999023,1
73,0,0.180980920792,1
73,0,0.187110900879,1
73,0,0.170390844345,1
73,0,0.198856115341,1
73,0,0.157236099243,1
73,0,0.146670103073,1
73,0,0.153348922729,1
73,0,0.170747995377,1
73,0,0.187587976456,1
74,0,0.188166856766,1
74,0,0.207863092422,1
74,0,0.224724054337,1
74,0,0.169636011124,1
74,0,0.178539991379,1
74,0,0.150805950165,1
74,0,0.154054164886,1
74,0,0.147897958755,1
74,0,0.195719003677,1
74,0,0.177216053009,1
75,0,0.19891500473,1
75,0,0.183062076569,1
75,0,0.160254001617,1
75,0,0.170856952667,1
75,0,0.157029151917,1
75,0,0.161158084869,1
75,0,0.1888859272,1
75,0,0.19563794136,1
75,0,0.186897039413,1
75,0,0.189409971237,1
76,0,0.197927951813,1
76,0,0.186298131943,1
76,0,0.149530172348,1
76,0,0.187613964081,1
76,0,0.155853033066,1
76,0,0.153336048126,1
76,0,0.196156024933,1
76,0,0.18922495842,1
76,0,0.191638946533,1
76,0,0.188621044159,1
77,0,0.196655035019,1
77,0,0.195614099503,1
77,0,0.159147024155,1
77,0,0.179003953934,1
77,0,0.153620958328,1
77,0,0.15393614769,1
77,0,0.183506011963,1
77,0,0.201281785965,1
77,0,0.189341068268,1
77,0,0.192242860794,1
78,0,0.183511972427,1
78,0,0.182184934616,1
78,0,0.155220031738,1
78,0,0.174337148666,1
78,0,0.162726163864,1
78,0,0.150683879852,1
78,0,0.192154884338,1
78,0,0.185273885727,1
78,0,0.195721149445,1
78,0,0.188182830811,1
79,0,0.191139936447,1
79,0,0.182137012482,1
79,0,0.14988899231,1
79,0,0.183744907379,1
79,0,0.16025519371,1
79,0,0.157069921494,1
79,0,0.185889005661,1
79,0,0.195760011673,1
79,0,0.202791929245,1
79,0,0.195219039917,1
80,0,0.160643100739,1
80,0,0.16540813446,1
80,0,0.169152975082,1
80,0,0.163192033768,1
80,0,0.179857969284,1
80,0,0.196213006973,1
80,0,0.189157009125,1
80,0,0.204414129257,1
80,0,0.183779001236,1
80,0,0.192260980606,1
81,0,0.163540840149,1
81,0,0.158366918564,1
81,0,0.159880876541,1
81,0,0.161109924316,1
81,0,0.193790912628,1
81,0,0.186823129654,1
81,0,0.191787958145,1
81,0,0.1773250103,1
81,0,0.192534923553,1
81,0,0.191267967224,1
82,0,0.158862829208,1
82,0,0.163833856583,1
82,0,0.164666891098,1
82,0,0.161926984787,1
82,0,0.192859888077,1
82,0,0.195830821991,1
82,0,0.193157911301,1
82,0,0.180853843689,1
82,0,0.187746047974,1
82,0,0.189031839371,1
83,0,0.161576032639,1
83,0,0.160127878189,1
83,0,0.159430980682,1
83,0,0.164312839508,1
83,0,0.205879926682,1
83,0,0.193999052048,1
83,0,0.187342882156,1
83,0,0.192594051361,1
83,0,0.189620018005,1
83,0,0.187429189682,1
84,0,0.157841920853,1
84,0,0.168231010437,1
84,0,0.166839122772,1
84,0,0.160207986832,1
84,0,0.18288397789,1
84,0,0.190135955811,1
84,0,0.199330091476,1
84,0,0.185405015945,1
84,0,0.183060884476,1
84,0,0.195736169815,1
85,0,0.170521974564,1
85,0,0.201543092728,1
85,0,0.196231842041,1
85,0,0.174768924713,1
85,0,0.204550981522,1
85,0,0.199726104736,1
85,0,0.199835062027,1
85,0,0.168998003006,1
85,0,0.202026844025,1
85,0,0.200834035873,1
86,0,0.174283981323,1
86,0,0.19801402092,1
86,0,0.203971147537,1
86,0,0.16769194603,1
86,0,0.20880317688,1
86,0,0.196389913559,1
86,0,0.200633049011,1
86,0,0.164975166321,1
86,0,0.196995019913,1
86,0,0.19392991066,1
87,0,0.171606063843,1
87,0,0.202353954315,1
87,0,0.209417104721,1
87,0,0.161607980728,1
87,0,0.192889213562,1
87,0,0.209986925125,1
87,0,0.199245929718,1
87,0,0.162764072418,1
87,0,0.193840026855,1
87,0,0.202096939087,1
88,0,0.167297840118,1
88,0,0.192659139633,1
88,0,0.195158004761,1
88,0,0.168645143509,1
88,0,0.197568178177,1
88,0,0.217889070511,1
88,0,0.199479103088,1
88,0,0.162798166275,1
88,0,0.189326047897,1
88,0,0.20570397377,1
89,0,0.165180921555,1
89,0,0.210067987442,1
89,0,0.197679042816,1
89,0,0.162492990494,1
89,0,0.198157787323,1
89,0,0.198765039444,1
89,0,0.198842048645,1
89,0,0.164026975632,1
89,0,0.202028989792,1
89,0,0.194180011749,1
90,0,0.21311211586,1
90,0,0.216869115829,1
90,0,0.17612195015,1
90,0,0.177307844162,1
90,0,0.207149982452,1
90,0,0.209875822067,1
90,0,0.214698791504,1
90,0,0.20924115181,1
90,0,0.268651008606,1
90,0,0.214863777161,1
91,0,0.225942850113,1
91,0,0.221405982971,1
91,0,0.186887025833,1
91,0,0.181957960129,1
91,0,0.211952924728,1
91,0,0.2086789608,1
91,0,0.207766056061,1
91,0,0.17911696434,1
91,0,0.226716995239,1
91,0,0.205066919327,1
92,0,0.216784000397,1
92,0,0.213281154633,1
92,0,0.180001974106,1
92,0,0.176431894302,1
92,0,0.263583898544,1
92,0,0.206064939499,1
92,0,0.195801973343,1
92,0,0.186233997345,1
92,0,0.221974134445,1
92,0,0.198343992233,1
93,0,0.217043161392,1
93,0,0.217046976089,1
93,0,0.172084093094,1
93,0,0.170830965042,1
93,0,0.217082977295,1
93,0,0.197160959244,1
93,0,0.21266412735,1
93,0,0.17720913887,1
93,0,0.224943161011,1
93,0,0.199078083038,1
94,0,0.222038030624,1
94,0,0.213088989258,1
94,0,0.17814707756,1
94,0,0.165364980698,1
94,0,0.196774959564,1
94,0,0.193603038788,1
94,0,0.198394060135,1
94,0,0.16860294342,1
94,0,0.226942062378,1
94,0,0.19881606102,1
95,0,0.219676971436,1
95,0,0.219345092773,1
95,0,0.176692008972,1
95,0,0.226583003998,1
95,0,0.233022212982,1
95,0,0.215526103973,1
95,0,0.174493074417,1
95,0,0.213049173355,1
95,0,0.213845968246,1
95,0,0.183957099915,1
96,0,0.228945016861,1
96,0,0.216319799423,1
96,0,0.174946784973,1
96,0,0.235724925995,1
96,0,0.209980010986,1
96,0,0.217060089111,1
96,0,0.175039052963,1
96,0,0.209471940994,1
96,0,0.219367027283,1
96,0,0.183669090271,1
97,0,0.220309019089,1
97,0,0.217153072357,1
97,0,0.186239957809,1
97,0,0.219434976578,1
97,0,0.232154846191,1
97,0,0.214240074158,1
97,0,0.178219079971,1
97,0,0.213814973831,1
97,0,0.217195987701,1
97,0,0.180032968521,1
98,0,0.220649003983,1
98,0,0.214053869247,1
98,0,0.175112009048,1
98,0,0.222807884216,1
98,0,0.214322090149,1
98,0,0.212614059448,1
98,0,0.176890134811,1
98,0,0.205623865128,1
98,0,0.221701145172,1
98,0,0.182319879532,1
99,0,0.217076778412,1
99,0,0.199285984039,1
99,0,0.177982091904,1
99,0,0.227775812149,1
99,0,0.216967821121,1
99,0,0.217746019363,1
99,0,0.174203872681,1
99,0,0.206957817078,1
99,0,0.228404045105,1
99,0,0.179630041122,1
100,0,0.189663171768,1
100,0,0.224590063095,1
100,0,0.188171863556,1
100,0,0.183719873428,1
100,0,0.188271999359,1
100,0,0.232203006744,1
100,0,0.225974798203,1
100,0,0.218586921692,1
100,0,0.220525026321,1
100,0,0.222400188446,1
101,0,0.191551923752,1
101,0,0.238652944565,1
101,0,0.189275979996,1
101,0,0.185050010681,1
101,0,0.181819200516,1
101,0,0.228698968887,1
101,0,0.225237131119,1
101,0,0.220062971115,1
101,0,0.224701881409,1
101,0,0.224648952484,1
102,0,0.186052083969,1
102,0,0.21710896492,1
102,0,0.189296960831,1
102,0,0.183238983154,1
102,0,0.186065912247,1
102,0,0.21932387352,1
102,0,0.21568107605,1
102,0,0.212181091309,1
102,0,0.226227045059,1
102,0,0.214916944504,1
103,0,0.184360980988,1
103,0,0.214147090912,1
103,0,0.180377006531,1
103,0,0.185117959976,1
103,0,0.185039043427,1
103,0,0.21984577179,1
103,0,0.221134901047,1
103,0,0.21985411644,1
103,0,0.2162129879,1
103,0,0.234471082687,1
104,0,0.18025803566,1
104,0,0.208979845047,1
104,0,0.185724020004,1
