0,0,0.0621480941772,1
0,0,0.0648138523102,1
0,0,0.0643010139465,1
0,0,0.0647180080414,1
0,0,0.0596740245819,1
0,0,0.0596461296082,1
0,0,0.0614829063416,1
0,0,0.0587568283081,1
0,0,0.0583689212799,1
0,0,0.054456949234,1
1,0,0.0667850971222,1
1,0,0.0650949478149,1
1,0,0.0664148330688,1
1,0,0.0632100105286,1
1,0,0.0620079040527,1
1,0,0.0604221820831,1
1,0,0.0614070892334,1
1,0,0.0616219043732,1
1,0,0.0650207996368,1
1,0,0.0660121440887,1
2,0,0.0713090896606,1
2,0,0.0580739974976,1
2,0,0.0630009174347,1
2,0,0.0604379177094,1
2,0,0.0640530586243,1
2,0,0.0610241889954,1
2,0,0.0565438270569,1
2,0,0.0594668388367,1
2,0,0.0596830844879,1
2,0,0.0622041225433,1
3,0,0.0618860721588,1
3,0,0.0616130828857,1
3,0,0.060319185257,1
3,0,0.061733007431,1
3,0,0.0607690811157,1
3,0,0.0584030151367,1
3,0,0.0626909732819,1
3,0,0.0589029788971,1
3,0,0.0610749721527,1
3,0,0.0570340156555,1
4,0,0.063560962677,1
4,0,0.0615079402924,1
4,0,0.066253900528,1
4,0,0.0609209537506,1
4,0,0.0652198791504,1
4,0,0.0668349266052,1
4,0,0.0683701038361,1
4,0,0.0618770122528,1
4,0,0.0697000026703,1
4,0,0.0616300106049,1
5,0,0.0693109035492,1
5,0,0.0695040225983,1
5,0,0.0749850273132,1
5,0,0.0705831050873,1
5,0,0.0766270160675,1
5,0,0.0746600627899,1
5,0,0.0684430599213,1
5,0,0.0705900192261,1
5,0,0.0737810134888,1
5,0,0.0677869319916,1
6,0,0.0756440162659,1
6,0,0.067822933197,1
6,0,0.0734128952026,1
6,0,0.0703449249268,1
6,0,0.072674036026,1
6,0,0.0791530609131,1
6,0,0.0757260322571,1
6,0,0.0763010978699,1
6,0,0.0763561725616,1
6,0,0.0704560279846,1
7,0,0.0726699829102,1
7,0,0.0715980529785,1
7,0,0.0736780166626,1
7,0,0.0705170631409,1
7,0,0.0725848674774,1
7,0,0.075012922287,1
7,0,0.074649810791,1
7,0,0.0699081420898,1
7,0,0.0723240375519,1
7,0,0.0706717967987,1
8,0,0.0710160732269,1
8,0,0.0699739456177,1
8,0,0.0728671550751,1
8,0,0.0701122283936,1
8,0,0.072448015213,1
8,0,0.0748708248138,1
8,0,0.0700681209564,1
8,0,0.0737280845642,1
8,0,0.0756719112396,1
8,0,0.0717630386353,1
9,0,0.0730340480804,1
9,0,0.0701270103455,1
9,0,0.0740339756012,1
9,0,0.0753021240234,1
9,0,0.0744891166687,1
9,0,0.0759770870209,1
9,0,0.0711200237274,1
9,0,0.0743041038513,1
9,0,0.0742890834808,1
9,0,0.0748729705811,1
10,0,0.084930896759,1
10,0,0.0812971591949,1
10,0,0.0825018882751,1
10,0,0.0853769779205,1
10,0,0.0844838619232,1
10,0,0.0812220573425,1
10,0,0.0786280632019,1
10,0,0.0838890075684,1
10,0,0.084165096283,1
10,0,0.0833511352539,1
11,0,0.0835750102997,1
11,0,0.0817720890045,1
11,0,0.0834879875183,1
11,0,0.088586807251,1
11,0,0.0801570415497,1
11,0,0.0827219486237,1
11,0,0.0783951282501,1
11,0,0.0808539390564,1
11,0,0.0850839614868,1
11,0,0.0807271003723,1
12,0,0.0819568634033,1
12,0,0.0783021450043,1
12,0,0.0815811157227,1
12,0,0.0816850662231,1
12,0,0.0806379318237,1
12,0,0.0819220542908,1
12,0,0.0757329463959,1
12,0,0.0817291736603,1
12,0,0.0841109752655,1
12,0,0.080531835556,1
13,0,0.0802221298218,1
13,0,0.0827689170837,1
13,0,0.0849680900574,1
13,0,0.0837590694427,1
13,0,0.0811240673065,1
13,0,0.0844779014587,1
13,0,0.0792760848999,1
13,0,0.0835821628571,1
13,0,0.0867991447449,1
13,0,0.0825979709625,1
14,0,0.0831599235535,1
14,0,0.084578037262,1
14,0,0.0952749252319,1
14,0,0.0875961780548,1
14,0,0.0840051174164,1
14,0,0.0839149951935,1
14,0,0.0787179470062,1
14,0,0.0858070850372,1
14,0,0.0820369720459,1
14,0,0.0871429443359,1
15,0,0.093850851059,1
15,0,0.0968270301819,1
15,0,0.0952849388123,1
15,0,0.0913879871368,1
15,0,0.0890791416168,1
15,0,0.0875799655914,1
15,0,0.0900628566742,1
15,0,0.0886290073395,1
15,0,0.086746931076,1
15,0,0.0872240066528,1
16,0,0.0864970684052,1
16,0,0.0897901058197,1
16,0,0.0836670398712,1
16,0,0.0883550643921,1
16,0,0.0886340141296,1
16,0,0.0918829441071,1
16,0,0.0839941501617,1
16,0,0.0874090194702,1
16,0,0.0878458023071,1
16,0,0.0883979797363,1
17,0,0.0885329246521,1
17,0,0.0866360664368,1
17,0,0.0829970836639,1
17,0,0.0888919830322,1
17,0,0.0877501964569,1
17,0,0.0885050296783,1
17,0,0.0853118896484,1
17,0,0.0867941379547,1
17,0,0.0860641002655,1
17,0,0.0894660949707,1
18,0,0.0896079540253,1
18,0,0.0885670185089,1
18,0,0.0839459896088,1
18,0,0.0934998989105,1
18,0,0.0945181846619,1
18,0,0.0891909599304,1
18,0,0.082955121994,1
18,0,0.0894119739532,1
18,0,0.0911478996277,1
18,0,0.089910030365,1
19,0,0.0881989002228,1
19,0,0.0898451805115,1
19,0,0.0926249027252,1
19,0,0.0910189151764,1
19,0,0.0919351577759,1
19,0,0.0921127796173,1
19,0,0.0858290195465,1
19,0,0.0929660797119,1
19,0,0.0924170017242,1
19,0,0.0901560783386,1
20,0,0.0881340503693,1
20,0,0.0938770771027,1
20,0,0.0986728668213,1
20,0,0.0960140228271,1
20,0,0.094025850296,1
20,0,0.0925619602203,1
20,0,0.0888488292694,1
20,0,0.0925099849701,1
20,0,0.0939869880676,1
20,0,0.0926470756531,1
21,0,0.087217092514,1
21,0,0.0867421627045,1
21,0,0.0999519824982,1
21,0,0.0952119827271,1
21,0,0.0940580368042,1
21,0,0.0866129398346,1
21,0,0.0890250205994,1
21,0,0.096529006958,1
21,0,0.100584983826,1
21,0,0.0955920219421,1
22,0,0.0899741649628,1
22,0,0.0898911952972,1
22,0,0.0983819961548,1
22,0,0.0995941162109,1
22,0,0.102027177811,1
22,0,0.0909390449524,1
22,0,0.109436035156,1
22,0,0.104981899261,1
22,0,0.0951678752899,1
22,0,0.0983009338379,1
23,0,0.102184057236,1
23,0,0.0957748889923,1
23,0,0.102175951004,1
23,0,0.102944850922,1
23,0,0.106841087341,1
23,0,0.0893411636353,1
23,0,0.0929400920868,1
23,0,0.0964078903198,1
23,0,0.0938968658447,1
23,0,0.0998759269714,1
24,0,0.0904181003571,1
24,0,0.0942049026489,1
24,0,0.1037068367,1
24,0,0.101995944977,1
24,0,0.103786945343,1
24,0,0.0942850112915,1
24,0,0.0959949493408,1
24,0,0.103052139282,1
24,0,0.101443052292,1
24,0,0.102996110916,1
25,0,0.116080999374,1
25,0,0.106834888458,1
25,0,0.0972712039948,1
25,0,0.103145122528,1
25,0,0.105082035065,1
25,0,0.107489824295,1
25,0,0.107795000076,1
25,0,0.0992360115051,1
25,0,0.109292030334,1
25,0,0.103846073151,1
26,0,0.0962519645691,1
26,0,0.102020025253,1
26,0,0.0986459255219,1
26,0,0.103196144104,1
26,0,0.103717088699,1
26,0,0.102010011673,1
26,0,0.100817203522,1
26,0,0.101465940475,1
26,0,0.104280948639,1
26,0,0.102710008621,1
27,0,0.0961649417877,1
27,0,0.100122928619,1
27,0,0.0939910411835,1
27,0,0.101694107056,1
27,0,0.108453035355,1
27,0,0.102111101151,1
27,0,0.101719856262,1
27,0,0.105823993683,1
27,0,0.104102134705,1
27,0,0.104334115982,1
28,0,0.0970430374146,1
28,0,0.10186290741,1
28,0,0.0980050563812,1
28,0,0.101407051086,1
28,0,0.105271816254,1
28,0,0.107738018036,1
28,0,0.107971906662,1
28,0,0.103359937668,1
28,0,0.10632109642,1
28,0,0.104995012283,1
29,0,0.0973238945007,1
29,0,0.104526996613,1
29,0,0.0979850292206,1
29,0,0.109991073608,1
29,0,0.103334188461,1
29,0,0.102205991745,1
29,0,0.10860991478,1
29,0,0.114130973816,1
29,0,0.109061002731,1
29,0,0.109641075134,1
30,0,0.117449998856,1
30,0,0.103377103806,1
30,0,0.115822076797,1
30,0,0.105382919312,1
30,0,0.115923881531,1
30,0,0.100172042847,1
30,0,0.102100133896,1
30,0,0.10711312294,1
30,0,0.1114590168,1
30,0,0.110540866852,1
31,0,0.108542919159,1
31,0,0.103052854538,1
31,0,0.11535692215,1
31,0,0.101738214493,1
31,0,0.111680984497,1
31,0,0.107722043991,1
31,0,0.10337305069,1
31,0,0.108062982559,1
31,0,0.109529972076,1
31,0,0.109787940979,1
32,0,0.110220909119,1
32,0,0.106590032578,1
32,0,0.110402107239,1
32,0,0.101716995239,1
32,0,0.106778860092,1
32,0,0.0966918468475,1
32,0,0.0957820415497,1
32,0,0.106703042984,1
32,0,0.111869096756,1
32,0,0.108906984329,1
33,0,0.105917930603,1
33,0,0.104691028595,1
33,0,0.107821941376,1
33,0,0.101408958435,1
33,0,0.115674972534,1
33,0,0.100273132324,1
33,0,0.102049827576,1
33,0,0.111510038376,1
33,0,0.11682510376,1
33,0,0.114753961563,1
34,0,0.110519170761,1
34,0,0.102550029755,1
34,0,0.114518165588,1
34,0,0.104719161987,1
34,0,0.114552021027,1
34,0,0.107168912888,1
34,0,0.103492975235,1
34,0,0.107607841492,1
34,0,0.107812166214,1
34,0,0.118703842163,1
35,0,0.12381696701,1
35,0,0.110332965851,1
35,0,0.119322061539,1
35,0,0.112951993942,1
35,0,0.12378692627,1
35,0,0.115098953247,1
35,0,0.128305912018,1
35,0,0.123727083206,1
35,0,0.123483896255,1
35,0,0.123754024506,1
36,0,0.123233795166,1
36,0,0.115885972977,1
36,0,0.122158050537,1
36,0,0.116189002991,1
36,0,0.121591091156,1
36,0,0.110728025436,1
36,0,0.128074884415,1
36,0,0.119752883911,1
36,0,0.118114948273,1
36,0,0.120680093765,1
37,0,0.123564004898,1
37,0,0.112374067307,1
37,0,0.117193937302,1
37,0,0.109910011292,1
37,0,0.121364116669,1
37,0,0.110389232635,1
37,0,0.12212395668,1
37,0,0.117772102356,1
37,0,0.11924290657,1
37,0,0.11905503273,1
38,0,0.122021198273,1
38,0,0.109808206558,1
38,0,0.114277124405,1
38,0,0.111127853394,1
38,0,0.122489929199,1
38,0,0.113071918488,1
38,0,0.129039049149,1
38,0,0.125388145447,1
38,0,0.125669956207,1
38,0,0.119863986969,1
39,0,0.120493173599,1
39,0,0.11199092865,1
39,0,0.118813991547,1
39,0,0.111896038055,1
39,0,0.123027801514,1
39,0,0.107205152512,1
39,0,0.124571084976,1
39,0,0.120114088058,1
39,0,0.126992940903,1
39,0,0.122000932693,1
40,0,0.130502223969,1
40,0,0.131661891937,1
40,0,0.129919052124,1
40,0,0.129297018051,1
40,0,0.12873506546,1
40,0,0.127789020538,1
40,0,0.130878210068,1
40,0,0.129078149796,1
40,0,0.131422042847,1
40,0,0.111178159714,1
41,0,0.128041982651,1
41,0,0.132404088974,1
41,0,0.127163171768,1
41,0,0.126202106476,1
41,0,0.123474121094,1
41,0,0.130182981491,1
41,0,0.132058143616,1
41,0,0.126475095749,1
41,0,0.122970104218,1
41,0,0.114773988724,1
42,0,0.124262094498,1
42,0,0.133203029633,1
42,0,0.126298904419,1
42,0,0.121755123138,1
42,0,0.13117313385,1
42,0,0.129819869995,1
42,0,0.129852056503,1
42,0,0.128398895264,1
42,0,0.12398314476,1
42,0,0.113584041595,1
43,0,0.130914926529,1
43,0,0.128319978714,1
43,0,0.127315044403,1
43,0,0.123675107956,1
43,0,0.127836942673,1
43,0,0.129591941833,1
43,0,0.128099918365,1
43,0,0.125976085663,1
43,0,0.127315044403,1
43,0,0.112868070602,1
44,0,0.130869865417,1
44,0,0.132443904877,1
44,0,0.127951145172,1
44,0,0.129229068756,1
44,0,0.130769014359,1
44,0,0.135503053665,1
44,0,0.140786886215,1
44,0,0.127372980118,1
44,0,0.126278877258,1
44,0,0.119561910629,1
45,0,0.134439945221,1
45,0,0.121773004532,1
45,0,0.14023900032,1
45,0,0.134522914886,1
45,0,0.137686014175,1
45,0,0.13791012764,1
45,0,0.134181976318,1
45,0,0.135944128036,1
45,0,0.135741949081,1
45,0,0.138677120209,1
46,0,0.135653972626,1
46,0,0.130862951279,1
46,0,0.139093875885,1
46,0,0.137440919876,1
46,0,0.140032052994,1
46,0,0.136497020721,1
46,0,0.137377977371,1
46,0,0.137835025787,1
46,0,0.139438867569,1
46,0,0.144907951355,1
47,0,0.130712985992,1
47,0,0.123505115509,1
47,0,0.145686149597,1
47,0,0.13796210289,1
47,0,0.138354063034,1
47,0,0.137884140015,1
47,0,0.135097026825,1
47,0,0.135484218597,1
47,0,0.140454053879,1
47,0,0.137216091156,1
48,0,0.140391111374,1
48,0,0.129145860672,1
48,0,0.136834859848,1
48,0,0.135112047195,1
48,0,0.136003017426,1
48,0,0.139350891113,1
48,0,0.139470100403,1
48,0,0.145983934402,1
48,0,0.137284040451,1
48,0,0.140995025635,1
49,0,0.144253015518,1
49,0,0.122656106949,1
49,0,0.137002944946,1
49,0,0.136700868607,1
49,0,0.140655994415,1
49,0,0.137196063995,1
49,0,0.136841058731,1
49,0,0.139904022217,1
49,0,0.134203195572,1
49,0,0.144585847855,1
50,0,0.129142999649,1
50,0,0.128529071808,1
50,0,0.128473997116,1
50,0,0.139721155167,1
50,0,0.131368875504,1
50,0,0.14241194725,1
50,0,0.143477916718,1
50,0,0.143758058548,1
50,0,0.1282081604,1
50,0,0.142985105515,1
51,0,0.136323928833,1
51,0,0.129215955734,1
51,0,0.129314899445,1
51,0,0.15491604805,1
51,0,0.13249206543,1
51,0,0.144913911819,1
51,0,0.143244028091,1
51,0,0.153677940369,1
51,0,0.137987136841,1
51,0,0.148542881012,1
52,0,0.133088111877,1
52,0,0.132251977921,1
52,0,0.130958080292,1
52,0,0.14408493042,1
52,0,0.132291078568,1
52,0,0.145179033279,1
52,0,0.151293039322,1
52,0,0.152328968048,1
52,0,0.129415035248,1
52,0,0.149804115295,1
53,0,0.139714956284,1
53,0,0.132043123245,1
53,0,0.131173849106,1
53,0,0.147835969925,1
53,0,0.129831075668,1
53,0,0.146012067795,1
53,0,0.148313045502,1
53,0,0.150600910187,1
53,0,0.133907079697,1
53,0,0.153964996338,1
54,0,0.133682966232,1
54,0,0.130672931671,1
54,0,0.129170894623,1
54,0,0.145168066025,1
54,0,0.136388063431,1
54,0,0.148755073547,1
54,0,0.144414901733,1
54,0,0.153301954269,1
54,0,0.127390861511,1
54,0,0.145885944366,1
55,0,0.132256984711,1
55,0,0.154307126999,1
55,0,0.155866146088,1
55,0,0.132166862488,1
55,0,0.142885923386,1
55,0,0.144375085831,1
55,0,0.143684864044,1
55,0,0.1372590065,1
55,0,0.147207021713,1
55,0,0.131198167801,1
56,0,0.133959770203,1
56,0,0.154701948166,1
56,0,0.15644288063,1
56,0,0.13038611412,1
56,0,0.146645069122,1
56,0,0.147263050079,1
56,0,0.149056911469,1
56,0,0.132570028305,1
56,0,0.15182185173,1
56,0,0.130968093872,1
57,0,0.129129886627,1
57,0,0.157046079636,1
57,0,0.152220010757,1
57,0,0.128134012222,1
57,0,0.147324085236,1
57,0,0.152879953384,1
57,0,0.148776054382,1
57,0,0.13179397583,1
57,0,0.152826070786,1
57,0,0.129252910614,1
58,0,0.136497974396,1
58,0,0.159284114838,1
58,0,0.153975009918,1
58,0,0.136705160141,1
58,0,0.158206939697,1
58,0,0.152008056641,1
58,0,0.151648044586,1
58,0,0.128887176514,1
58,0,0.148288965225,1
58,0,0.132568120956,1
59,0,0.133457899094,1
59,0,0.150609970093,1
59,0,0.15035700798,1
59,0,0.135924816132,1
59,0,0.150933027267,1
59,0,0.156522035599,1
59,0,0.144713163376,1
59,0,0.138232946396,1
59,0,0.152339935303,1
59,0,0.134290933609,1
60,0,0.165519952774,1
60,0,0.160398960114,1
60,0,0.145517110825,1
60,0,0.16093993187,1
60,0,0.145192146301,1
60,0,0.173343896866,1
60,0,0.16441488266,1
60,0,0.165375947952,1
60,0,0.143965005875,1
60,0,0.141455173492,1
61,0,0.16366481781,1
61,0,0.165586948395,1
61,0,0.145431995392,1
61,0,0.15971493721,1
61,0,0.149076938629,1
61,0,0.172420978546,1
61,0,0.154245138168,1
61,0,0.16196513176,1
61,0,0.146224975586,1
61,0,0.143393993378,1
62,0,0.163633823395,1
62,0,0.158947944641,1
62,0,0.146842002869,1
62,0,0.170269012451,1
62,0,0.146456956863,1
62,0,0.16671204567,1
62,0,0.163442134857,1
62,0,0.158040046692,1
62,0,0.143679141998,1
62,0,0.140721082687,1
63,0,0.166640043259,1
63,0,0.162503957748,1
63,0,0.140513896942,1
63,0,0.163748979568,1
63,0,0.143244981766,1
63,0,0.162885904312,1
63,0,0.161524057388,1
63,0,0.163717985153,1
63,0,0.141281843185,1
63,0,0.137264966965,1
64,0,0.161590099335,1
64,0,0.165591001511,1
64,0,0.140922784805,1
64,0,0.169471979141,1
64,0,0.144917011261,1
64,0,0.168481826782,1
64,0,0.158740997314,1
64,0,0.163007974625,1
64,0,0.148406982422,1
64,0,0.141098022461,1
65,0,0.145362138748,1
65,0,0.171952962875,1
65,0,0.165347099304,1
65,0,0.147446155548,1
65,0,0.147719144821,1
65,0,0.163048028946,1
65,0,0.172523021698,1
65,0,0.150542020798,1
65,0,0.175039052963,1
65,0,0.166463851929,1
66,0,0.149264812469,1
66,0,0.190429925919,1
66,0,0.165839910507,1
66,0,0.153982162476,1
66,0,0.15141415596,1
66,0,0.174101114273,1
66,0,0.175862789154,1
66,0,0.147531032562,1
66,0,0.171089172363,1
66,0,0.169318914413,1
67,0,0.148176908493,1
67,0,0.172966957092,1
67,0,0.164139032364,1
67,0,0.150398015976,1
67,0,0.150950908661,1
67,0,0.175276994705,1
67,0,0.175144910812,1
67,0,0.148121118546,1
67,0,0.164283037186,1
67,0,0.166926145554,1
68,0,0.15355014801,1
68,0,0.173938035965,1
68,0,0.16961312294,1
68,0,0.147142887115,1
68,0,0.149476051331,1
68,0,0.178399085999,1
68,0,0.172572135925,1
68,0,0.145392894745,1
68,0,0.174383878708,1
68,0,0.165066957474,1
69,0,0.148061037064,1
69,0,0.177420139313,1
69,0,0.17192196846,1
69,0,0.146360874176,1
69,0,0.148488998413,1
69,0,0.173271894455,1
69,0,0.174534082413,1
69,0,0.145910024643,1
69,0,0.166553020477,1
69,0,0.170739889145,1
70,0,0.184504985809,1
70,0,0.174982786179,1
70,0,0.178265094757,1
70,0,0.15728187561,1
70,0,0.188267946243,1
70,0,0.158692121506,1
70,0,0.192435979843,1
70,0,0.181724071503,1
70,0,0.156522989273,1
70,0,0.177951097488,1
71,0,0.179779052734,1
71,0,0.180243015289,1
71,0,0.181787014008,1
71,0,0.158183097839,1
71,0,0.176144123077,1
71,0,0.169461965561,1
71,0,0.191367864609,1
71,0,0.184933185577,1
71,0,0.158401966095,1
71,0,0.174074172974,1
72,0,0.183469057083,1
72,0,0.18580698967,1
72,0,0.182228803635,1
72,0,0.155785083771,1
72,0,0.185305833817,1
72,0,0.157082080841,1
72,0,0.184101819992,1
72,0,0.182784080505,1
72,0,0.15368103981,1
72,0,0.176177978516,1
73,0,0.180888175964,1
73,0,0.182326078415,1
73,0,0.173248052597,1
73,0,0.150829076767,1
73,0,0.175892114639,1
73,0,0.150199890137,1
73,0,0.182251930237,1
73,0,0.175878047943,1
73,0,0.157676935196,1
73,0,0.17626786232,1
74,0,0.176979064941,1
74,0,0.183562040329,1
74,0,0.17950296402,1
74,0,0.151454925537,1
74,0,0.18159198761,1
74,0,0.157392024994,1
74,0,0.185582876205,1
74,0,0.188570976257,1
74,0,0.156455993652,1
74,0,0.183565855026,1
75,0,0.184344053268,1
75,0,0.166599035263,1
75,0,0.190882205963,1
75,0,0.166751861572,1
75,0,0.170986175537,1
75,0,0.187558889389,1
75,0,0.192534208298,1
75,0,0.183589935303,1
75,0,0.199364185333,1
75,0,0.160959005356,1
76,0,0.182744979858,1
76,0,0.157571792603,1
76,0,0.181996822357,1
76,0,0.160706996918,1
76,0,0.161576986313,1
76,0,0.193709135056,1
76,0,0.188935995102,1
76,0,0.180063009262,1
76,0,0.181795835495,1
76,0,0.16167807579,1
77,0,0.189090967178,1
77,0,0.162089824677,1
77,0,0.189675092697,1
77,0,0.158035993576,1
77,0,0.161085128784,1
77,0,0.18284201622,1
77,0,0.189646959305,1
77,0,0.187453985214,1
77,0,0.187061071396,1
77,0,0.157438993454,1
78,0,0.181887149811,1
78,0,0.157451868057,1
78,0,0.184954881668,1
78,0,0.164331912994,1
78,0,0.159434080124,1
78,0,0.184122085571,1
78,0,0.188689947128,1
78,0,0.178836107254,1
78,0,0.181841850281,1
78,0,0.155380964279,1
79,0,0.188052892685,1
79,0,0.158360004425,1
79,0,0.189055919647,1
79,0,0.155944108963,1
79,0,0.159741163254,1
79,0,0.180512905121,1
79,0,0.189412117004,1
79,0,0.194034814835,1
79,0,0.176159143448,1
79,0,0.16822719574,1
80,0,0.164242982864,1
80,0,0.200180053711,1
80,0,0.188822984695,1
80,0,0.201245069504,1
80,0,0.192940950394,1
80,0,0.164644002914,1
80,0,0.162743091583,1
80,0,0.203659057617,1
80,0,0.164701938629,1
80,0,0.165019989014,1
81,0,0.168677091599,1
81,0,0.195736169815,1
81,0,0.200067043304,1
81,0,0.199725866318,1
81,0,0.205117940903,1
81,0,0.170232057571,1
81,0,0.175457000732,1
81,0,0.203860044479,1
81,0,0.172183990479,1
81,0,0.169964075089,1
82,0,0.1763048172,1
82,0,0.197505950928,1
82,0,0.203015089035,1
82,0,0.196361064911,1
82,0,0.198939085007,1
82,0,0.165715932846,1
82,0,0.163223981857,1
82,0,0.194454193115,1
82,0,0.165721893311,1
82,0,0.168555021286,1
83,0,0.164966106415,1
83,0,0.191087961197,1
83,0,0.195828914642,1
83,0,0.199685096741,1
83,0,0.1967420578,1
83,0,0.167793989182,1
83,0,0.16535115242,1
83,0,0.191504955292,1
83,0,0.164170980453,1
83,0,0.164578914642,1
84,0,0.164717197418,1
84,0,0.188798904419,1
84,0,0.194608926773,1
84,0,0.199753046036,1
84,0,0.190560102463,1
84,0,0.163651943207,1
84,0,0.162220954895,1
84,0,0.205330848694,1
84,0,0.166676998138,1
84,0,0.169998884201,1
85,0,0.173571109772,1
85,0,0.172176837921,1
85,0,0.199651956558,1
85,0,0.234496116638,1
85,0,0.194004058838,1
85,0,0.173141002655,1
85,0,0.212178945541,1
85,0,0.170933961868,1
85,0,0.208940029144,1
85,0,0.183015108109,1
86,0,0.174026012421,1
86,0,0.176680803299,1
86,0,0.204994916916,1
86,0,0.210854053497,1
86,0,0.200395822525,1
86,0,0.181284189224,1
86,0,0.212171077728,1
86,0,0.175719976425,1
86,0,0.202356100082,1
86,0,0.180345058441,1
87,0,0.168425798416,1
87,0,0.171924829483,1
87,0,0.203254938126,1
87,0,0.205917835236,1
87,0,0.204571962357,1
87,0,0.168866157532,1
87,0,0.214188814163,1
87,0,0.17168712616,1
87,0,0.214494228363,1
87,0,0.171026945114,1
88,0,0.167737960815,1
88,0,0.169190883636,1
88,0,0.209836959839,1
88,0,0.204939842224,1
88,0,0.20732998848,1
88,0,0.179337978363,1
88,0,0.206636190414,1
88,0,0.172820091248,1
88,0,0.213052034378,1
88,0,0.175013065338,1
89,0,0.175158023834,1
89,0,0.170796871185,1
89,0,0.2047290802,1
89,0,0.202081918716,1
89,0,0.202636957169,1
89,0,0.169145107269,1
89,0,0.211097002029,1
89,0,0.172353029251,1
89,0,0.20898604393,1
89,0,0.167196035385,1
90,0,0.192247867584,1
90,0,0.214494943619,1
90,0,0.213068962097,1
90,0,0.183547973633,1
90,0,0.186005115509,1
90,0,0.177994012833,1
90,0,0.210997104645,1
90,0,0.186908960342,1
90,0,0.207866191864,1
90,0,0.208820104599,1
91,0,0.179093837738,1
91,0,0.206914901733,1
91,0,0.227425098419,1
91,0,0.180443048477,1
91,0,0.178567886353,1
91,0,0.177713871002,1
91,0,0.208952903748,1
91,0,0.181347131729,1
91,0,0.211897850037,1
91,0,0.204190969467,1
92,0,0.180812835693,1
92,0,0.216345071793,1
92,0,0.215335845947,1
92,0,0.186575889587,1
92,0,0.179409980774,1
92,0,0.187628030777,1
92,0,0.209043979645,1
92,0,0.181210041046,1
92,0,0.203763008118,1
92,0,0.215615034103,1
93,0,0.178987979889,1
93,0,0.213546991348,1
93,0,0.21916103363,1
93,0,0.177911996841,1
93,0,0.174714803696,1
93,0,0.181360006332,1
93,0,0.207031011581,1
93,0,0.184062004089,1
93,0,0.210836172104,1
93,0,0.201568126678,1
94,0,0.176379919052,1
94,0,0.20593380928,1
94,0,0.217705011368,1
94,0,0.178074121475,1
94,0,0.174609899521,1
94,0,0.173700094223,1
94,0,0.210252046585,1
94,0,0.178864002228,1
94,0,0.209518194199,1
94,0,0.203761100769,1
95,0,0.184200048447,1
95,0,0.218316078186,1
95,0,0.184181928635,1
95,0,0.220778226852,1
95,0,0.186500072479,1
95,0,0.212609052658,1
95,0,0.210614919662,1
95,0,0.188953876495,1
95,0,0.226538896561,1
95,0,0.230098962784,1
96,0,0.184000015259,1
96,0,0.221921920776,1
96,0,0.18337893486,1
96,0,0.215077161789,1
96,0,0.184463024139,1
96,0,0.224348068237,1
96,0,0.223392009735,1
96,0,0.186272859573,1
96,0,0.240869045258,1
96,0,0.227095127106,1
97,0,0.193770885468,1
97,0,0.23815703392,1
97,0,0.186673879623,1
97,0,0.217394828796,1
97,0,0.190732002258,1
97,0,0.221134185791,1
97,0,0.211400032043,1
97,0,0.189421892166,1
97,0,0.229488134384,1
97,0,0.220558166504,1
98,0,0.18336892128,1
98,0,0.217086076736,1
98,0,0.188814878464,1
98,0,0.223083972931,1
98,0,0.183196783066,1
98,0,0.243715047836,1
98,0,0.214586019516,1
98,0,0.188760042191,1
98,0,0.22984790802,1
98,0,0.218575000763,1
99,0,0.179451942444,1
99,0,0.219156980515,1
99,0,0.182659864426,1
99,0,0.223062038422,1
99,0,0.183325767517,1
99,0,0.230573177338,1
99,0,0.226096153259,1
99,0,0.189794063568,1
99,0,0.237475156784,1
99,0,0.225373029709,1
100,0,0.22588801384,1
100,0,0.241704940796,1
100,0,0.19481086731,1
100,0,0.22018289566,1
100,0,0.187916040421,1
100,0,0.241968154907,1
100,0,0.225811004639,1
100,0,0.226263046265,1
100,0,0.194194078445,1
100,0,0.231017112732,1
101,0,0.226531982422,1
101,0,0.243677854538,1
101,0,0.189527988434,1
101,0,0.223505020142,1
101,0,0.194151878357,1
101,0,0.241405010223,1
101,0,0.233808040619,1
101,0,0.223734140396,1
101,0,0.203592061996,1
101,0,0.219434976578,1
102,0,0.224358797073,1
102,0,0.24363899231,1
102,0,0.191815853119,1
102,0,0.224886894226,1
102,0,0.202836990356,1
102,0,0.242897987366,1
102,0,0.238579034805,1
102,0,0.234477996826,1
102,0,0.200552940369,1
102,0,0.234342098236,1
103,0,0.241421937943,1
103,0,0.24319601059,1
103,0,0.195952177048,1
103,0,0.241691112518,1
103,0,0.200297117233,1
103,0,0.243885040283,1
103,0,0.217128038406,1
103,0,0.218901157379,1
103,0,0.194267034531,1
103,0,0.21663403511,1
104,0,0.229030847549,1
104,0,0.23650598526,1
104,0,0.189270019531,1
104,0,0.21880197525,1
104,0,0.187811851501,1
104,0,0.240628004074,1
104,0,0.234553098679,1
104,0,0.227671146393,1
104,0,0.196209907532,1
104,0,0.228810071945,1
105,0,0.198052167892,1
105,0,0.23423910141,1
105,0,0.198958873749,1
105,0,0.225823879242,1
105,0,0.204982995987,1
105,0,0.238174915314,1
105,0,0.246181964874,1
105,0,0.244298934937,1
105,0,0.20204615593,1
105,0,0.201707839966,1
106,0,0.19304394722,1
106,0,0.236577987671,1
106,0,0.197005987167,1
106,0,0.235380887985,1
106,0,0.196426153183,1
106,0,0.234368085861,1
106,0,0.235749006271,1
106,0,0.232450962067,1
106,0,0.196166038513,1
106,0,0.201268911362,1
107,0,0.197675943375,1
107,0,0.246922016144,1
107,0,0.203634023666,1
107,0,0.235049009323,1
107,0,0.200809001923,1
107,0,0.224311113358,1
107,0,0.236647844315,1
107,0,0.233460187912,1
107,0,0.194663047791,1
107,0,0.192528009415,1
108,0,0.202001094818,1
108,0,0.230905056,1
108,0,0.199122190475,1
108,0,0.224676847458,1
108,0,0.199294090271,1
108,0,0.237987995148,1
108,0,0.246129989624,1
108,0,0.243690013885,1
108,0,0.199154138565,1
108,0,0.195358991623,1
109,0,0.198389053345,1
109,0,0.251426935196,1
109,0,0.198423862457,1
109,0,0.236464977264,1
109,0,0.196537971497,1
109,0,0.230588912964,1
109,0,0.240394830704,1
109,0,0.228616952896,1
109,0,0.20419716835,1
109,0,0.198074102402,1
110,0,0.241073846817,1
110,0,0.270356178284,1
110,0,0.211436033249,1
110,0,0.248080968857,1
110,0,0.214891910553,1
110,0,0.24228310585,1
110,0,0.257385015488,1
110,0,0.242318153381,1
110,0,0.240062952042,1
110,0,0.212301015854,1
111,0,0.257382154465,1
111,0,0.268010854721,1
111,0,0.212576150894,1
111,0,0.248300075531,1
111,0,0.208788156509,1
111,0,0.241344928741,1
111,0,0.249096155167,1
111,0,0.245390892029,1
111,0,0.250492095947,1
111,0,0.206982135773,1
112,0,0.249309062958,1
112,0,0.272008895874,1
112,0,0.212016105652,1
112,0,0.243350028992,1
112,0,0.214601993561,1
112,0,0.23902797699,1
112,0,0.248439073563,1
112,0,0.24941778183,1
112,0,0.241632938385,1
112,0,0.210695981979,1
113,0,0.247173070908,1
113,0,0.272711992264,1
113,0,0.209340810776,1
113,0,0.236619949341,1
113,0,0.203691005707,1
113,0,0.248959064484,1
113,0,0.246083021164,1
113,0,0.241503953934,1
113,0,0.233023881912,1
113,0,0.206543922424,1
114,0,0.251489162445,1
114,0,0.267585992813,1
114,0,0.201118946075,1
114,0,0.242326021194,1
114,0,0.20140504837,1
114,0,0.248734951019,1
114,0,0.253376960754,1
114,0,0.254679918289,1
114,0,0.251619815826,1
114,0,0.206116914749,1
115,0,0.21332192421,1
115,0,0.251252889633,1
115,0,0.207140922546,1
115,0,0.248060941696,1
115,0,0.250111818314,1
115,0,0.216027975082,1
115,0,0.276406049728,1
115,0,0.21510887146,1
115,0,0.214308023453,1
115,0,0.221968173981,1
116,0,0.220781087875,1
116,0,0.258467912674,1
116,0,0.212318181992,1
116,0,0.259025096893,1
116,0,0.261743068695,1
116,0,0.21674489975,1
116,0,0.269342899323,1
116,0,0.212392091751,1
116,0,0.222343921661,1
116,0,0.236285924911,1
117,0,0.221023797989,1
117,0,0.257134914398,1
117,0,0.215471982956,1
117,0,0.262025117874,1
117,0,0.272809028625,1
117,0,0.212615966797,1
117,0,0.276477098465,1
117,0,0.220072031021,1
117,0,0.220619916916,1
117,0,0.213160037994,1
118,0,0.220310211182,1
118,0,0.247663021088,1
118,0,0.206418037415,1
118,0,0.258311986923,1
118,0,0.251838922501,1
118,0,0.214610099792,1
118,0,0.265071153641,1
118,0,0.212584018707,1
118,0,0.2158639431,1
118,0,0.21422791481,1
119,0,0.223249197006,1
119,0,0.253723144531,1
119,0,0.207653045654,1
119,0,0.254787921906,1
119,0,0.264230012894,1
119,0,0.215985774994,1
119,0,0.263837099075,1
119,0,0.208876132965,1
119,0,0.209888935089,1
119,0,0.217865943909,1
120,0,0.22157907486,1
120,0,0.226232051849,1
120,0,0.218892097473,1
120,0,0.22956609726,1
120,0,0.219298124313,1
120,0,0.27114200592,1
120,0,0.283565044403,1
120,0,0.276211023331,1
120,0,0.220704078674,1
120,0,0.283571958542,1
121,0,0.221307992935,1
121,0,0.221977949142,1
121,0,0.213445901871,1
121,0,0.22890496254,1
121,0,0.218259096146,1
121,0,0.270898103714,1
121,0,0.287510156631,1
121,0,0.278199195862,1
121,0,0.222012996674,1
121,0,0.284633159637,1
122,0,0.226073980331,1
122,0,0.225795984268,1
122,0,0.217308044434,1
122,0,0.243212938309,1
122,0,0.217330932617,1
122,0,0.263016939163,1
122,0,0.284584999084,1
122,0,0.292526006699,1
122,0,0.21563911438,1
122,0,0.287858963013,1
123,0,0.22089600563,1
123,0,0.220981121063,1
123,0,0.216019868851,1
123,0,0.221714019775,1
123,0,0.215327978134,1
123,0,0.265744924545,1
123,0,0.282046079636,1
123,0,0.27308011055,1
123,0,0.214543819427,1
123,0,0.278038024902,1
124,0,0.219508886337,1
124,0,0.224211931229,1
124,0,0.215582847595,1
124,0,0.22264289856,1
124,0,0.215708017349,1
124,0,0.269748926163,1
124,0,0.283216953278,1
124,0,0.287475824356,1
124,0,0.219744920731,1
124,0,0.273251056671,1
125,0,0.264515161514,1
125,0,0.261165142059,1
125,0,0.273608207703,1
125,0,0.271656036377,1
125,0,0.286044836044,1
125,0,0.287333965302,1
125,0,0.22781586647,1
125,0,0.225803136826,1
125,0,0.274049043655,1
125,0,0.278865814209,1
126,0,0.277792930603,1
126,0,0.271100997925,1
126,0,0.276715993881,1
126,0,0.277799129486,1
126,0,0.279703140259,1
126,0,0.293298006058,1
126,0,0.23380613327,1
126,0,0.224599838257,1
126,0,0.277963161469,1
126,0,0.284533023834,1
127,0,0.275527000427,1
127,0,0.273277997971,1
127,0,0.283366918564,1
127,0,0.277116060257,1
127,0,0.288256168365,1
127,0,0.294939041138,1
127,0,0.230320930481,1
127,0,0.223636865616,1
127,0,0.276932954788,1
127,0,0.263329982758,1
128,0,0.284029006958,1
128,0,0.276067972183,1
128,0,0.26342010498,1
128,0,0.282382965088,1
128,0,0.273437023163,1
128,0,0.293325901031,1
128,0,0.22286605835,1
128,0,0.223210811615,1
128,0,0.285331010818,1
128,0,0.282102108002,1
129,0,0.282665014267,1
129,0,0.271764993668,1
129,0,0.280350923538,1
129,0,0.290376901627,1
129,0,0.285737037659,1
129,0,0.298452138901,1
129,0,0.223643779755,1
129,0,0.230978012085,1
129,0,0.290280818939,1
129,0,0.276329994202,1
130,0,0.229103088379,1
130,0,0.238476037979,1
130,0,0.281143188477,1
130,0,0.281789064407,1
130,0,0.237661838531,1
130,0,0.289285182953,1
130,0,0.297363042831,1
130,0,0.230715990067,1
130,0,0.238628149033,1
130,0,0.235595941544,1
131,0,0.231287956238,1
131,0,0.23618388176,1
131,0,0.286683082581,1
131,0,0.286808013916,1
131,0,0.234966993332,1
131,0,0.282034873962,1
131,0,0.275388002396,1
131,0,0.234543800354,1
131,0,0.23773598671,1
131,0,0.228825092316,1
132,0,0.245337963104,1
132,0,0.232966899872,1
132,0,0.277328968048,1
132,0,0.303157091141,1
132,0,0.23143696785,1
132,0,0.286119937897,1
132,0,0.292367935181,1
132,0,0.22669005394,1
132,0,0.240998983383,1
132,0,0.238990068436,1
133,0,0.244184970856,1
133,0,0.232701063156,1
133,0,0.348114013672,1
133,0,0.287510156631,1
133,0,0.229872941971,1
133,0,0.286653995514,1
133,0,0.279747962952,1
133,0,0.228801012039,1
133,0,0.233561992645,1
133,0,0.231699228287,1
134,0,0.2311398983,1
134,0,0.225116014481,1
134,0,0.290868997574,1
134,0,0.287003993988,1
134,0,0.230137109756,1
134,0,0.292011022568,1
134,0,0.297772169113,1
134,0,0.238118886948,1
134,0,0.235951900482,1
134,0,0.236001014709,1
135,0,0.248655080795,1
135,0,0.297501087189,1
135,0,0.297775030136,1
135,0,0.239317893982,1
135,0,0.286989927292,1
135,0,0.236660957336,1
135,0,0.292851924896,1
135,0,0.277699947357,1
135,0,0.240827083588,1
135,0,0.241460084915,1
136,0,0.231280088425,1
136,0,0.282596111298,1
136,0,0.292631864548,1
136,0,0.234136819839,1
136,0,0.289021968842,1
136,0,0.239840984344,1
136,0,0.29733300209,1
136,0,0.291265010834,1
136,0,0.235178947449,1
136,0,0.23605298996,1
137,0,0.235383987427,1
137,0,0.290019989014,1
137,0,0.289837121964,1
137,0,0.240453004837,1
137,0,0.291911125183,1
137,0,0.231484889984,1
137,0,0.299439907074,1
137,0,0.287714004517,1
137,0,0.241446018219,1
137,0,0.235900878906,1
138,0,0.230357885361,1
138,0,0.276829004288,1
138,0,0.295238018036,1
138,0,0.232903003693,1
138,0,0.285624027252,1
138,0,0.240261077881,1
138,0,0.299715995789,1
138,0,0.288933038712,1
138,0,0.230159044266,1
138,0,0.236220121384,1
139,0,0.243265151978,1
139,0,0.286602020264,1
139,0,0.290533065796,1
139,0,0.23317193985,1
139,0,0.285316944122,1
139,0,0.237218856812,1
139,0,0.302860975266,1
139,0,0.283360958099,1
139,0,0.231091022491,1
139,0,0.239799022675,1
140,0,0.300198793411,1
140,0,0.306546926498,1
140,0,0.242151021957,1
140,0,0.296008110046,1
140,0,0.289933919907,1
140,0,0.322229862213,1
140,0,0.308214902878,1
140,0,0.305080890656,1
140,0,0.246935129166,1
140,0,0.250993967056,1
141,0,0.290749073029,1
141,0,0.310834884644,1
141,0,0.244356870651,1
141,0,0.292088985443,1
141,0,0.301838874817,1
141,0,0.32267999649,1
141,0,0.30304312706,1
141,0,0.301858901978,1
141,0,0.24325799942,1
141,0,0.248449087143,1
142,0,0.291908979416,1
142,0,0.313896894455,1
142,0,0.242454051971,1
142,0,0.286317825317,1
142,0,0.281693935394,1
142,0,0.311246871948,1
142,0,0.300368070602,1
142,0,0.309188127518,1
142,0,0.237069129944,1
142,0,0.243972063065,1
143,0,0.307082176208,1
143,0,0.305368900299,1
143,0,0.245736122131,1
143,0,0.295227050781,1
143,0,0.289937973022,1
143,0,0.316651105881,1
143,0,0.310067892075,1
143,0,0.30415391922,1
143,0,0.243213891983,1
143,0,0.246999025345,1
144,0,0.324376106262,1
144,0,0.29568195343,1
144,0,0.239936113358,1
144,0,0.303832054138,1
144,0,0.286564826965,1
144,0,0.319806814194,1
144,0,0.311434030533,1
144,0,0.317282915115,1
144,0,0.249293088913,1
144,0,0.241775035858,1
145,0,0.317936897278,1
145,0,0.261351108551,1
145,0,0.332133054733,1
145,0,0.263597011566,1
145,0,0.312156915665,1
145,0,0.332205057144,1
145,0,0.253054141998,1
145,0,0.255363941193,1
145,0,0.29483795166,1
145,0,0.250621795654,1
146,0,0.308441877365,1
146,0,0.256525039673,1
146,0,0.325683116913,1
146,0,0.26077914238,1
146,0,0.306557893753,1
146,0,0.329051017761,1
146,0,0.253346204758,1
146,0,0.254661083221,1
146,0,0.307173013687,1
146,0,0.255244970322,1
147,0,0.324236869812,1
147,0,0.26279592514,1
147,0,0.327872991562,1
147,0,0.254802942276,1
147,0,0.306114912033,1
147,0,0.332077026367,1
147,0,0.253661870956,1
147,0,0.255648851395,1
147,0,0.307877063751,1
147,0,0.255141973495,1
148,0,0.326028108597,1
148,0,0.257671833038,1
148,0,0.333539009094,1
148,0,0.25858092308,1
148,0,0.309511899948,1
148,0,0.327294111252,1
148,0,0.253265857697,1
148,0,0.257263898849,1
148,0,0.307375907898,1
148,0,0.253674983978,1
149,0,0.320986032486,1
149,0,0.264640808105,1
149,0,0.329935073853,1
149,0,0.256799936295,1
149,0,0.307028055191,1
149,0,0.338187932968,1
149,0,0.258172035217,1
149,0,0.256576061249,1
149,0,0.304972887039,1
149,0,0.262615919113,1
150,0,0.320006132126,1
150,0,0.30827999115,1
150,0,0.351530075073,1
150,0,0.346078872681,1
150,0,0.310830116272,1
150,0,0.265750169754,1
150,0,0.265928030014,1
150,0,0.315833091736,1
150,0,0.26179599762,1
150,0,0.2605509758,1
151,0,0.317795991898,1
151,0,0.304395914078,1
151,0,0.337378978729,1
151,0,0.342036008835,1
151,0,0.309165000916,1
151,0,0.255347967148,1
151,0,0.256386041641,1
151,0,0.313783168793,1
151,0,0.257762908936,1
151,0,0.260476112366,1
152,0,0.320163965225,1
152,0,0.311939001083,1
152,0,0.341552019119,1
152,0,0.331264019012,1
152,0,0.312813043594,1
152,0,0.262006998062,1
152,0,0.265581846237,1
152,0,0.309387922287,1
152,0,0.256134986877,1
152,0,0.260205984116,1
153,0,0.314275979996,1
153,0,0.314263820648,1
153,0,0.335775136948,1
153,0,0.341167926788,1
153,0,0.333160877228,1
153,0,0.256922006607,1
153,0,0.264986991882,1
153,0,0.312748908997,1
153,0,0.260190010071,1
153,0,0.256711006165,1
154,0,0.308777093887,1
154,0,0.313685894012,1
154,0,0.335091114044,1
154,0,0.342845916748,1
154,0,0.297090053558,1
154,0,0.262630939484,1
154,0,0.257210969925,1
154,0,0.317821979523,1
154,0,0.253810167313,1
154,0,0.260159015656,1
155,0,0.325726032257,1
155,0,0.345524072647,1
155,0,0.326359033585,1
155,0,0.33899307251,1
155,0,0.268231153488,1
155,0,0.272405147552,1
155,0,0.265196084976,1
155,0,0.33047413826,1
155,0,0.334892034531,1
155,0,0.330338954926,1
156,0,0.322556018829,1
156,0,0.332197904587,1
156,0,0.333328008652,1
156,0,0.334172964096,1
156,0,0.269254922867,1
156,0,0.261116981506,1
156,0,0.261970043182,1
156,0,0.334044933319,1
156,0,0.342038154602,1
156,0,0.321457147598,1
157,0,0.332447052002,1
157,0,0.333114862442,1
157,0,0.337606191635,1
157,0,0.327647209167,1
157,0,0.273384094238,1
157,0,0.2669069767,1
157,0,0.273342847824,1
157,0,0.31666302681,1
157,0,0.339359045029,1
157,0,0.322411060333,1
158,0,0.321905851364,1
158,0,0.330890893936,1
158,0,0.340368032455,1
158,0,0.336405038834,1
158,0,0.267228126526,1
158,0,0.263027906418,1
158,0,0.265393972397,1
158,0,0.344655036926,1
158,0,0.332653045654,1
158,0,0.322329998016,1
159,0,0.336143016815,1
159,0,0.327940940857,1
159,0,0.3313601017,1
159,0,0.344046115875,1
159,0,0.265960931778,1
159,0,0.2642390728,1
159,0,0.263887882233,1
159,0,0.32723903656,1
159,0,0.343481063843,1
159,0,0.345210075378,1
160,0,0.353301048279,1
160,0,0.268100976944,1
160,0,0.270495891571,1
160,0,0.338208913803,1
160,0,0.27101111412,1
160,0,0.340384960175,1
160,0,0.276990175247,1
160,0,0.355026006699,1
160,0,0.27654004097,1
160,0,0.274568080902,1
161,0,0.362524032593,1
161,0,0.274917840958,1
161,0,0.278304100037,1
161,0,0.314361810684,1
161,0,0.270396947861,1
161,0,0.347609043121,1
161,0,0.270138025284,1
161,0,0.33495593071,1
161,0,0.270828008652,1
161,0,0.278118133545,1
162,0,0.355674982071,1
162,0,0.264521121979,1
162,0,0.267141103745,1
162,0,0.341654062271,1
162,0,0.271538972855,1
162,0,0.33558511734,1
162,0,0.266022920609,1
162,0,0.34234213829,1
162,0,0.2713971138,1
162,0,0.271862030029,1
163,0,0.361607074738,1
163,0,0.297108888626,1
163,0,0.267204999924,1
163,0,0.319605827332,1
163,0,0.266443014145,1
163,0,0.346722841263,1
163,0,0.272516012192,1
163,0,0.33968091011,1
163,0,0.263615846634,1
163,0,0.271240949631,1
164,0,0.364609956741,1
164,0,0.267845153809,1
164,0,0.269351959229,1
164,0,0.342852115631,1
164,0,0.272531032562,1
164,0,0.353358983994,1
164,0,0.266437768936,1
164,0,0.340695858002,1
164,0,0.26731300354,1
164,0,0.264006137848,1
165,0,0.288748979568,1
165,0,0.332520961761,1
165,0,0.347680091858,1
165,0,0.356221914291,1
165,0,0.291194915771,1
165,0,0.286293983459,1
165,0,0.384516954422,1
165,0,0.360407829285,1
165,0,0.343857049942,1
165,0,0.280109882355,1
166,0,0.288218975067,1
166,0,0.336766958237,1
166,0,0.345711946487,1
166,0,0.371878147125,1
166,0,0.281589031219,1
166,0,0.283728122711,1
166,0,0.37348484993,1
166,0,0.344218015671,1
166,0,0.348336219788,1
166,0,0.279534101486,1
167,0,0.281255960464,1
167,0,0.345678091049,1
167,0,0.356156110764,1
167,0,0.362802028656,1
167,0,0.284198999405,1
167,0,0.279364109039,1
167,0,0.411188840866,1
167,0,0.355277776718,1
167,0,0.346745967865,1
167,0,0.273255109787,1
168,0,0.286406993866,1
168,0,0.334334135056,1
168,0,0.35330080986,1
168,0,0.35472202301,1
168,0,0.277825832367,1
168,0,0.278172016144,1
168,0,0.372271060944,1
168,0,0.354995012283,1
168,0,0.339730024338,1
168,0,0.285409927368,1
169,0,0.277626037598,1
169,0,0.344553947449,1
169,0,0.358184099197,1
169,0,0.36444401741,1
169,0,0.287091970444,1
169,0,0.275562047958,1
169,0,0.370111942291,1
169,0,0.362258911133,1
169,0,0.351200819016,1
169,0,0.281981945038,1
170,0,0.380174875259,1
170,0,0.294676780701,1
170,0,0.362215042114,1
170,0,0.290246009827,1
170,0,0.356025934219,1
170,0,0.377241849899,1
170,0,0.378139972687,1
170,0,0.347086906433,1
170,0,0.3490691185,1
170,0,0.293753147125,1
171,0,0.364716053009,1
171,0,0.283510923386,1
171,0,0.357408046722,1
171,0,0.28259396553,1
171,0,0.359418153763,1
171,0,0.399125814438,1
171,0,0.37561917305,1
171,0,0.36994600296,1
171,0,0.346847057343,1
171,0,0.285135984421,1
172,0,0.352958202362,1
172,0,0.283342123032,1
172,0,0.349979162216,1
172,0,0.290755033493,1
172,0,0.359776973724,1
172,0,0.369304895401,1
172,0,0.37647485733,1
172,0,0.357302904129,1
172,0,0.360670089722,1
172,0,0.281226873398,1
173,0,0.359717845917,1
173,0,0.285384893417,1
173,0,0.34949016571,1
173,0,0.279138088226,1
173,0,0.368501901627,1
173,0,0.375913143158,1
173,0,0.375939846039,1
173,0,0.360864877701,1
173,0,0.35097193718,1
173,0,0.276865959167,1
174,0,0.362128973007,1
174,0,0.287266016006,1
174,0,0.352472066879,1
174,0,0.28173995018,1
174,0,0.362021923065,1
174,0,0.373017072678,1
174,0,0.388604164124,1
174,0,0.374601125717,1
174,0,0.362498044968,1
174,0,0.281895875931,1
175,0,0.294532060623,1
175,0,0.382043838501,1
175,0,0.294992923737,1
175,0,0.296708106995,1
175,0,0.309534072876,1
175,0,0.296580076218,1
175,0,0.373011827469,1
175,0,0.30745100975,1
175,0,0.372772932053,1
175,0,0.381834983826,1
176,0,0.298480033875,1
176,0,0.384144067764,1
176,0,0.290406942368,1
176,0,0.295114994049,1
176,0,0.297195911407,1
176,0,0.298341989517,1
176,0,0.36952996254,1
176,0,0.289971828461,1
176,0,0.368532896042,1
176,0,0.396216869354,1
177,0,0.292407989502,1
177,0,0.384613037109,1
177,0,0.297470092773,1
177,0,0.297304868698,1
177,0,0.301681995392,1
177,0,0.303586006165,1
177,0,0.37565612793,1
177,0,0.294591188431,1
177,0,0.383833885193,1
177,0,0.388367891312,1
178,0,0.297151088715,1
178,0,0.390028953552,1
178,0,0.298762798309,1
178,0,0.299339056015,1
178,0,0.294532060623,1
178,0,0.298254966736,1
178,0,0.377310991287,1
178,0,0.298450946808,1
178,0,0.369520902634,1
178,0,0.390916109085,1
179,0,0.294000148773,1
179,0,0.39063000679,1
179,0,0.294550895691,1
179,0,0.295366048813,1
179,0,0.301588058472,1
179,0,0.295732021332,1
179,0,0.372783184052,1
179,0,0.296315908432,1
179,0,0.374402046204,1
179,0,0.403563022614,1
180,0,0.370744943619,1
180,0,0.299949884415,1
180,0,0.407279968262,1
180,0,0.403995037079,1
180,0,0.407589197159,1
180,0,0.374494075775,1
180,0,0.352432012558,1
180,0,0.307156085968,1
180,0,0.306293964386,1
180,0,0.369086027145,1
181,0,0.379113912582,1
181,0,0.294556856155,1
181,0,0.401206016541,1
181,0,0.405288934708,1
181,0,0.384500980377,1
181,0,0.374277114868,1
181,0,0.369063854218,1
181,0,0.300060987473,1
181,0,0.311146020889,1
181,0,0.418612003326,1
182,0,0.379755973816,1
182,0,0.303848028183,1
182,0,0.406248092651,1
182,0,0.398018121719,1
182,0,0.379361152649,1
182,0,0.371052026749,1
182,0,0.360635042191,1
182,0,0.30391907692,1
182,0,0.299072027206,1
182,0,0.383696079254,1
183,0,0.378912210464,1
183,0,0.292994022369,1
183,0,0.400410890579,1
183,0,0.400254964828,1
183,0,0.373642921448,1
183,0,0.364903926849,1
183,0,0.378809213638,1
183,0,0.301937103271,1
183,0,0.30007815361,1
183,0,0.369736909866,1
184,0,0.382302999496,1
184,0,0.295117139816,1
184,0,0.396296024323,1
184,0,0.39288187027,1
184,0,0.425232172012,1
184,0,0.357928991318,1
184,0,0.367229938507,1
184,0,0.298933029175,1
184,0,0.300317049026,1
184,0,0.369647979736,1
185,0,0.307767868042,1
185,0,0.309640169144,1
185,0,0.304991006851,1
185,0,0.415118932724,1
185,0,0.372934103012,1
185,0,0.301759004593,1
185,0,0.37490606308,1
185,0,0.314987897873,1
185,0,0.308359861374,1
185,0,0.385299921036,1
186,0,0.316635847092,1
186,0,0.305866003036,1
186,0,0.315351009369,1
186,0,0.408262968063,1
186,0,0.397031068802,1
186,0,0.313206911087,1
186,0,0.384781837463,1
186,0,0.316655158997,1
186,0,0.315299987793,1
186,0,0.388143777847,1
187,0,0.30793595314,1
187,0,0.314435958862,1
187,0,0.311735153198,1
187,0,0.412124872208,1
187,0,0.377434968948,1
187,0,0.305372953415,1
187,0,0.377982139587,1
187,0,0.300779104233,1
187,0,0.306056976318,1
187,0,0.392884016037,1
188,0,0.29564499855,1
188,0,0.304801940918,1
188,0,0.302938938141,1
188,0,0.408674001694,1
188,0,0.372005939484,1
188,0,0.305343866348,1
188,0,0.37906908989,1
188,0,0.30894112587,1
188,0,0.301602125168,1
188,0,0.375431060791,1
189,0,0.308623075485,1
189,0,0.293409824371,1
189,0,0.303274869919,1
189,0,0.407845973969,1
189,0,0.389383077621,1
189,0,0.295287847519,1
189,0,0.367944002151,1
189,0,0.300651073456,1
189,0,0.330261945724,1
189,0,0.440567970276,1
190,0,0.418207168579,1
190,0,0.410338163376,1
190,0,0.317050933838,1
190,0,0.31210398674,1
190,0,0.312164068222,1
190,0,0.321488857269,1
190,0,0.315519809723,1
190,0,0.314821004868,1
190,0,0.422235965729,1
190,0,0.405448913574,1
191,0,0.427324056625,1
191,0,0.405772924423,1
191,0,0.312835931778,1
191,0,0.324355840683,1
191,0,0.31544303894,1
191,0,0.319207906723,1
191,0,0.307717084885,1
191,0,0.309022903442,1
191,0,0.425028800964,1
191,0,0.390115022659,1
192,0,0.394132852554,1
192,0,0.393064022064,1
192,0,0.313650131226,1
192,0,0.316101074219,1
192,0,0.362119913101,1
192,0,0.317714929581,1
192,0,0.315613031387,1
192,0,0.310916900635,1
192,0,0.419899940491,1
192,0,0.384762048721,1
193,0,0.410215139389,1
193,0,0.42099404335,1
193,0,0.313889980316,1
193,0,0.310315132141,1
193,0,0.315104007721,1
193,0,0.308537960052,1
193,0,0.309195041656,1
193,0,0.302663087845,1
193,0,0.414714813232,1
193,0,0.401000022888,1
194,0,0.394764184952,1
194,0,0.422245979309,1
194,0,0.314666986465,1
194,0,0.310412168503,1
194,0,0.311653137207,1
194,0,0.324890851974,1
194,0,0.317127943039,1
194,0,0.343451023102,1
194,0,0.448798894882,1
194,0,0.388610124588,1
195,0,0.321812152863,1
195,0,0.409710884094,1
195,0,0.417712211609,1
195,0,0.423887014389,1
195,0,0.440392017365,1
195,0,0.395817995071,1
195,0,0.40235209465,1
195,0,0.392799854279,1
195,0,0.408566951752,1
195,0,0.303833007812,1
196,0,0.301625967026,1
196,0,0.399547815323,1
196,0,0.401543855667,1
196,0,0.417626142502,1
196,0,0.41134095192,1
196,0,0.38863492012,1
196,0,0.423810958862,1
196,0,0.406595945358,1
196,0,0.403620004654,1
196,0,0.303661108017,1
197,0,0.305810928345,1
197,0,0.408092021942,1
197,0,0.396193027496,1
197,0,0.408153057098,1
197,0,0.420238018036,1
197,0,0.408853054047,1
197,0,0.405837059021,1
197,0,0.401556015015,1
197,0,0.401145935059,1
197,0,0.310133934021,1
198,0,0.309698104858,1
198,0,0.415372848511,1
198,0,0.406215906143,1
198,0,0.428871154785,1
198,0,0.41472196579,1
198,0,0.389578104019,1
198,0,0.419167995453,1
198,0,0.400414943695,1
198,0,0.419636011124,1
198,0,0.307327985764,1
199,0,0.313481807709,1
199,0,0.410430908203,1
199,0,0.42253613472,1
199,0,0.42244887352,1
199,0,0.416013002396,1
199,0,0.411369085312,1
199,0,0.441291093826,1
199,0,0.46487903595,1
199,0,0.402884960175,1
199,0,0.314460992813,1
200,0,0.438177108765,1
200,0,0.421209096909,1
200,0,0.438825130463,1
200,0,0.331142902374,1
200,0,0.416855096817,1
200,0,0.408805131912,1
200,0,0.318884134293,1
200,0,0.322744846344,1
200,0,0.408241987228,1
200,0,0.320387840271,1
201,0,0.423391103745,1
201,0,0.400057077408,1
201,0,0.439049959183,1
201,0,0.323674917221,1
201,0,0.411635875702,1
201,0,0.40735411644,1
201,0,0.329270839691,1
201,0,0.319627046585,1
201,0,0.416093111038,1
201,0,0.322751998901,1
202,0,0.417927026749,1
202,0,0.403625965118,1
202,0,0.439602851868,1
202,0,0.32485294342,1
202,0,0.413089990616,1
202,0,0.397421836853,1
202,0,0.321043014526,1
202,0,0.319149017334,1
202,0,0.420525789261,1
202,0,0.317780017853,1
203,0,0.423172950745,1
203,0,0.416496038437,1
203,0,0.433310985565,1
203,0,0.316359043121,1
203,0,0.413431167603,1
203,0,0.397917985916,1
203,0,0.320402145386,1
203,0,0.320992946625,1
203,0,0.42778801918,1
203,0,0.319972991943,1
204,0,0.423321008682,1
204,0,0.416393041611,1
204,0,0.438690900803,1
204,0,0.316778898239,1
204,0,0.40781879425,1
204,0,0.425446987152,1
204,0,0.368385076523,1
204,0,0.318803071976,1
204,0,0.405751943588,1
204,0,0.312660932541,1
205,0,0.445187091827,1
205,0,0.336982965469,1
205,0,0.328849077225,1
205,0,0.42097902298,1
205,0,0.426327943802,1
205,0,0.339324951172,1
205,0,0.346026182175,1
205,0,0.447321891785,1
205,0,0.332636117935,1
205,0,0.458549976349,1
206,0,0.457458972931,1
206,0,0.330950975418,1
206,0,0.336453914642,1
206,0,0.407487154007,1
206,0,0.435240983963,1
206,0,0.328501939774,1
206,0,0.325085878372,1
206,0,0.449559926987,1
206,0,0.325888872147,1
206,0,0.442571878433,1
207,0,0.457865953445,1
207,0,0.339559078217,1
207,0,0.329961061478,1
207,0,0.417093038559,1
207,0,0.425142049789,1
207,0,0.325525045395,1
207,0,0.324702978134,1
207,0,0.452680826187,1
207,0,0.336731910706,1
207,0,0.435381174088,1
208,0,0.454142808914,1
208,0,0.326631069183,1
208,0,0.326880931854,1
208,0,0.422618150711,1
208,0,0.436337947845,1
208,0,0.327505111694,1
208,0,0.32563495636,1
208,0,0.460396051407,1
208,0,0.323961019516,1
208,0,0.459090948105,1
209,0,0.45112991333,1
209,0,0.32097697258,1
209,0,0.331977128983,1
209,0,0.404464006424,1
209,0,0.432688951492,1
209,0,0.390305042267,1
209,0,0.322900056839,1
209,0,0.44522190094,1
209,0,0.327539920807,1
209,0,0.454800844193,1
210,0,0.335914134979,1
210,0,0.340409040451,1
210,0,0.452186822891,1
210,0,0.430569887161,1
210,0,0.338239908218,1
210,0,0.456233024597,1
210,0,0.347258090973,1
210,0,0.449614048004,1
210,0,0.455431938171,1
210,0,0.454571962357,1
211,0,0.339970111847,1
211,0,0.335510015488,1
211,0,0.429988861084,1
211,0,0.409938097,1
211,0,0.330945968628,1
211,0,0.46008515358,1
211,0,0.353371143341,1
211,0,0.452234983444,1
211,0,0.439249038696,1
211,0,0.460154056549,1
212,0,0.341867923737,1
212,0,0.33265709877,1
212,0,0.432420015335,1
212,0,0.421912908554,1
212,0,0.33300614357,1
212,0,0.441689968109,1
212,0,0.337208032608,1
212,0,0.430835008621,1
212,0,0.430031061172,1
212,0,0.450355052948,1
213,0,0.336550951004,1
213,0,0.330044984818,1
213,0,0.446314096451,1
213,0,0.405376195908,1
213,0,0.336042881012,1
213,0,0.441511869431,1
213,0,0.339935064316,1
213,0,0.427752017975,1
213,0,0.430282115936,1
213,0,0.457566022873,1
214,0,0.328642129898,1
214,0,0.325638055801,1
214,0,0.443863868713,1
214,0,0.458150863647,1
214,0,0.401247024536,1
214,0,0.440541028976,1
214,0,0.337154865265,1
214,0,0.424460887909,1
214,0,0.441105127335,1
214,0,0.450122833252,1
215,0,0.456216096878,1
215,0,0.453634023666,1
215,0,0.436034202576,1
215,0,0.474649906158,1
215,0,0.346159934998,1
215,0,0.345782995224,1
215,0,0.445503950119,1
215,0,0.480877161026,1
215,0,0.337270021439,1
215,0,0.346647977829,1
216,0,0.460121870041,1
216,0,0.436944961548,1
216,0,0.426172971725,1
216,0,0.438657045364,1
216,0,0.331871032715,1
216,0,0.321965932846,1
216,0,0.429270029068,1
216,0,0.451251029968,1
216,0,0.331305027008,1
216,0,0.341962099075,1
217,0,0.432069063187,1
217,0,0.436429023743,1
217,0,0.400182962418,1
217,0,0.449616909027,1
217,0,0.334542989731,1
217,0,0.339427947998,1
217,0,0.433061122894,1
217,0,0.471827030182,1
217,0,0.335775852203,1
217,0,0.338094949722,1
218,0,0.441948890686,1
218,0,0.452928066254,1
218,0,0.446721076965,1
218,0,0.4553129673,1
218,0,0.340375185013,1
218,0,0.332525968552,1
218,0,0.446504116058,1
218,0,0.481726884842,1
218,0,0.332957983017,1
218,0,0.32931303978,1
219,0,0.428597927094,1
219,0,0.441103935242,1
219,0,0.432608127594,1
219,0,0.515328168869,1
219,0,0.333700895309,1
219,0,0.33297085762,1
219,0,0.428936004639,1
219,0,0.46897482872,1
219,0,0.33687710762,1
219,0,0.335386037827,1
220,0,0.349969863892,1
220,0,0.363419055939,1
220,0,0.352937936783,1
220,0,0.446810007095,1
220,0,0.436980962753,1
220,0,0.354048013687,1
220,0,0.458126068115,1
220,0,0.446718931198,1
220,0,0.360282182693,1
220,0,0.429127931595,1
221,0,0.352272033691,1
221,0,0.352255105972,1
221,0,0.344165802002,1
221,0,0.44239783287,1
221,0,0.430166006088,1
221,0,0.352305173874,1
221,0,0.470991849899,1
221,0,0.440806865692,1
221,0,0.36225104332,1
221,0,0.438304901123,1
222,0,0.349047899246,1
222,0,0.349492788315,1
222,0,0.345077991486,1
222,0,0.445493936539,1
222,0,0.441747188568,1
222,0,0.342826128006,1
222,0,0.439972162247,1
222,0,0.436634063721,1
222,0,0.34114408493,1
222,0,0.444278001785,1
223,0,0.338699102402,1
223,0,0.35241317749,1
223,0,0.348737955093,1
223,0,0.463772058487,1
223,0,0.44487118721,1
223,0,0.352760076523,1
223,0,0.456823825836,1
223,0,0.453638076782,1
223,0,0.346172094345,1
223,0,0.445020914078,1
224,0,0.354834079742,1
224,0,0.360263109207,1
224,0,0.427525043488,1
224,0,0.468751907349,1
224,0,0.438579082489,1
224,0,0.355797052383,1
224,0,0.476040124893,1
224,0,0.434569835663,1
224,0,0.350463867188,1
224,0,0.453998088837,1
225,0,0.35995388031,1
225,0,0.470780134201,1
225,0,0.507349014282,1
225,0,0.502912044525,1
225,0,0.364549875259,1
225,0,0.359862089157,1
225,0,0.36221408844,1
225,0,0.488679885864,1
225,0,0.463000059128,1
225,0,0.509174108505,1
226,0,0.353479146957,1
226,0,0.475666046143,1
226,0,0.480540990829,1
226,0,0.504447937012,1
226,0,0.361253976822,1
226,0,0.35135102272,1
226,0,0.352988004684,1
226,0,0.466182947159,1
226,0,0.45684504509,1
226,0,0.494328975677,1
227,0,0.356502056122,1
227,0,0.470170021057,1
227,0,0.494709014893,1
227,0,0.480618953705,1
227,0,0.356595993042,1
227,0,0.349184036255,1
227,0,0.350478887558,1
227,0,0.472309827805,1
227,0,0.471656084061,1
227,0,0.490813970566,1
228,0,0.360410928726,1
228,0,0.484951972961,1
228,0,0.487754106522,1
228,0,0.507640838623,1
228,0,0.351059913635,1
228,0,0.352515935898,1
228,0,0.351907968521,1
228,0,0.447384119034,1
228,0,0.476179122925,1
228,0,0.486857891083,1
229,0,0.350391149521,1
229,0,0.563749074936,1
229,0,0.497902154922,1
229,0,0.507396936417,1
229,0,0.347506046295,1
229,0,0.359481096268,1
229,0,0.353360891342,1
229,0,0.473603963852,1
229,0,0.474174022675,1
229,0,0.482331991196,1
230,0,0.372189044952,1
230,0,0.477166891098,1
230,0,0.511736869812,1
230,0,0.457860946655,1
230,0,0.36832690239,1
230,0,0.354933977127,1
230,0,0.365295886993,1
230,0,0.499275922775,1
230,0,0.468271017075,1
230,0,0.505338191986,1
231,0,0.373688936234,1
231,0,0.49408698082,1
231,0,0.516069173813,1
231,0,0.472382068634,1
231,0,0.380607128143,1
231,0,0.365268945694,1
231,0,0.359771966934,1
231,0,0.517107009888,1
231,0,0.4692299366,1
231,0,0.46275806427,1
232,0,0.355110168457,1
232,0,0.460376977921,1
232,0,0.488718032837,1
232,0,0.459923028946,1
232,0,0.35142993927,1
232,0,0.356544971466,1
232,0,0.349877119064,1
232,0,0.509526968002,1
232,0,0.449575185776,1
232,0,0.477079153061,1
233,0,0.355942964554,1
233,0,0.464632034302,1
233,0,0.49497795105,1
233,0,0.451855897903,1
233,0,0.358623027802,1
233,0,0.355236053467,1
233,0,0.347116947174,1
233,0,0.502410888672,1
233,0,0.482095956802,1
233,0,0.482904911041,1
234,0,0.435137987137,1
234,0,0.452819108963,1
234,0,0.502872943878,1
234,0,0.456840991974,1
234,0,0.354012012482,1
234,0,0.358927965164,1
234,0,0.346731901169,1
234,0,0.500827074051,1
234,0,0.465131044388,1
234,0,0.462142944336,1
